DATE,HT,AT,WINNER,HS,AS,Q1H,Q1A,Q1T,Q2H,Q2A,Q2T,Q3H,Q3A,Q3T,Q4H,Q4A,Q4T,OTH,OTA,P1H,P1A,P2H,P2A,P1T,P2T,HTT,FTT,GAPA1Q,GAPA2Q,GAPA3Q,GAPA4Q,GAPT
13.12.2019,Barcelona,Panathinaikos,Barcelona,98,86,28,23,51,27,24,51,16,18,34,27,21,48,,,55,47,43,39,102,82,102,82,5,4,6,12,12
13.12.2019,Lyon-Villeurbanne,Olimpia Milano,Lyon-Villeurbanne,89,82,20,24,44,18,21,39,32,16,48,19,21,40,,,38,45,51,37,83,88,83,88,4,6,9,7,7
13.12.2019,Bayern,Zenit Petersburg,Bayern,77,69,14,15,29,23,20,43,24,15,39,16,19,35,,,37,35,40,34,72,74,72,74,1,5,11,8,8
13.12.2019,Zalgiris Kaunas,Valencia,Valencia,82,86,21,19,40,27,28,55,9,17,26,25,22,47,,,48,47,34,39,95,73,95,73,2,13,7,4,4
12.12.2019,Real Madrid,Olympiacos,Real Madrid,93,77,21,10,31,20,20,40,31,18,49,21,29,50,,,41,30,52,47,71,99,71,99,11,22,24,16,16
12.12.2019,Maccabi Tel Aviv,CSKA Moscow,Maccabi Tel Aviv,90,80,20,29,49,25,23,48,21,12,33,24,16,40,,,45,52,45,28,97,73,97,73,9,7,2,10,10
12.12.2019,Crvena zvezda mts,Baskonia,Baskonia,64,72,14,20,34,17,12,29,12,24,36,21,16,37,,,31,32,33,40,63,73,63,73,6,1,13,8,8
12.12.2019,Fenerbahce,Anadolu Efes,Anadolu Efes,73,81,22,20,42,16,18,34,11,21,32,24,22,46,,,38,38,35,43,76,78,76,78,2,3,10,8,8
12.12.2019,Khimki M.,Alba Berlin,Khimki M.,104,87,23,32,55,31,19,50,23,12,35,27,24,51,,,54,51,50,36,105,86,105,86,9,1,14,17,17
06.12.2019,Baskonia,Anadolu Efes,Anadolu Efes,77,102,16,26,42,19,29,48,18,21,39,24,26,50,,,35,55,42,47,90,89,90,89,10,13,23,25,25
06.12.2019,Panathinaikos,Olympiacos,Panathinaikos,99,93,18,17,35,28,22,50,17,22,39,23,25,48,13,7,46,39,40,47,85,87,85,87,1,1,2,0,6
06.12.2019,Fenerbahce,Alba Berlin,Fenerbahce,107,102,30,16,46,11,24,35,24,22,46,23,26,49,19,14,41,40,47,48,81,95,81,95,14,7,3,0,5
06.12.2019,Khimki M.,Barcelona,Barcelona,94,102,22,31,53,26,30,56,22,23,45,24,18,42,,,48,61,46,41,109,87,109,87,9,15,14,8,8
06.12.2019,Zenit Petersburg,Lyon-Villeurbanne,Zenit Petersburg,75,70,17,15,32,13,21,34,23,13,36,22,21,43,,,30,36,45,34,66,79,66,79,2,9,4,5,5
05.12.2019,Real Madrid,Valencia,Real Madrid,111,99,30,29,59,23,20,43,27,21,48,31,29,60,,,53,49,58,50,102,108,102,108,1,9,10,12,12
05.12.2019,Olimpia Milano,Crvena zvezda mts,Crvena zvezda mts,67,77,18,20,38,22,19,41,10,18,28,17,20,37,,,40,39,27,38,79,65,79,65,2,12,7,10,10
05.12.2019,Maccabi Tel Aviv,Bayern,Maccabi Tel Aviv,77,55,22,18,40,19,8,27,12,21,33,24,8,32,,,41,26,36,29,67,65,67,65,4,10,6,22,22
05.12.2019,CSKA Moscow,Zalgiris Kaunas,CSKA Moscow,85,82,9,17,26,23,14,37,19,19,38,18,19,37,16,13,32,31,37,38,63,75,63,75,8,6,1,0,3
29.11.2019,Barcelona,CSKA Moscow,CSKA Moscow,67,96,20,18,38,18,33,51,12,25,37,17,20,37,,,38,51,29,45,89,74,89,74,2,22,26,29,29
29.11.2019,Olympiacos,Olimpia Milano,Olympiacos,91,70,15,19,34,25,18,43,31,16,47,20,17,37,,,40,37,51,33,77,84,77,84,4,14,18,21,21
29.11.2019,Anadolu Efes,Bayern,Anadolu Efes,104,75,30,22,52,27,18,45,19,18,37,28,17,45,,,57,40,47,35,97,82,97,82,8,7,18,29,29
29.11.2019,Zenit Petersburg,Real Madrid,Real Madrid,71,86,19,22,41,18,22,40,19,22,41,15,20,35,,,37,44,34,42,81,76,81,76,3,10,10,15,15
28.11.2019,Maccabi Tel Aviv,Lyon-Villeurbanne,Maccabi Tel Aviv,93,62,20,17,37,23,17,40,24,13,37,26,15,41,,,43,34,50,28,77,78,77,78,3,16,20,31,31
28.11.2019,Alba Berlin,Zalgiris Kaunas,Alba Berlin,69,62,15,7,22,17,19,36,15,20,35,22,16,38,,,32,26,37,36,58,73,58,73,8,11,1,7,7
28.11.2019,Panathinaikos,Baskonia,Panathinaikos,100,68,20,17,37,26,19,45,26,15,41,28,17,45,,,46,36,54,32,82,86,82,86,3,18,21,32,32
28.11.2019,Crvena zvezda mts,Valencia,Crvena zvezda mts,76,73,17,19,36,20,22,42,23,10,33,16,22,38,,,37,41,39,32,78,71,78,71,2,2,9,3,3
28.11.2019,Fenerbahce,Khimki M.,Fenerbahce,89,76,28,24,52,16,25,41,21,6,27,24,21,45,,,44,49,45,27,93,72,93,72,4,4,10,13,13
22.11.2019,Barcelona,Maccabi Tel Aviv,Barcelona,96,73,21,18,39,22,28,50,31,20,51,22,7,29,,,43,46,53,27,89,80,89,80,3,7,8,23,23
22.11.2019,Baskonia,Zenit Petersburg,Baskonia,70,60,15,18,33,19,10,29,18,16,34,18,16,34,,,34,28,36,32,62,68,62,68,3,8,8,10,10
22.11.2019,Real Madrid,CSKA Moscow,Real Madrid,97,81,23,19,42,29,29,58,23,16,39,22,17,39,,,52,48,45,33,100,78,100,78,4,3,11,16,16
22.11.2019,Lyon-Villeurbanne,Fenerbahce,Fenerbahce,72,88,16,19,35,20,29,49,16,19,35,20,21,41,,,36,48,36,40,84,76,84,76,3,12,15,16,16
22.11.2019,Bayern,Panathinaikos,Panathinaikos,75,87,24,16,40,11,20,31,18,29,47,22,22,44,,,35,36,40,51,71,91,71,91,8,4,12,12,12
21.11.2019,Valencia,Khimki M.,Valencia,89,84,26,33,59,25,15,40,21,22,43,17,14,31,,,51,48,38,36,99,74,99,74,7,10,2,5,5
21.11.2019,Olimpia Milano,Anadolu Efes,Anadolu Efes,76,81,17,16,33,22,25,47,21,21,42,16,19,35,,,39,41,37,40,80,77,80,77,1,4,2,5,5
21.11.2019,Alba Berlin,Olympiacos,Olympiacos,80,99,17,30,47,21,25,46,19,21,40,23,23,46,,,38,55,42,44,93,86,93,86,13,13,19,19,19
21.11.2019,Zalgiris Kaunas,Crvena zvezda mts,Crvena zvezda mts,59,61,21,16,37,10,17,27,15,14,29,13,14,27,,,31,33,28,28,64,56,64,56,5,5,1,2,2
20.11.2019,Barcelona,Fenerbahce,Barcelona,89,63,25,15,40,19,15,34,23,10,33,22,23,45,,,44,30,45,33,74,78,74,78,10,15,27,26,26
20.11.2019,Baskonia,CSKA Moscow,Baskonia,80,70,24,19,43,21,23,44,17,17,34,18,11,29,,,45,42,35,28,87,63,87,63,5,7,3,10,10
19.11.2019,Real Madrid,Khimki M.,Real Madrid,104,76,31,25,56,34,17,51,27,14,41,12,20,32,,,65,42,39,34,107,73,107,73,6,3,36,28,28
19.11.2019,Valencia,Zenit Petersburg,Valencia,94,90,15,16,31,18,22,40,24,25,49,37,27,64,,,33,38,61,52,71,113,71,113,1,23,6,4,4
19.11.2019,Lyon-Villeurbanne,Anadolu Efes,Anadolu Efes,84,90,22,25,47,23,21,44,21,24,45,18,20,38,,,45,46,39,44,91,83,91,83,3,7,4,6,6
19.11.2019,Olimpia Milano,Maccabi Tel Aviv,Olimpia Milano,92,88,21,21,42,26,21,47,24,22,46,21,24,45,,,47,42,45,46,89,91,89,91,0,3,7,4,4
19.11.2019,Bayern,Olympiacos,Bayern,85,82,23,17,40,20,27,47,12,19,31,30,19,49,,,43,44,42,38,87,80,87,80,6,2,8,3,3
19.11.2019,Alba Berlin,Crvena zvezda mts,Alba Berlin,93,80,21,15,36,25,19,44,21,20,41,26,26,52,,,46,34,47,46,80,93,80,93,6,13,13,13,13
19.11.2019,Zalgiris Kaunas,Panathinaikos,Panathinaikos,85,86,16,19,35,17,22,39,20,23,43,32,22,54,,,33,41,52,45,74,97,74,97,3,11,11,1,1
15.11.2019,Valencia,Bayern,Valencia,82,56,20,16,36,19,13,32,20,18,38,23,9,32,,,39,29,43,27,68,70,68,70,4,14,12,26,26
15.11.2019,Olympiacos,Zalgiris Kaunas,Olympiacos,83,74,19,18,37,18,21,39,23,16,39,23,19,42,,,37,39,46,35,76,81,76,81,1,7,5,9,9
15.11.2019,Crvena zvezda mts,Lyon-Villeurbanne,Lyon-Villeurbanne,72,74,16,14,30,20,18,38,18,15,33,11,18,29,7,9,36,32,29,33,68,62,68,62,2,3,7,0,2
15.11.2019,CSKA Moscow,Fenerbahce,CSKA Moscow,88,70,21,17,38,18,17,35,25,15,40,24,21,45,,,39,34,49,36,73,85,73,85,4,15,15,18,18
14.11.2019,Baskonia,Maccabi Tel Aviv,Maccabi Tel Aviv,83,113,21,28,49,11,27,38,26,31,57,25,27,52,,,32,55,51,58,87,109,87,109,7,4,28,30,30
14.11.2019,Real Madrid,Barcelona,Real Madrid,86,76,32,14,46,16,36,52,23,14,37,15,12,27,,,48,50,38,26,98,64,98,64,18,12,7,10,10
14.11.2019,Panathinaikos,Alba Berlin,Alba Berlin,105,106,31,31,62,18,27,45,20,16,36,19,14,33,17,18,49,58,39,30,107,69,107,69,0,19,5,0,1
14.11.2019,Anadolu Efes,Zenit Petersburg,Anadolu Efes,90,88,21,14,35,21,16,37,27,20,47,21,38,59,,,42,30,48,58,72,106,72,106,7,18,19,2,2
14.11.2019,Khimki M.,Olimpia Milano,Khimki M.,87,79,22,25,47,25,26,51,18,14,32,22,14,36,,,47,51,40,28,98,68,98,68,3,11,0,8,8
08.11.2019,Lyon-Villeurbanne,CSKA Moscow,Lyon-Villeurbanne,67,66,12,17,29,21,13,34,17,22,39,17,14,31,,,33,30,34,36,63,70,63,70,5,4,2,1,1
08.11.2019,Panathinaikos,Valencia,Panathinaikos,91,80,26,18,44,19,17,36,23,29,52,23,16,39,,,45,35,46,45,80,91,80,91,8,11,4,11,11
08.11.2019,Zalgiris Kaunas,Barcelona,Barcelona,86,93,20,23,43,20,24,44,21,19,40,25,27,52,,,40,47,46,46,87,92,87,92,3,1,5,7,7
08.11.2019,Fenerbahce,Bayern,Fenerbahce,90,82,18,15,33,22,24,46,21,23,44,29,20,49,,,40,39,50,43,79,93,79,93,3,11,1,8,8
07.11.2019,Olimpia Milano,Baskonia,Olimpia Milano,81,74,14,19,33,26,15,41,16,19,35,25,21,46,,,40,34,41,40,74,81,74,81,5,7,3,7,7
07.11.2019,Maccabi Tel Aviv,Alba Berlin,Maccabi Tel Aviv,104,78,21,19,40,31,18,49,31,18,49,21,23,44,,,52,37,52,41,89,93,89,93,2,15,28,26,26
07.11.2019,Olympiacos,Anadolu Efes,Anadolu Efes,67,86,24,21,45,11,32,43,23,14,37,9,19,28,,,35,53,32,33,88,65,88,65,3,21,9,19,19
07.11.2019,Crvena zvezda mts,Real Madrid,Real Madrid,60,75,9,12,21,18,21,39,25,16,41,8,26,34,,,27,33,33,42,60,75,60,75,3,0,3,15,15
07.11.2019,Zenit Petersburg,Khimki M.,Khimki M.,73,87,28,28,56,15,24,39,17,16,33,13,19,32,,,43,52,30,35,95,65,95,65,0,22,8,14,14
01.11.2019,Baskonia,Bayern,Baskonia,93,60,29,10,39,23,19,42,14,18,32,27,13,40,,,52,29,41,31,81,72,81,72,19,12,19,33,33
01.11.2019,Real Madrid,Alba Berlin,Real Madrid,85,71,28,14,42,14,24,38,22,18,40,21,15,36,,,42,38,43,33,80,76,80,76,14,5,8,14,14
01.11.2019,Olympiacos,Maccabi Tel Aviv,Maccabi Tel Aviv,65,90,21,24,45,19,21,40,16,23,39,9,22,31,,,40,45,25,45,85,70,85,70,3,20,12,25,25
01.11.2019,Olimpia Milano,Barcelona,Olimpia Milano,83,70,15,20,35,15,17,32,22,21,43,31,12,43,,,30,37,53,33,67,86,67,86,5,16,6,13,13
01.11.2019,Valencia,Lyon-Villeurbanne,Valencia,81,72,16,18,34,19,18,37,21,16,37,25,20,45,,,35,36,46,36,71,82,71,82,2,10,4,9,9
01.11.2019,Fenerbahce,Zalgiris Kaunas,Zalgiris Kaunas,76,79,17,17,34,23,16,39,19,19,38,17,27,44,,,40,33,36,46,73,82,73,82,0,3,7,3,3
01.11.2019,Zenit Petersburg,CSKA Moscow,CSKA Moscow,70,87,15,26,41,22,22,44,22,13,35,11,26,37,,,37,48,33,39,85,72,85,72,11,15,2,17,17
31.10.2019,Panathinaikos,Anadolu Efes,Panathinaikos,86,70,24,19,43,18,19,37,21,16,37,23,16,39,,,42,38,44,32,80,76,80,76,5,6,9,16,16
31.10.2019,Crvena zvezda mts,Khimki M.,Crvena zvezda mts,90,78,28,22,50,22,19,41,30,15,45,10,22,32,,,50,41,40,37,91,77,91,77,6,1,24,12,12
30.10.2019,Barcelona,Valencia,Barcelona,83,77,21,19,40,23,22,45,18,24,42,21,12,33,,,44,41,39,36,85,75,85,75,2,2,3,6,6
30.10.2019,Bayern,Real Madrid,Bayern,95,86,22,20,42,19,18,37,26,19,45,28,29,57,,,41,38,54,48,79,102,79,102,2,16,10,9,9
30.10.2019,Maccabi Tel Aviv,Fenerbahce,Maccabi Tel Aviv,67,55,12,6,18,29,15,44,11,20,31,15,14,29,,,41,21,26,34,62,60,62,60,6,5,11,12,12
30.10.2019,Zalgiris Kaunas,Zenit Petersburg,Zenit Petersburg,70,82,18,14,32,10,14,24,15,16,31,19,18,37,8,20,28,28,34,34,56,68,56,68,4,6,1,0,12
30.10.2019,CSKA Moscow,Olympiacos,Olympiacos,79,84,24,18,42,15,25,40,21,21,42,19,20,39,,,39,43,40,41,82,81,82,81,6,3,4,5,5
29.10.2019,Lyon-Villeurbanne,Baskonia,Lyon-Villeurbanne,66,63,16,23,39,14,13,27,18,13,31,18,14,32,,,30,36,36,27,66,63,66,63,7,0,1,3,3
29.10.2019,Alba Berlin,Olimpia Milano,Olimpia Milano,78,81,18,17,35,15,9,24,17,27,44,28,28,56,,,33,26,45,55,59,100,59,100,1,19,3,3,3
29.10.2019,Anadolu Efes,Crvena zvezda mts,Anadolu Efes,85,70,21,9,30,17,17,34,18,25,43,29,19,48,,,38,26,47,44,64,91,64,91,12,21,5,15,15
29.10.2019,Khimki M.,Panathinaikos,Khimki M.,103,86,25,29,54,25,26,51,27,18,45,26,13,39,,,50,55,53,31,105,84,105,84,4,2,4,17,17
25.10.2019,Baskonia,Olympiacos,Baskonia,82,66,23,21,44,18,15,33,17,13,30,24,17,41,,,41,36,41,30,77,71,77,71,2,5,9,16,16
25.10.2019,Olimpia Milano,Fenerbahce,Olimpia Milano,87,74,20,11,31,21,18,39,25,26,51,21,19,40,,,41,29,46,45,70,91,70,91,9,17,11,13,13
25.10.2019,Alba Berlin,CSKA Moscow,CSKA Moscow,66,82,15,17,32,19,22,41,8,22,30,24,21,45,,,34,39,32,43,73,75,73,75,2,7,19,16,16
25.10.2019,Zalgiris Kaunas,Lyon-Villeurbanne,Zalgiris Kaunas,70,56,14,20,34,19,8,27,22,17,39,15,11,26,,,33,28,37,28,61,65,61,65,6,9,10,14,14
24.10.2019,Crvena zvezda mts,Barcelona,Barcelona,65,73,16,12,28,20,21,41,13,24,37,16,16,32,,,36,33,29,40,69,69,69,69,4,4,8,8,8
24.10.2019,Bayern,Khimki M.,Khimki M.,74,87,19,17,36,18,27,45,18,26,44,19,17,36,,,37,44,37,43,81,80,81,80,2,7,15,13,13
24.10.2019,Maccabi Tel Aviv,Valencia,Maccabi Tel Aviv,76,63,18,11,29,15,17,32,23,16,39,20,19,39,,,33,28,43,35,61,78,61,78,7,15,12,13,13
24.10.2019,Anadolu Efes,Real Madrid,Anadolu Efes,76,60,15,11,26,14,20,34,27,19,46,20,10,30,,,29,31,47,29,60,76,60,76,4,16,6,16,16
24.10.2019,Zenit Petersburg,Panathinaikos,Panathinaikos,79,89,20,22,42,18,18,36,22,25,47,19,24,43,,,38,40,41,49,78,90,78,90,2,1,5,10,10
18.10.2019,Barcelona,Alba Berlin,Barcelona,103,84,19,25,44,27,19,46,26,17,43,31,23,54,,,46,44,57,40,90,97,90,97,6,13,11,19,19
18.10.2019,Valencia,Anadolu Efes,Anadolu Efes,78,83,27,23,50,19,16,35,17,30,47,15,14,29,,,46,39,32,44,85,76,85,76,4,7,6,5,5
18.10.2019,Olympiacos,Zenit Petersburg,Zenit Petersburg,68,77,19,20,39,17,18,35,11,15,26,17,11,28,4,13,36,38,28,26,74,54,74,54,1,10,6,0,9
17.10.2019,Bayern,Lyon-Villeurbanne,Bayern,104,63,30,13,43,27,22,49,26,16,42,21,12,33,,,57,35,47,28,92,75,92,75,17,12,32,41,41
17.10.2019,Panathinaikos,Olimpia Milano,Olimpia Milano,78,79,20,24,44,18,14,32,19,23,42,21,18,39,,,38,38,40,41,76,81,76,81,4,2,4,1,1
17.10.2019,Maccabi Tel Aviv,Crvena zvezda mts,Maccabi Tel Aviv,84,69,24,13,37,15,17,32,16,17,33,12,20,32,17,2,39,30,28,37,69,65,69,65,11,2,8,0,15
17.10.2019,Fenerbahce,Baskonia,Fenerbahce,87,80,22,22,44,17,14,31,24,22,46,24,22,46,,,39,36,48,44,75,92,75,92,0,12,5,7,7
17.10.2019,CSKA Moscow,Khimki M.,CSKA Moscow,99,86,29,20,49,25,24,49,22,16,38,23,26,49,,,54,44,45,42,98,87,98,87,9,1,16,13,13
17.10.2019,Zalgiris Kaunas,Real Madrid,Zalgiris Kaunas,86,73,18,15,33,20,19,39,19,26,45,29,13,42,,,38,34,48,39,72,87,72,87,3,14,3,13,13
11.10.2019,Olimpia Milano,Zalgiris Kaunas,Olimpia Milano,85,81,23,7,30,20,29,49,21,23,44,21,22,43,,,43,36,42,45,79,87,79,87,16,6,5,4,4
11.10.2019,Olympiacos,Valencia,Olympiacos,89,63,31,22,53,23,8,31,18,14,32,17,19,36,,,54,30,35,33,84,68,84,68,9,5,28,26,26
11.10.2019,Anadolu Efes,Alba Berlin,Anadolu Efes,106,105,27,25,52,16,15,31,26,32,58,26,23,49,11,10,43,40,52,55,83,107,83,107,2,12,3,0,1
11.10.2019,Khimki M.,Baskonia,Khimki M.,79,76,27,17,44,16,22,38,19,16,35,17,21,38,,,43,39,36,37,82,73,82,73,10,3,7,3,3
11.10.2019,Zenit Petersburg,Barcelona,Barcelona,63,87,20,19,39,20,24,44,16,16,32,7,28,35,,,40,43,23,44,83,67,83,67,1,20,3,24,24
10.10.2019,Real Madrid,Maccabi Tel Aviv,Real Madrid,86,85,22,22,44,28,22,50,15,21,36,21,20,41,,,50,44,36,41,94,77,94,77,0,8,0,1,1
10.10.2019,Lyon-Villeurbanne,Panathinaikos,Lyon-Villeurbanne,79,78,22,22,44,18,24,42,10,17,27,29,15,44,,,40,46,39,32,86,71,86,71,0,7,13,1,1
10.10.2019,Crvena zvezda mts,Fenerbahce,Crvena zvezda mts,68,56,15,16,31,20,14,34,16,13,29,17,13,30,,,35,30,33,26,65,59,65,59,1,3,8,12,12
10.10.2019,CSKA Moscow,Bayern,CSKA Moscow,79,68,22,18,40,25,22,47,13,10,23,19,18,37,,,47,40,32,28,87,60,87,60,4,8,10,11,11
04.10.2019,Valencia,CSKA Moscow,CSKA Moscow,71,96,17,24,41,21,26,47,16,26,42,17,20,37,,,38,50,33,46,88,79,88,79,7,17,22,25,25
04.10.2019,Lyon-Villeurbanne,Olympiacos,Lyon-Villeurbanne,82,63,21,24,45,19,9,28,16,14,30,26,16,42,,,40,33,42,30,73,72,73,72,3,9,9,19,19
04.10.2019,Alba Berlin,Zenit Petersburg,Alba Berlin,85,65,24,18,42,23,13,36,20,19,39,18,15,33,,,47,31,38,34,78,72,78,72,6,7,17,20,20
04.10.2019,Anadolu Efes,Barcelona,Barcelona,64,74,14,19,33,12,18,30,20,12,32,18,25,43,,,26,37,38,37,63,75,63,75,5,1,3,10,10
04.10.2019,Zalgiris Kaunas,Baskonia,Baskonia,58,70,19,19,38,11,18,29,16,18,34,12,15,27,,,30,37,28,33,67,61,67,61,0,9,9,12,12
03.10.2019,Real Madrid,Fenerbahce,Real Madrid,81,77,30,21,51,13,21,34,21,13,34,17,22,39,,,43,42,38,35,85,73,85,73,9,4,9,4,4
03.10.2019,Bayern,Olimpia Milano,Bayern,78,64,22,23,45,20,11,31,19,16,35,17,14,31,,,42,34,36,30,76,66,76,66,1,2,11,14,14
03.10.2019,Panathinaikos,Crvena zvezda mts,Panathinaikos,87,82,14,17,31,23,18,41,29,18,47,21,29,50,,,37,35,50,47,72,97,72,97,3,15,13,5,5
03.10.2019,Khimki M.,Maccabi Tel Aviv,Khimki M.,89,83,24,21,45,24,19,43,27,21,48,14,22,36,,,48,40,41,43,88,84,88,84,3,1,14,6,6
19.05.2019,Anadolu Efes SK,CSKA Moscow,CSKA Moscow,83,91,20,29,49,22,15,37,20,24,44,21,23,44,,,42,44,41,47,86,88,86,174,9,3,6,8,8
19.05.2019,Fenerbahce Ulker,Real Madrid,Real Madrid,5,94,16,24,40,24,14,38,23,31,54,12,25,37,,,40,38,35,56,78,91,78,169,8,3,6,19,89
17.05.2019,CSKA Moscow,Real Madrid,CSKA Moscow,95,90,18,22,40,25,23,48,22,28,50,30,17,47,,,43,45,52,45,88,97,88,185,4,7,8,5,5
17.05.2019,Fenerbahce Ulker,Anadolu Efes SK,Anadolu Efes SK,73,92,20,19,39,20,26,46,17,23,40,16,24,40,,,40,45,33,47,85,80,85,165,1,12,11,19,19
01.05.2019,Anadolu Efes SK,Barcelona,Anadolu Efes SK,80,71,23,28,51,24,14,38,14,15,29,19,14,33,,,47,42,33,29,89,62,89,151,5,9,4,9,9
26.04.2019,Barcelona,Anadolu Efes SK,Barcelona,82,72,15,22,37,21,16,37,27,12,39,19,22,41,,,36,38,46,34,74,80,74,154,7,8,13,10,10
26.04.2019,Baskonia,CSKA Moscow,CSKA Moscow,83,92,22,20,42,26,19,45,23,29,52,12,24,36,,,48,39,35,53,87,88,87,175,2,4,3,9,9
25.04.2019,Zalgiris Kaunas,Fenerbahce Ulker,Fenerbahce Ulker,82,99,16,30,46,25,19,44,20,23,43,21,27,48,,,41,49,41,50,90,91,90,181,14,8,11,17,17
24.04.2019,Barcelona,Anadolu Efes SK,Anadolu Efes SK,68,102,20,26,46,19,26,45,18,32,50,11,18,29,,,39,52,29,50,91,79,91,170,6,23,27,34,34
24.04.2019,Baskonia,CSKA Moscow,CSKA Moscow,77,84,18,28,46,21,18,39,20,16,36,18,22,40,,,39,46,38,38,85,76,85,161,10,8,3,7,7
23.04.2019,Panathinaikos,Real Madrid,Real Madrid,82,89,18,23,41,23,13,36,17,22,39,24,31,55,,,41,36,41,53,77,94,77,171,5,5,0,7,7
23.04.2019,Zalgiris Kaunas,Fenerbahce Ulker,Fenerbahce Ulker,57,66,19,15,34,15,16,31,12,18,30,11,17,28,,,34,31,23,35,65,58,65,123,4,8,3,9,9
19.04.2019,Real Madrid,Panathinaikos,Real Madrid,78,63,21,8,29,14,18,32,26,15,41,17,22,39,,,35,26,43,37,61,80,61,141,13,17,20,15,15
19.04.2019,Anadolu Efes SK,Barcelona,Barcelona,72,74,16,19,35,18,19,37,25,24,49,13,12,25,,,34,38,38,36,72,74,72,146,3,0,3,2,2
18.04.2019,Fenerbahce Ulker,Zalgiris Kaunas,Zalgiris Kaunas,80,82,21,20,41,18,26,44,19,27,46,22,9,31,,,39,46,41,36,85,77,85,162,1,5,15,2,2
18.04.2019,CSKA Moscow,Baskonia,Baskonia,68,78,18,27,45,19,15,34,15,24,39,16,12,28,,,37,42,31,36,79,67,79,146,9,11,14,10,10
17.04.2019,Real Madrid,Panathinaikos,Real Madrid,75,72,21,17,38,22,18,40,15,17,32,17,20,37,,,43,35,32,37,78,69,78,147,4,3,6,3,3
17.04.2019,Anadolu Efes SK,Barcelona,Anadolu Efes SK,75,68,26,15,41,14,21,35,18,13,31,17,19,36,,,40,36,35,32,76,67,76,143,11,1,9,7,7
16.04.2019,Fenerbahce Ulker,Zalgiris Kaunas,Fenerbahce Ulker,76,43,15,13,28,23,8,31,21,14,35,17,8,25,,,38,21,38,22,59,60,59,119,2,17,24,33,33
16.04.2019,CSKA Moscow,Baskonia,CSKA Moscow,94,68,23,24,47,21,16,37,29,12,41,21,16,37,,,44,40,50,28,84,78,84,162,1,10,21,26,26
05.04.2019,Barcelona,Khimki,Barcelona,83,74,21,32,53,23,11,34,10,15,25,29,16,45,,,44,43,39,31,87,70,87,157,11,4,4,9,9
05.04.2019,Olympiacos,Darussafaka Ct,Olympiacos,99,74,20,28,48,25,16,41,30,12,42,24,18,42,,,45,44,54,30,89,84,89,173,8,10,19,25,25
05.04.2019,Bayern,Gran Canaria,Bayern,84,77,26,20,46,18,15,33,29,18,47,11,24,35,,,44,35,40,42,79,82,79,161,6,5,20,7,7
05.04.2019,Fenerbahce Ulker,Maccabi Tel Aviv,Fenerbahce Ulker,78,75,20,20,40,21,21,42,10,18,28,27,16,43,,,41,41,37,34,82,71,82,153,0,4,8,3,3
04.04.2019,Real Madrid,Zalgiris Kaunas,Zalgiris Kaunas,86,93,27,25,52,10,21,31,23,20,43,26,27,53,,,37,46,49,47,83,96,83,179,2,3,6,7,7
04.04.2019,Panathinaikos,Buducnost,Panathinaikos,87,67,23,21,44,26,15,41,17,20,37,21,11,32,,,49,36,38,31,85,69,85,154,2,2,10,20,20
04.04.2019,Anadolu Efes SK,Olimpia Milano,Anadolu Efes SK,101,95,24,20,44,18,33,51,32,16,48,27,26,53,,,42,53,59,42,95,101,95,196,4,6,5,6,6
04.04.2019,CSKA Moscow,Baskonia,CSKA Moscow,82,78,17,21,38,23,23,46,15,22,37,27,12,39,,,40,44,42,34,84,76,84,160,4,2,11,4,4
29.03.2019,Baskonia,Anadolu Efes SK,Anadolu Efes SK,92,102,26,30,56,27,18,45,14,26,40,25,28,53,,,53,48,39,54,101,93,101,194,4,9,7,10,10
29.03.2019,Olympiacos,Zalgiris Kaunas,Zalgiris Kaunas,68,72,18,16,34,20,18,38,13,14,27,17,24,41,,,38,34,30,38,72,68,72,140,2,4,3,4,4
29.03.2019,Darussafaka Ct,Bayern,Darussafaka Ct,92,87,14,27,41,30,23,53,21,17,38,27,20,47,,,44,50,48,37,94,85,94,179,13,2,2,5,5
29.03.2019,Khimki,CSKA Moscow,CSKA Moscow,72,80,15,23,38,22,26,48,14,15,29,21,16,37,,,37,49,35,31,86,66,86,152,8,14,13,8,8
28.03.2019,Barcelona,Buducnost,Barcelona,95,83,21,22,43,23,24,47,28,23,51,23,14,37,,,44,46,51,37,90,88,90,178,1,5,3,12,12
28.03.2019,Olimpia Milano,Fenerbahce Ulker,Fenerbahce Ulker,90,104,17,22,39,25,30,55,26,21,47,22,31,53,,,42,52,48,52,94,100,94,194,5,4,5,14,14
28.03.2019,Maccabi Tel Aviv,Gran Canaria,Maccabi Tel Aviv,90,55,21,9,30,27,21,48,16,15,31,26,10,36,,,48,30,42,25,78,67,78,145,12,12,19,35,35
28.03.2019,Panathinaikos,Real Madrid,Real Madrid,73,74,32,14,46,13,19,32,14,20,34,14,21,35,,,45,33,28,41,78,69,78,147,18,5,6,1,1
22.03.2019,Olimpia Milano,Panathinaikos,Panathinaikos,83,95,20,23,43,27,21,48,17,28,45,19,23,42,,,47,44,36,51,91,87,91,178,3,8,8,12,12
22.03.2019,Baskonia,Real Madrid,Baskonia,86,76,22,18,40,17,18,35,25,17,42,22,23,45,,,39,36,47,40,75,87,75,162,4,11,11,10,10
22.03.2019,Zalgiris Kaunas,Darussafaka Ct,Zalgiris Kaunas,94,67,22,18,40,27,12,39,19,16,35,26,21,47,,,49,30,45,37,79,82,79,161,4,15,22,27,27
22.03.2019,Khimki,Maccabi Tel Aviv,Maccabi Tel Aviv,71,76,24,15,39,15,25,40,16,19,35,16,17,33,,,39,40,32,36,79,68,79,147,9,8,4,5,5
21.03.2019,Gran Canaria,Olympiacos,Gran Canaria,90,67,19,16,35,21,14,35,29,16,45,21,21,42,,,40,30,50,37,70,87,70,157,3,20,23,23,23
21.03.2019,Bayern,Barcelona,Bayern,73,71,18,19,37,14,17,31,17,20,37,24,15,39,,,32,36,41,35,68,76,68,144,1,5,7,2,2
21.03.2019,Buducnost,Anadolu Efes SK,Anadolu Efes SK,84,91,19,27,46,21,26,47,18,18,36,26,20,46,,,40,53,44,38,93,82,93,175,8,9,13,7,7
21.03.2019,CSKA Moscow,Fenerbahce Ulker,CSKA Moscow,70,68,14,18,32,22,17,39,16,13,29,18,20,38,,,36,35,34,33,71,67,71,138,4,1,4,2,2
20.03.2019,Real Madrid,Olimpia Milano,Real Madrid,92,89,19,33,52,31,23,54,24,19,43,18,14,32,,,50,56,42,33,106,75,106,181,14,14,1,3,3
20.03.2019,Maccabi Tel Aviv,Zalgiris Kaunas,Zalgiris Kaunas,83,85,23,19,42,22,17,39,14,21,35,24,28,52,,,45,36,38,49,81,87,81,168,4,2,2,2,2
20.03.2019,Panathinaikos,Baskonia,Panathinaikos,72,70,26,10,36,22,17,39,8,21,29,16,22,38,,,48,27,24,43,75,67,75,142,16,3,8,2,2
20.03.2019,Darussafaka Ct,Khimki,Darussafaka Ct,91,85,17,23,40,31,23,54,15,19,34,28,20,48,,,48,46,43,39,94,82,94,176,6,3,2,6,6
19.03.2019,Barcelona,Gran Canaria,Barcelona,93,64,22,19,41,16,16,32,25,11,36,30,18,48,,,38,35,55,29,73,84,73,157,3,20,17,29,29
19.03.2019,Olympiacos,Bayern,Olympiacos,89,69,20,10,30,30,21,51,22,17,39,17,21,38,,,50,31,39,38,81,77,81,158,10,8,24,20,20
19.03.2019,Fenerbahce Ulker,Buducnost,Fenerbahce Ulker,76,67,19,16,35,17,23,40,22,19,41,18,9,27,,,36,39,40,28,75,68,75,143,3,1,0,9,9
19.03.2019,Anadolu Efes SK,CSKA Moscow,CSKA Moscow,78,80,20,15,35,15,25,40,23,21,44,20,19,39,,,35,40,43,40,75,83,75,158,5,3,3,2,2
15.03.2019,Baskonia,Buducnost,Baskonia,82,62,23,15,38,16,19,35,25,15,40,18,13,31,,,39,34,43,28,73,71,73,144,8,9,15,20,20
15.03.2019,Fenerbahce Ulker,Barcelona,Fenerbahce Ulker,88,82,16,23,39,21,15,36,15,23,38,36,21,57,,,37,38,51,44,75,95,75,170,7,13,9,6,6
15.03.2019,CSKA Moscow,Panathinaikos,Panathinaikos,77,78,20,18,38,21,17,38,18,23,41,18,20,38,,,41,35,36,43,76,79,76,155,2,1,1,1,1
14.03.2019,Gran Canaria,Darussafaka Ct,Gran Canaria,84,64,15,18,33,22,12,34,23,17,40,24,17,41,,,37,30,47,34,67,81,67,148,3,17,13,20,20
14.03.2019,Olimpia Milano,Olympiacos,Olimpia Milano,66,57,19,10,29,4,13,17,26,16,42,17,18,35,,,23,23,43,34,46,77,46,123,9,20,10,9,9
14.03.2019,Maccabi Tel Aviv,Anadolu Efes SK,Anadolu Efes SK,71,79,18,13,31,23,26,49,17,19,36,13,21,34,,,41,39,30,40,80,70,80,150,5,9,0,8,8
14.03.2019,Zalgiris Kaunas,Bayern,Zalgiris Kaunas,85,79,22,20,42,26,15,41,21,18,39,16,26,42,,,48,35,37,44,83,81,83,164,2,2,16,6,6
14.03.2019,Khimki,Real Madrid,Real Madrid,75,100,22,24,46,16,27,43,12,19,31,25,30,55,,,38,51,37,49,89,86,89,175,2,14,20,25,25
08.03.2019,Baskonia,Khimki,Baskonia,104,86,22,17,39,18,24,42,38,16,54,26,29,55,,,40,41,64,45,81,109,81,190,5,23,21,18,18
08.03.2019,Buducnost,Olympiacos,Olympiacos,76,89,21,27,48,13,24,37,20,22,42,22,16,38,,,34,51,42,38,85,80,85,165,6,9,19,13,13
08.03.2019,Anadolu Efes SK,Barcelona,Anadolu Efes SK,92,70,24,12,36,18,19,37,22,22,44,28,17,45,,,42,31,50,39,73,89,73,162,12,19,11,22,22
08.03.2019,CSKA Moscow,Olimpia Milano,CSKA Moscow,101,95,27,24,51,24,19,43,25,23,48,25,29,54,,,51,43,50,52,94,102,94,196,3,7,10,6,6
07.03.2019,Real Madrid,Fenerbahce Ulker,Real Madrid,101,86,27,25,52,25,20,45,25,16,41,24,25,49,,,52,45,49,41,97,90,97,187,2,4,16,15,15
07.03.2019,Bayern,Maccabi Tel Aviv,Maccabi Tel Aviv,70,77,17,18,35,14,15,29,16,25,41,23,19,42,,,31,33,39,44,64,83,64,147,1,6,11,7,7
07.03.2019,Zalgiris Kaunas,Gran Canaria,Zalgiris Kaunas,98,64,25,10,35,21,17,38,31,18,49,21,19,40,,,46,27,52,37,73,89,73,162,15,25,32,34,34
07.03.2019,Darussafaka Ct,Panathinaikos,Panathinaikos,67,91,17,20,37,20,26,46,16,20,36,14,25,39,,,37,46,30,45,83,75,83,158,3,16,13,24,24
01.03.2019,Barcelona,Real Madrid,Barcelona,77,70,16,17,33,26,20,46,14,14,28,21,19,40,,,42,37,35,33,79,68,79,147,1,2,5,7,7
01.03.2019,Olympiacos,CSKA Moscow,CSKA Moscow,81,97,23,21,44,27,30,57,14,21,35,17,25,42,,,50,51,31,46,101,77,101,178,2,20,8,16,16
01.03.2019,Buducnost,Bayern,Bayern,75,89,17,25,42,27,16,43,15,25,40,16,23,39,,,44,41,31,48,85,79,85,164,8,10,7,14,14
28.02.2019,Gran Canaria,Panathinaikos,Panathinaikos,80,99,26,28,54,19,22,41,21,23,44,14,26,40,,,45,50,35,49,95,84,95,179,2,15,7,19,19
28.02.2019,Baskonia,Zalgiris Kaunas,Baskonia,80,73,17,12,29,23,13,36,19,27,46,21,21,42,,,40,25,40,48,65,88,65,153,5,15,7,7,7
28.02.2019,Maccabi Tel Aviv,Darussafaka Ct,Maccabi Tel Aviv,77,58,18,10,28,20,13,33,19,18,37,20,17,37,,,38,23,39,35,61,74,61,135,8,16,16,19,19
28.02.2019,Fenerbahce Ulker,Anadolu Efes SK,Fenerbahce Ulker,84,66,20,17,37,23,12,35,14,18,32,27,19,46,,,43,29,41,37,72,78,72,150,3,12,10,18,18
28.02.2019,Khimki,Olimpia Milano,Olimpia Milano,88,90,25,20,45,29,25,54,19,20,39,15,25,40,,,54,45,34,45,99,79,99,178,5,11,8,2,2
22.02.2019,Real Madrid,Bayern,Real Madrid,91,78,22,17,39,20,22,42,29,13,42,20,26,46,,,42,39,49,39,81,88,81,169,5,10,19,13,13
22.02.2019,Panathinaikos,Khimki,Panathinaikos,94,85,33,21,54,32,29,61,13,17,30,16,18,34,,,65,50,29,35,115,64,115,179,12,21,11,9,9
22.02.2019,Zalgiris Kaunas,Buducnost,Zalgiris Kaunas,84,76,20,18,38,19,18,37,21,26,47,24,14,38,,,39,36,45,40,75,85,75,160,2,9,2,8,8
22.02.2019,Darussafaka Ct,Fenerbahce Ulker,Fenerbahce Ulker,75,97,12,26,38,23,20,43,13,27,40,27,24,51,,,35,46,40,51,81,91,81,172,14,6,25,22,22
21.02.2019,Barcelona,Baskonia,Barcelona,77,67,22,9,31,24,17,41,16,19,35,15,22,37,,,46,26,31,41,72,72,72,144,13,5,17,10,10
21.02.2019,Olimpia Milano,Maccabi Tel Aviv,Olimpia Milano,87,83,20,22,42,27,25,52,17,15,32,23,21,44,,,47,47,40,36,94,76,94,170,2,7,2,4,4
21.02.2019,Anadolu Efes SK,Olympiacos,Anadolu Efes SK,75,65,18,22,40,18,13,31,20,14,34,19,16,35,,,36,35,39,30,71,69,71,140,4,4,7,10,10
21.02.2019,CSKA Moscow,Gran Canaria,CSKA Moscow,107,85,29,20,49,27,22,49,27,22,49,24,21,45,,,56,42,51,43,98,94,98,192,9,9,19,22,22
08.02.2019,Olimpia Milano,Darussafaka Ct,Olimpia Milano,90,78,19,17,36,21,19,40,20,25,45,30,17,47,,,40,36,50,42,76,92,76,168,2,14,1,12,12
08.02.2019,Baskonia,Bayern,Baskonia,76,68,19,16,35,19,21,40,21,16,37,17,15,32,,,38,37,38,31,75,69,75,144,3,1,6,8,8
08.02.2019,Fenerbahce Ulker,Panathinaikos,Fenerbahce Ulker,85,66,24,18,42,24,11,35,15,17,32,22,20,42,,,48,29,37,37,77,74,77,151,6,8,17,19,19
08.02.2019,CSKA Moscow,Real Madrid,CSKA Moscow,82,78,22,20,42,12,20,32,30,21,51,18,17,35,,,34,40,48,38,74,86,74,160,2,8,3,4,4
07.02.2019,Barcelona,Zalgiris Kaunas,Barcelona,78,72,23,20,43,22,18,40,15,24,39,18,10,28,,,45,38,33,34,83,67,83,150,3,5,2,6,6
07.02.2019,Maccabi Tel Aviv,Olympiacos,Maccabi Tel Aviv,65,64,14,16,30,12,13,25,19,13,32,20,22,42,,,26,29,39,35,55,74,55,129,2,10,3,1,1
07.02.2019,Buducnost,Khimki,Khimki,90,98,20,22,42,26,23,49,19,23,42,25,30,55,,,46,45,44,53,91,97,91,188,2,1,3,8,8
07.02.2019,Anadolu Efes SK,Gran Canaria,Anadolu Efes SK,93,74,26,19,45,17,27,44,26,14,40,24,14,38,,,43,46,50,28,89,78,89,167,7,4,9,19,19
01.02.2019,Gran Canaria,Olimpia Milano,Olimpia Milano,104,106,28,27,55,18,12,30,21,29,50,22,21,43,,,46,39,43,50,85,93,85,178,1,4,1,0,2
01.02.2019,Panathinaikos,Anadolu Efes SK,Panathinaikos,88,75,24,16,40,18,21,39,19,19,38,27,19,46,,,42,37,46,38,79,84,79,163,8,9,5,13,13
01.02.2019,Darussafaka Ct,Real Madrid,Real Madrid,82,86,16,23,39,22,30,52,21,19,40,23,14,37,,,38,53,44,33,91,77,91,168,7,9,13,4,4
01.02.2019,CSKA Moscow,Buducnost,CSKA Moscow,99,69,28,20,48,24,27,51,20,14,34,27,8,35,,,52,47,47,22,99,69,99,168,8,0,11,30,30
31.01.2019,Baskonia,Maccabi Tel Aviv,Baskonia,97,73,26,18,44,28,23,51,27,16,43,16,16,32,,,54,41,43,32,95,75,95,170,8,2,24,24,24
31.01.2019,Bayern,Fenerbahce Ulker,Bayern,90,86,20,21,41,9,13,22,23,18,41,14,14,28,,,29,34,37,32,63,69,63,132,1,3,0,0,4
31.01.2019,Olympiacos,Barcelona,Barcelona,55,76,6,27,33,22,11,33,15,17,32,12,21,33,,,28,38,27,38,66,65,66,131,21,11,12,21,21
31.01.2019,Khimki,Zalgiris Kaunas,Khimki,74,64,19,17,36,17,20,37,11,19,30,27,8,35,,,36,37,38,27,73,65,73,138,2,1,9,10,10
25.01.2019,Barcelona,CSKA Moscow,CSKA Moscow,76,84,20,20,40,21,24,45,20,19,39,15,21,36,,,41,44,35,40,85,75,85,160,0,9,2,8,8
25.01.2019,Buducnost,Gran Canaria,Buducnost,75,70,27,24,51,9,14,23,25,19,44,14,13,27,,,36,38,39,32,74,71,74,145,3,1,4,5,5
25.01.2019,Darussafaka Ct,Baskonia,Darussafaka Ct,80,75,21,29,50,24,18,42,18,14,32,17,14,31,,,45,47,35,28,92,63,92,155,8,12,2,5,5
25.01.2019,Khimki,Bayern,Bayern,60,71,28,10,38,12,25,37,10,21,31,10,15,25,,,40,35,20,36,75,56,75,131,18,15,6,11,11
24.01.2019,Real Madrid,Anadolu Efes SK,Real Madrid,92,84,21,21,42,21,21,42,22,19,41,28,23,51,,,42,42,50,42,84,92,84,176,0,8,3,8,8
24.01.2019,Olimpia Milano,Zalgiris Kaunas,Olimpia Milano,80,70,21,13,34,13,17,30,18,20,38,28,20,48,,,34,30,46,40,64,86,64,150,8,16,2,10,10
24.01.2019,Maccabi Tel Aviv,Panathinaikos,Maccabi Tel Aviv,84,75,16,17,33,24,18,42,22,19,41,22,21,43,,,40,35,44,40,75,84,75,159,1,9,8,9,9
24.01.2019,Fenerbahce Ulker,Olympiacos,Fenerbahce Ulker,90,75,21,15,36,19,13,32,28,26,54,22,21,43,,,40,28,50,47,68,97,68,165,6,22,14,15,15
18.01.2019,Baskonia,Olimpia Milano,Baskonia,80,75,16,21,37,26,28,54,20,10,30,18,16,34,,,42,49,38,26,91,64,91,155,5,11,3,5,5
18.01.2019,Buducnost,Real Madrid,Buducnost,73,60,19,15,34,17,13,30,20,20,40,17,12,29,,,36,28,37,32,64,69,64,133,4,9,8,13,13
18.01.2019,Zalgiris Kaunas,Panathinaikos,Zalgiris Kaunas,82,69,13,19,32,20,18,38,19,14,33,30,18,48,,,33,37,49,32,70,81,70,151,6,12,1,13,13
18.01.2019,Anadolu Efes SK,Darussafaka Ct,Anadolu Efes SK,82,68,21,14,35,24,11,35,21,20,41,16,23,39,,,45,25,37,43,70,80,70,150,7,12,21,14,14
17.01.2019,Gran Canaria,Fenerbahce Ulker,Fenerbahce Ulker,64,82,19,24,43,13,20,33,19,12,31,13,26,39,,,32,44,32,38,76,70,76,146,5,12,5,18,18
17.01.2019,Maccabi Tel Aviv,Barcelona,Maccabi Tel Aviv,99,83,23,20,43,34,15,49,28,17,45,14,31,45,,,57,35,42,48,92,90,92,182,3,7,33,16,16
17.01.2019,Olympiacos,Khimki,Olympiacos,71,57,20,11,31,12,11,23,23,14,37,16,21,37,,,32,22,39,35,54,74,54,128,9,17,19,14,14
17.01.2019,CSKA Moscow,Bayern,CSKA Moscow,77,70,13,20,33,22,17,39,17,20,37,25,13,38,,,35,37,42,33,72,75,72,147,7,5,5,7,7
11.01.2019,Barcelona,Panathinaikos,Barcelona,79,68,17,13,30,20,23,43,19,16,35,23,16,39,,,37,36,42,32,73,74,73,147,4,6,4,11,11
11.01.2019,Baskonia,Gran Canaria,Baskonia,83,66,16,23,39,23,19,42,16,9,25,28,15,43,,,39,42,44,24,81,68,81,149,7,2,4,17,17
11.01.2019,Bayern,Olimpia Milano,Bayern,93,87,23,22,45,30,23,53,24,23,47,16,19,35,,,53,45,40,42,98,82,98,180,1,5,9,6,6
11.01.2019,Buducnost,Darussafaka Ct,Buducnost,75,74,16,14,30,20,28,48,22,11,33,17,21,38,,,36,42,39,32,78,71,78,149,2,3,5,1,1
11.01.2019,CSKA Moscow,Maccabi Tel Aviv,Maccabi Tel Aviv,76,93,24,22,46,17,24,41,21,18,39,14,29,43,,,41,46,35,47,87,82,87,169,2,11,2,17,17
10.01.2019,Real Madrid,Olympiacos,Real Madrid,94,78,28,23,51,26,23,49,18,17,35,22,15,37,,,54,46,40,32,100,72,100,172,5,6,9,16,16
10.01.2019,Fenerbahce Ulker,Zalgiris Kaunas,Fenerbahce Ulker,78,61,19,11,30,24,18,42,14,15,29,21,17,38,,,43,29,35,32,72,67,72,139,8,6,13,17,17
10.01.2019,Anadolu Efes SK,Khimki,Anadolu Efes SK,81,72,23,16,39,13,18,31,26,17,43,19,21,40,,,36,34,45,38,70,83,70,153,7,11,11,9,9
09.01.2019,Olimpia Milano,Barcelona,Barcelona,85,90,16,17,33,21,19,40,20,29,49,28,25,53,,,37,36,48,54,73,102,73,175,1,12,8,5,5
09.01.2019,Maccabi Tel Aviv,Buducnost,Maccabi Tel Aviv,81,76,12,18,30,22,19,41,25,23,48,22,16,38,,,34,37,47,39,71,86,71,157,6,10,1,5,5
09.01.2019,Panathinaikos,Bayern,Panathinaikos,77,67,22,11,33,21,21,42,16,18,34,18,17,35,,,43,32,34,35,75,69,75,144,11,2,9,10,10
09.01.2019,Darussafaka Ct,CSKA Moscow,CSKA Moscow,65,80,16,25,41,18,19,37,15,16,31,16,20,36,,,34,44,31,36,78,67,78,145,9,13,11,15,15
08.01.2019,Gran Canaria,Real Madrid,Real Madrid,67,75,15,16,31,19,11,30,22,25,47,11,23,34,,,34,27,33,48,61,81,61,142,1,6,4,8,8
08.01.2019,Olympiacos,Baskonia,Olympiacos,91,87,20,22,42,23,25,48,12,15,27,25,18,43,,,43,47,37,33,90,70,90,160,2,10,7,0,4
08.01.2019,Zalgiris Kaunas,Anadolu Efes SK,Anadolu Efes SK,58,79,14,16,30,15,24,39,16,23,39,13,16,29,,,29,40,29,39,69,68,69,137,2,11,18,21,21
08.01.2019,Khimki,Fenerbahce Ulker,Khimki,84,78,13,23,36,25,18,43,19,13,32,15,18,33,,,38,41,34,31,79,65,79,144,10,7,3,0,6
04.01.2019,Barcelona,Darussafaka Ct,Barcelona,97,65,29,16,45,25,10,35,19,18,37,24,20,44,,,54,26,43,38,80,81,80,161,13,17,29,33,32
04.01.2019,Olympiacos,Panathinaikos,Olympiacos,79,65,16,14,30,25,11,36,18,15,33,20,25,45,,,41,25,38,40,66,78,66,144,2,13,19,14,14
04.01.2019,Zalgiris Kaunas,CSKA Moscow,CSKA Moscow,79,84,17,28,45,17,16,33,24,11,35,20,29,49,,,34,44,44,40,78,84,78,162,11,0,3,6,5
04.01.2019,Fenerbahce Ulker,Baskonia,Fenerbahce Ulker,96,87,27,25,52,21,16,37,27,24,51,21,22,43,,,48,41,48,46,89,94,89,183,2,7,10,9,9
03.01.2019,Gran Canaria,Khimki,Khimki,70,99,30,23,53,6,27,33,14,23,37,20,26,46,,,36,50,34,49,86,83,86,169,7,16,23,29,29
03.01.2019,Olimpia Milano,Buducnost,Olimpia Milano,111,94,36,22,58,20,23,43,26,21,47,29,28,57,,,56,45,55,49,101,104,101,205,14,10,16,17,17
03.01.2019,Real Madrid,Maccabi Tel Aviv,Real Madrid,91,79,21,19,40,23,25,48,25,18,43,22,17,39,,,44,44,47,35,88,82,88,170,2,3,7,12,12
03.01.2019,Anadolu Efes SK,Bayern,Anadolu Efes SK,92,77,27,18,45,28,18,46,15,18,33,22,23,45,,,55,36,37,41,91,78,91,169,9,1,16,15,15
28.12.2018,Gran Canaria,Zalgiris Kaunas,Gran Canaria,73,66,20,17,37,16,9,25,21,24,45,16,16,32,,,36,26,37,40,62,77,62,139,3,11,7,7,7
28.12.2018,Bayern,Buducnost,Bayern,93,88,14,21,35,24,28,52,27,21,48,28,18,46,,,38,49,55,39,87,94,87,181,7,6,5,5,5
28.12.2018,Panathinaikos,CSKA Moscow,Panathinaikos,96,84,19,26,45,36,18,54,17,18,35,24,22,46,,,55,44,41,40,99,81,99,180,7,3,10,12,12
28.12.2018,Fenerbahce Ulker,Real Madrid,Fenerbahce Ulker,65,63,22,12,34,10,20,30,16,12,28,17,19,36,,,32,32,33,31,64,64,64,128,10,1,4,2,2
27.12.2018,Barcelona,Anadolu Efes SK,Barcelona,80,65,23,29,52,16,21,37,20,7,27,21,8,29,,,39,50,41,15,89,56,89,145,6,9,2,15,15
27.12.2018,Maccabi Tel Aviv,Olimpia Milano,Maccabi Tel Aviv,94,92,21,24,45,25,24,49,29,27,56,19,17,36,,,46,48,48,44,94,92,94,186,3,0,0,2,2
27.12.2018,Darussafaka Ct,Olympiacos,Darussafaka Ct,79,75,24,12,36,18,19,37,18,22,40,19,22,41,,,42,31,37,44,73,81,73,154,12,6,7,4,4
27.12.2018,Khimki,Baskonia,Baskonia,77,85,19,27,46,17,16,33,22,14,36,19,28,47,,,36,43,41,42,79,83,79,162,8,2,1,8,8
21.12.2018,Bayern,Real Madrid,Real Madrid,72,82,16,27,43,15,19,34,28,19,47,13,17,30,,,31,46,41,36,77,77,77,154,11,5,6,10,10
21.12.2018,Panathinaikos,Olimpia Milano,Olimpia Milano,83,86,23,21,44,17,26,43,16,17,33,27,22,49,,,40,47,43,39,87,82,87,169,2,4,8,3,3
21.12.2018,Zalgiris Kaunas,Maccabi Tel Aviv,Zalgiris Kaunas,80,73,16,16,32,23,17,40,20,20,40,21,20,41,,,39,33,41,40,72,81,72,153,0,8,6,7,7
21.12.2018,Khimki,Darussafaka Ct,Khimki,85,84,30,18,48,15,25,40,24,14,38,16,27,43,,,45,43,40,41,88,81,88,169,12,3,12,1,1
20.12.2018,Baskonia,Barcelona,Barcelona,70,77,16,19,35,23,23,46,16,7,23,15,28,43,,,39,42,31,35,81,66,81,147,3,11,6,7,7
20.12.2018,Buducnost,Fenerbahce Ulker,Fenerbahce Ulker,65,89,20,26,46,20,14,34,15,27,42,10,22,32,,,40,40,25,49,80,74,80,154,6,15,12,24,24
20.12.2018,Olympiacos,Gran Canaria,Olympiacos,98,77,20,14,34,32,19,51,21,21,42,25,23,48,,,52,33,46,44,85,90,85,175,6,13,19,21,21
20.12.2018,CSKA Moscow,Anadolu Efes SK,CSKA Moscow,102,84,31,24,55,25,30,55,21,14,35,25,16,41,,,56,54,46,30,110,76,110,186,7,8,9,18,18
19.12.2018,Real Madrid,Panathinaikos,Real Madrid,89,68,23,10,33,20,21,41,20,24,44,26,13,39,,,43,31,46,37,74,83,74,157,13,15,8,21,21
19.12.2018,Olimpia Milano,Bayern,Bayern,78,80,16,15,31,24,26,50,17,17,34,21,22,43,,,40,41,38,39,81,77,81,158,1,3,1,2,2
19.12.2018,Maccabi Tel Aviv,Khimki,Maccabi Tel Aviv,79,63,16,18,34,19,13,32,26,11,37,18,21,39,,,35,31,44,32,66,76,66,142,2,13,19,16,16
19.12.2018,Darussafaka Ct,Zalgiris Kaunas,Zalgiris Kaunas,71,75,19,15,34,20,18,38,14,16,30,18,26,44,,,39,33,32,42,72,74,72,146,4,1,4,4,4
18.12.2018,Gran Canaria,Baskonia,Baskonia,71,84,27,22,49,8,19,27,18,27,45,18,16,34,,,35,41,36,43,76,79,76,155,5,5,15,13,13
18.12.2018,Barcelona,Olympiacos,Olympiacos,60,69,14,17,31,16,15,31,18,23,41,12,14,26,,,30,32,30,37,62,67,62,129,3,2,7,9,9
18.12.2018,Fenerbahce Ulker,CSKA Moscow,Fenerbahce Ulker,79,75,18,26,44,18,22,40,24,14,38,19,13,32,,,36,48,43,27,84,70,84,154,8,5,2,4,4
18.12.2018,Anadolu Efes SK,Buducnost,Anadolu Efes SK,106,68,29,20,49,20,21,41,32,12,44,25,15,40,,,49,41,57,27,90,84,90,174,9,16,28,38,38
14.12.2018,Gran Canaria,Buducnost,Gran Canaria,95,85,26,20,46,30,14,44,26,23,49,13,28,41,,,56,34,39,51,90,90,90,180,6,5,25,10,10
14.12.2018,Bayern,Zalgiris Kaunas,Bayern,88,84,18,12,30,28,26,54,17,23,40,25,23,48,,,46,38,42,46,84,88,84,172,6,4,2,4,4
14.12.2018,Panathinaikos,Darussafaka Ct,Panathinaikos,75,67,22,16,38,21,16,37,14,21,35,18,14,32,,,43,32,32,35,75,67,75,142,6,0,4,8,8
13.12.2018,Real Madrid,Barcelona,Real Madrid,92,65,22,17,39,31,13,44,16,20,36,23,15,38,,,53,30,39,35,83,74,83,157,5,9,19,27,27
13.12.2018,Maccabi Tel Aviv,Baskonia,Baskonia,79,81,17,22,39,24,14,38,20,18,38,18,27,45,,,41,36,38,45,77,83,77,160,5,2,7,2,2
13.12.2018,Fenerbahce Ulker,Olimpia Milano,Fenerbahce Ulker,92,85,15,21,36,25,19,44,27,18,45,25,27,52,,,40,40,52,45,80,97,80,177,6,12,9,7,7
13.12.2018,CSKA Moscow,Khimki,CSKA Moscow,88,74,24,17,41,25,23,48,26,13,39,13,21,34,,,49,40,39,34,89,73,89,162,7,1,22,14,14
13.12.2018,Olympiacos,Anadolu Efes SK,Olympiacos,88,81,25,12,37,23,34,57,17,22,39,23,13,36,,,48,46,40,35,94,75,94,169,13,6,3,7,7
07.12.2018,Baskonia,CSKA Moscow,Baskonia,76,73,21,21,42,19,17,36,15,17,32,21,18,39,,,40,38,36,35,78,71,78,149,0,2,0,3,3
07.12.2018,Panathinaikos,Fenerbahce Ulker,Fenerbahce Ulker,69,81,12,18,30,21,17,38,19,21,40,17,25,42,,,33,35,36,46,68,82,68,150,6,1,4,12,12
07.12.2018,Anadolu Efes SK,Real Madrid,Real Madrid,82,84,23,23,46,29,22,51,22,15,37,8,24,32,,,52,45,30,39,97,69,97,166,0,15,14,2,2
06.12.2018,Olimpia Milano,Gran Canaria,Gran Canaria,86,94,22,20,42,18,28,46,23,23,46,23,23,46,,,40,48,46,46,88,92,88,180,2,2,8,8,8
06.12.2018,Bayern,Khimki,Bayern,72,65,16,16,32,15,12,27,23,22,45,18,15,33,,,31,28,41,37,59,78,59,137,0,13,4,7,7
06.12.2018,Buducnost,Barcelona,Buducnost,67,64,14,15,29,17,18,35,15,13,28,21,18,39,,,31,33,36,31,64,67,64,131,1,3,0,3,3
06.12.2018,Darussafaka Ct,Maccabi Tel Aviv,Maccabi Tel Aviv,71,73,17,17,34,25,19,44,20,15,35,9,22,31,,,42,36,29,37,78,66,78,144,0,7,11,2,2
06.12.2018,Zalgiris Kaunas,Olympiacos,Zalgiris Kaunas,83,75,19,29,48,21,19,40,20,11,31,23,16,39,,,40,48,43,27,88,70,88,158,10,5,1,8,8
30.11.2018,Barcelona,Fenerbahce Ulker,Fenerbahce Ulker,65,84,17,23,40,19,22,41,11,19,30,18,20,38,,,36,45,29,39,81,68,81,149,6,16,17,19,19
30.11.2018,Olympiacos,Buducnost,Olympiacos,92,70,25,20,45,19,17,36,32,14,46,16,19,35,,,44,37,48,33,81,81,81,162,5,11,25,22,22
30.11.2018,Anadolu Efes SK,Baskonia,Anadolu Efes SK,96,85,25,17,42,19,25,44,31,25,56,21,18,39,,,44,42,52,43,86,95,86,181,8,10,8,11,11
30.11.2018,Khimki,Panathinaikos,Khimki,76,68,29,25,54,19,19,38,11,7,18,17,17,34,,,48,44,28,24,92,52,92,144,4,16,8,8,8
29.11.2018,Real Madrid,CSKA Moscow,CSKA Moscow,88,93,20,24,44,21,14,35,20,29,49,27,26,53,,,41,38,47,55,79,102,79,181,4,9,6,5,5
29.11.2018,Maccabi Tel Aviv,Bayern,Maccabi Tel Aviv,95,71,27,17,44,20,12,32,20,26,46,28,16,44,,,47,29,48,42,76,90,76,166,10,19,12,24,24
29.11.2018,Zalgiris Kaunas,Olimpia Milano,Zalgiris Kaunas,83,78,18,23,41,22,8,30,20,27,47,23,20,43,,,40,31,43,47,71,90,71,161,5,12,2,5,5
29.11.2018,Darussafaka Ct,Gran Canaria,Gran Canaria,71,75,25,22,47,19,12,31,12,23,35,15,18,33,,,44,34,27,41,78,68,78,146,3,7,1,4,4
23.11.2018,Barcelona,Olimpia Milano,Barcelona,90,80,24,25,49,29,17,46,21,12,33,16,26,42,,,53,42,37,38,95,75,95,170,1,5,20,10,10
23.11.2018,Baskonia,Panathinaikos,Baskonia,86,77,20,12,32,24,20,44,29,23,52,13,22,35,,,44,32,42,45,76,87,76,163,8,10,18,9,9
23.11.2018,Buducnost,CSKA Moscow,Buducnost,93,92,17,21,38,18,28,46,30,18,48,28,25,53,,,35,49,58,43,84,101,84,185,4,9,2,1,1
23.11.2018,Zalgiris Kaunas,Khimki,Khimki,83,84,26,19,45,13,18,31,18,21,39,26,26,52,,,39,37,44,47,76,91,76,167,7,7,1,1,1
22.11.2018,Gran Canaria,Bayern,Bayern,74,89,17,21,38,25,25,50,20,15,35,12,28,40,,,42,46,32,43,88,75,88,163,4,14,1,15,15
22.11.2018,Maccabi Tel Aviv,Fenerbahce Ulker,Fenerbahce Ulker,70,74,16,13,29,25,23,48,12,19,31,17,19,36,,,41,36,29,38,77,67,77,144,3,7,2,4,4
22.11.2018,Olympiacos,Real Madrid,Olympiacos,88,83,29,22,51,23,19,42,13,24,37,23,18,41,,,52,41,36,42,93,78,93,171,7,5,0,5,5
22.11.2018,Darussafaka Ct,Anadolu Efes SK,Anadolu Efes SK,88,93,23,19,42,23,23,46,14,32,46,28,19,47,,,46,42,42,51,88,93,88,181,4,0,14,5,5
21.11.2018,Olimpia Milano,Baskonia,Olimpia Milano,93,90,27,26,53,20,17,37,26,25,51,20,22,42,,,47,43,46,47,90,93,90,183,1,3,5,3,3
21.11.2018,Panathinaikos,Barcelona,Panathinaikos,76,70,13,10,23,21,15,36,21,25,46,21,20,41,,,34,25,42,45,59,87,59,146,3,17,5,6,6
21.11.2018,CSKA Moscow,Zalgiris Kaunas,CSKA Moscow,99,97,16,18,34,21,20,41,22,22,44,27,26,53,,,37,38,49,48,75,97,75,172,2,11,1,0,2
21.11.2018,Khimki,Buducnost,Khimki,85,69,18,17,35,27,13,40,20,24,44,20,15,35,,,45,30,40,39,75,79,75,154,1,10,11,16,16
20.11.2018,Real Madrid,Gran Canaria,Real Madrid,89,76,22,28,50,25,15,40,15,14,29,27,19,46,,,47,43,42,33,90,75,90,165,6,1,5,13,13
20.11.2018,Bayern,Olympiacos,Olympiacos,62,72,15,15,30,12,16,28,16,14,30,19,27,46,,,27,31,35,41,58,76,58,134,0,4,2,10,10
20.11.2018,Fenerbahce Ulker,Darussafaka Ct,Fenerbahce Ulker,100,79,25,10,35,21,27,48,22,19,41,32,23,55,,,46,37,54,42,83,96,83,179,15,17,12,21,21
20.11.2018,Anadolu Efes SK,Maccabi Tel Aviv,Anadolu Efes SK,90,77,16,14,30,22,17,39,24,22,46,28,24,52,,,38,31,52,46,69,98,69,167,2,21,9,13,13
16.11.2018,Gran Canaria,Maccabi Tel Aviv,Gran Canaria,84,78,23,15,38,20,23,43,22,19,41,19,21,40,,,43,38,41,40,81,81,81,162,8,3,8,6,6
16.11.2018,Bayern,CSKA Moscow,CSKA Moscow,79,93,23,30,53,17,26,43,25,21,46,14,16,30,,,40,56,39,37,96,76,96,172,7,17,12,14,14
16.11.2018,Zalgiris Kaunas,Barcelona,Barcelona,85,88,18,23,41,16,16,32,16,21,37,26,16,42,,,34,39,42,37,73,79,73,152,5,3,10,0,3
16.11.2018,Anadolu Efes SK,Panathinaikos,Anadolu Efes SK,78,62,19,11,30,25,17,42,16,18,34,18,16,34,,,44,28,34,34,72,68,72,140,8,6,14,16,16
15.11.2018,Real Madrid,Khimki,Real Madrid,79,74,19,12,31,22,23,45,15,20,35,23,19,42,,,41,35,38,39,76,77,76,153,7,3,1,5,5
15.11.2018,Olympiacos,Fenerbahce Ulker,Fenerbahce Ulker,72,73,18,21,39,21,18,39,14,11,25,19,23,42,,,39,39,33,34,78,67,78,145,3,6,3,1,1
15.11.2018,Buducnost,Baskonia,Buducnost,99,84,26,18,44,22,19,41,27,23,50,24,24,48,,,48,37,51,47,85,98,85,183,8,14,15,15,15
15.11.2018,Darussafaka Ct,Olimpia Milano,Olimpia Milano,92,98,19,26,45,30,28,58,20,14,34,23,30,53,,,49,54,43,44,103,87,103,190,7,11,1,6,6
09.11.2018,Baskonia,Fenerbahce Ulker,Fenerbahce Ulker,72,74,20,18,38,13,15,28,22,15,37,17,26,43,,,33,33,39,41,66,80,66,146,2,6,7,2,2
09.11.2018,Panathinaikos,Olympiacos,Panathinaikos,93,80,21,23,44,20,25,45,26,14,40,26,18,44,,,41,48,52,32,89,84,89,173,2,4,5,13,13
09.11.2018,Buducnost,Zalgiris Kaunas,Zalgiris Kaunas,60,72,15,18,33,18,15,33,15,24,39,12,15,27,,,33,33,27,39,66,66,66,132,3,6,9,12,12
09.11.2018,Khimki,Barcelona,Barcelona,80,87,23,19,42,15,19,34,21,29,50,21,20,41,,,38,38,42,49,76,91,76,167,4,4,8,7,7
08.11.2018,Gran Canaria,Anadolu Efes SK,Anadolu Efes SK,90,94,25,24,49,27,26,53,21,20,41,17,24,41,,,52,50,38,44,102,82,102,184,1,12,3,4,4
08.11.2018,Olimpia Milano,CSKA Moscow,CSKA Moscow,85,90,21,16,37,20,24,44,25,23,48,19,27,46,,,41,40,44,50,81,94,81,175,5,4,3,5,5
08.11.2018,Maccabi Tel Aviv,Real Madrid,Real Madrid,66,87,15,18,33,8,23,31,21,25,46,22,21,43,,,23,41,43,46,64,89,64,153,3,2,22,21,21
08.11.2018,Bayern,Darussafaka Ct,Bayern,116,70,21,17,38,33,18,51,33,15,48,29,20,49,,,54,35,62,35,89,97,89,186,4,27,37,46,46
02.11.2018,Olimpia Milano,Anadolu Efes SK,Olimpia Milano,81,80,24,17,41,19,18,37,25,19,44,13,26,39,,,43,35,38,45,78,83,78,161,7,3,14,1,1
02.11.2018,Buducnost,Panathinaikos,Panathinaikos,67,72,15,18,33,16,13,29,16,19,35,20,22,42,,,31,31,36,41,62,77,62,139,3,5,3,5,5
02.11.2018,Zalgiris Kaunas,Real Madrid,Real Madrid,79,90,32,18,50,12,25,37,24,19,43,11,28,39,,,44,43,35,47,87,82,87,169,14,8,6,11,11
02.11.2018,Khimki,Gran Canaria,Khimki,87,72,25,21,46,24,12,36,28,20,48,10,19,29,,,49,33,38,39,82,77,82,159,4,5,24,15,15
01.11.2018,Barcelona,Maccabi Tel Aviv,Barcelona,74,58,18,12,30,16,21,37,25,7,32,15,18,33,,,34,33,40,25,67,65,67,132,6,7,19,16,16
01.11.2018,Fenerbahce Ulker,Bayern,Fenerbahce Ulker,88,84,28,26,54,23,22,45,14,17,31,23,19,42,,,51,48,37,36,99,73,99,172,2,11,0,4,4
01.11.2018,Baskonia,Darussafaka Ct,Baskonia,82,56,16,16,32,22,14,36,26,11,37,18,15,33,,,38,30,44,26,68,70,68,138,0,14,23,26,26
01.11.2018,CSKA Moscow,Olympiacos,CSKA Moscow,69,65,13,15,28,18,20,38,21,9,30,17,21,38,,,31,35,38,30,66,68,66,134,2,3,8,4,4
26.10.2018,Gran Canaria,CSKA Moscow,CSKA Moscow,91,106,29,26,55,26,26,52,22,28,50,14,26,40,,,55,52,36,54,107,90,107,197,3,16,3,15,15
26.10.2018,Panathinaikos,Zalgiris Kaunas,Zalgiris Kaunas,83,87,13,20,33,20,24,44,18,14,32,25,18,43,,,33,44,43,32,77,75,77,152,7,1,7,0,4
26.10.2018,Darussafaka Ct,Barcelona,Barcelona,71,79,18,23,41,22,24,46,24,11,35,7,21,28,,,40,47,31,32,87,63,87,150,5,16,6,8,8
25.10.2018,Olympiacos,Maccabi Tel Aviv,Olympiacos,88,80,18,21,39,27,16,43,23,20,43,20,23,43,,,45,37,43,43,82,86,82,168,3,6,11,8,8
25.10.2018,Real Madrid,Buducnost,Real Madrid,89,55,21,15,36,23,16,39,21,13,34,24,11,35,,,44,31,45,24,75,69,75,144,6,14,21,34,34
25.10.2018,Olimpia Milano,Khimki,Olimpia Milano,81,80,23,20,43,16,25,41,27,17,44,15,18,33,,,39,45,42,35,84,77,84,161,3,3,4,1,1
25.10.2018,Bayern,Baskonia,Bayern,77,71,20,11,31,23,21,44,18,20,38,16,19,35,,,43,32,34,39,75,73,75,148,9,2,9,6,6
25.10.2018,Anadolu Efes SK,Fenerbahce Ulker,Anadolu Efes SK,89,83,12,26,38,26,26,52,28,13,41,23,18,41,,,38,52,51,31,90,82,90,172,14,1,1,6,6
19.10.2018,Real Madrid,Baskonia,Real Madrid,97,79,25,19,44,27,25,52,22,23,45,23,12,35,,,52,44,45,35,96,80,96,176,6,1,7,18,18
19.10.2018,Olympiacos,Olimpia Milano,Olimpia Milano,75,99,26,24,50,15,20,35,22,29,51,12,26,38,,,41,44,34,55,85,89,85,174,2,10,10,24,24
19.10.2018,Zalgiris Kaunas,Fenerbahce Ulker,Fenerbahce Ulker,75,82,25,18,43,17,16,33,15,19,34,18,29,47,,,42,34,33,48,76,81,76,157,7,1,4,7,7
19.10.2018,Khimki,Anadolu Efes SK,Anadolu Efes SK,84,85,21,18,39,16,27,43,18,22,40,29,18,47,,,37,45,47,40,82,87,82,169,3,2,12,1,1
18.10.2018,Barcelona,Bayern,Barcelona,83,73,26,17,43,18,19,37,21,18,39,18,19,37,,,44,36,39,37,80,76,80,156,9,3,11,10,10
18.10.2018,Buducnost,Maccabi Tel Aviv,Maccabi Tel Aviv,68,78,16,14,30,25,20,45,21,24,45,6,20,26,,,41,34,27,44,75,71,75,146,2,7,4,10,10
18.10.2018,Panathinaikos,Gran Canaria,Panathinaikos,102,87,21,14,35,29,22,51,24,19,43,28,32,60,,,50,36,52,51,86,103,86,189,7,16,19,15,15
18.10.2018,CSKA Moscow,Darussafaka Ct,CSKA Moscow,79,75,19,17,36,12,21,33,26,10,36,22,27,49,,,31,38,48,37,69,85,69,154,2,10,9,4,4
17.10.2018,Baskonia,Olympiacos,Olympiacos,80,85,19,27,46,20,23,43,13,17,30,28,18,46,,,39,50,41,35,89,76,89,165,8,9,15,5,5
17.10.2018,Olimpia Milano,Real Madrid,Real Madrid,85,91,28,13,41,22,28,50,14,26,40,21,24,45,,,50,41,35,50,91,85,91,176,15,6,3,6,6
17.10.2018,Fenerbahce Ulker,Khimki,Fenerbahce Ulker,93,85,28,21,49,26,22,48,12,20,32,27,22,49,,,54,43,39,42,97,81,97,178,7,4,3,8,8
17.10.2018,Anadolu Efes SK,Zalgiris Kaunas,Zalgiris Kaunas,79,93,19,19,38,13,27,40,16,22,38,31,25,56,,,32,46,47,47,78,94,78,172,0,1,20,14,14
16.10.2018,Gran Canaria,Barcelona,Gran Canaria,87,86,18,26,44,26,18,44,20,25,45,23,17,40,,,44,44,43,42,88,85,88,173,8,1,5,1,1
16.10.2018,Bayern,Panathinaikos,Bayern,80,79,20,20,40,20,21,41,16,17,33,24,21,45,,,40,41,40,38,81,78,81,159,0,1,2,1,1
16.10.2018,Maccabi Tel Aviv,CSKA Moscow,CSKA Moscow,86,89,22,24,46,24,26,50,22,17,39,18,22,40,,,46,50,40,39,96,79,96,175,2,10,1,3,3
16.10.2018,Darussafaka Ct,Buducnost,Darussafaka Ct,71,63,14,25,39,25,10,35,14,14,28,18,14,32,,,39,35,32,28,74,60,74,134,11,3,4,8,8
12.10.2018,Fenerbahce Ulker,Gran Canaria,Fenerbahce Ulker,97,72,22,10,32,27,25,52,26,23,49,22,14,36,,,49,35,48,37,84,85,84,169,12,13,17,25,25
12.10.2018,Khimki,Olympiacos,Olympiacos,66,87,22,20,42,12,24,36,20,19,39,12,24,36,,,34,44,32,43,78,75,78,153,2,12,9,21,21
12.10.2018,Zalgiris Kaunas,Baskonia,Baskonia,79,87,24,22,46,15,20,35,14,21,35,26,24,50,,,39,42,40,45,81,85,81,166,2,2,10,8,8
12.10.2018,Buducnost,Olimpia Milano,Olimpia Milano,71,82,11,22,33,20,20,40,20,15,35,20,25,45,,,31,42,40,40,73,80,73,153,11,2,6,11,11
11.10.2018,Real Madrid,Darussafaka Ct,Real Madrid,109,93,25,18,43,28,20,48,38,31,69,18,24,42,,,53,38,56,55,91,111,91,202,7,18,22,16,16
11.10.2018,Bayern,Anadolu Efes SK,Anadolu Efes SK,71,90,19,18,37,18,26,44,14,28,42,20,18,38,,,37,44,34,46,81,80,81,161,1,10,21,19,19
11.10.2018,Panathinaikos,Maccabi Tel Aviv,Panathinaikos,89,84,26,24,50,20,21,41,24,22,46,19,17,36,,,46,45,43,39,91,82,91,173,2,2,3,5,5
11.10.2018,CSKA Moscow,Barcelona,CSKA Moscow,95,75,21,17,38,30,12,42,18,29,47,26,17,43,,,51,29,44,46,80,90,80,170,4,15,11,20,20
20.05.2018,Real Madrid,Fenerbahce Ulker,Real Madrid,85,80,21,17,38,17,23,40,25,15,40,22,25,47,,,38,40,47,40,78,87,78,165,4,7,8,5,5
20.05.2018,CSKA Moscow,Zalgiris Kaunas,Zalgiris Kaunas,77,79,19,22,41,16,19,35,13,28,41,29,10,39,,,35,41,42,38,76,80,76,156,3,1,21,2,2
18.05.2018,CSKA Moscow,Real Madrid,Real Madrid,83,92,30,20,50,16,27,43,10,16,26,27,29,56,,,46,47,37,45,93,82,93,175,10,10,7,9,9
18.05.2018,Fenerbahce Ulker,Zalgiris Kaunas,Fenerbahce Ulker,76,67,19,13,32,20,20,40,15,17,32,22,17,39,,,39,33,37,34,72,71,72,143,6,4,4,9,9
27.04.2018,Real Madrid,Panathinaikos,Real Madrid,89,82,19,14,33,32,21,53,27,25,52,11,22,33,,,51,35,38,47,86,85,86,171,5,3,18,7,7
27.04.2018,Khimki,CSKA Moscow,CSKA Moscow,88,89,25,32,57,19,25,44,21,14,35,23,18,41,,,44,57,44,32,101,76,101,177,7,13,6,1,1
26.04.2018,Baskonia,Fenerbahce Ulker,Fenerbahce Ulker,83,92,19,25,44,13,23,36,30,24,54,21,20,41,,,32,48,51,44,80,95,80,175,6,3,10,9,9
26.04.2018,Zalgiris Kaunas,Olympiacos,Zalgiris Kaunas,101,91,23,22,45,28,15,43,27,19,46,23,35,58,,,51,37,50,54,88,104,88,192,1,13,22,10,10
25.04.2018,Khimki,CSKA Moscow,Khimki,79,73,17,15,32,27,27,54,16,15,31,19,16,35,,,44,42,35,31,86,66,86,152,2,7,3,6,6
25.04.2018,Real Madrid,Panathinaikos,Real Madrid,81,74,17,17,34,23,17,40,17,19,36,24,21,45,,,40,34,41,40,74,81,74,155,0,7,4,7,7
24.04.2018,Baskonia,Fenerbahce Ulker,Baskonia,88,83,19,20,39,28,18,46,20,28,48,21,17,38,,,47,38,41,45,85,86,85,171,1,3,1,5,5
24.04.2018,Zalgiris Kaunas,Olympiacos,Zalgiris Kaunas,80,60,21,19,40,26,17,43,20,14,34,13,10,23,,,47,36,33,24,83,57,83,140,2,3,17,20,20
20.04.2018,Olympiacos,Zalgiris Kaunas,Olympiacos,79,68,17,15,32,24,17,41,13,22,35,25,14,39,,,41,32,38,36,73,74,73,147,2,6,0,11,11
20.04.2018,Fenerbahce Ulker,Baskonia,Fenerbahce Ulker,95,89,25,23,48,28,26,54,18,19,37,24,21,45,,,53,49,42,40,102,82,102,184,2,7,3,6,6
19.04.2018,Panathinaikos,Real Madrid,Real Madrid,82,89,21,16,37,19,20,39,21,32,53,21,21,42,,,40,36,42,53,76,95,76,171,5,6,7,7,7
19.04.2018,CSKA Moscow,Khimki,CSKA Moscow,89,84,24,22,46,19,23,42,25,21,46,21,18,39,,,43,45,46,39,88,85,88,173,2,1,2,5,5
18.04.2018,Olympiacos,Zalgiris Kaunas,Zalgiris Kaunas,78,87,23,12,35,15,20,35,18,21,39,16,19,35,,,38,32,34,40,70,74,70,144,11,2,3,0,9
18.04.2018,Fenerbahce Ulker,Baskonia,Fenerbahce Ulker,82,73,21,11,32,22,15,37,22,26,48,17,21,38,,,43,26,39,47,69,86,69,155,10,13,13,9,9
17.04.2018,Panathinaikos,Real Madrid,Panathinaikos,95,67,26,13,39,20,17,37,31,14,45,18,23,41,,,46,30,49,37,76,86,76,162,13,19,33,28,28
17.04.2018,CSKA Moscow,Khimki,CSKA Moscow,98,95,25,34,59,21,20,41,26,21,47,26,20,46,,,46,54,52,41,100,93,100,193,9,2,3,3,3
06.04.2018,Real Madrid,Bamberg,Real Madrid,106,86,27,28,55,26,22,48,29,19,48,24,17,41,,,53,50,53,36,103,89,103,192,1,3,13,20,20
06.04.2018,Valencia,Maccabi Tel Aviv,Valencia,87,84,24,18,42,28,21,49,9,18,27,26,27,53,,,52,39,35,45,91,80,91,171,6,4,4,3,3
06.04.2018,Olympiacos,Zalgiris Kaunas,Zalgiris Kaunas,85,86,25,10,35,18,21,39,16,25,41,21,24,45,,,43,31,37,49,74,86,74,160,15,6,3,0,1
05.04.2018,Barcelona,Khimki,Barcelona,86,82,31,18,49,23,27,50,18,21,39,14,16,30,,,54,45,32,37,99,69,99,168,13,13,6,4,4
05.04.2018,Baskonia,Anadolu Efes SK,Anadolu Efes SK,79,81,18,13,31,14,20,34,19,27,46,28,21,49,,,32,33,47,48,65,95,65,160,5,14,9,2,2
05.04.2018,Olimpia Milano,Panathinaikos,Panathinaikos,95,96,27,18,45,28,24,52,14,19,33,18,26,44,,,55,42,32,45,97,77,97,174,9,10,8,0,1
05.04.2018,Fenerbahce Ulker,Unicaja,Unicaja,91,99,14,22,36,22,25,47,15,12,27,32,24,56,,,36,47,47,36,83,83,83,166,8,0,8,0,8
05.04.2018,CSKA Moscow,Crvena Zvezda,CSKA Moscow,92,81,23,24,47,14,20,34,27,19,46,28,18,46,,,37,44,55,37,81,92,81,173,1,11,1,11,11
30.03.2018,Panathinaikos,Valencia,Panathinaikos,75,56,23,13,36,17,18,35,17,16,33,18,9,27,,,40,31,35,25,71,60,71,131,10,4,10,19,19
30.03.2018,Crvena Zvezda,Real Madrid,Real Madrid,79,82,20,27,47,19,16,35,18,21,39,22,18,40,,,39,43,40,39,82,79,82,161,7,3,7,3,3
30.03.2018,Zalgiris Kaunas,CSKA Moscow,Zalgiris Kaunas,85,73,23,18,41,25,24,49,16,18,34,21,13,34,,,48,42,37,31,90,68,90,158,5,5,4,12,12
30.03.2018,Unicaja,Olympiacos,Unicaja,87,85,19,22,41,28,11,39,7,23,30,20,18,38,,,47,33,27,41,80,68,80,148,3,6,2,0,2
29.03.2018,Baskonia,Maccabi Tel Aviv,Baskonia,83,72,22,18,40,16,16,32,18,19,37,27,19,46,,,38,34,45,38,72,83,72,155,4,11,3,11,11
29.03.2018,Bamberg,Olimpia Milano,Olimpia Milano,78,83,23,28,51,20,15,35,21,17,38,14,23,37,,,43,43,35,40,86,75,86,161,5,8,4,5,5
29.03.2018,Anadolu Efes SK,Barcelona,Barcelona,83,107,19,23,42,15,32,47,33,26,59,16,26,42,,,34,55,49,52,89,101,89,190,4,6,14,24,24
29.03.2018,Khimki,Fenerbahce Ulker,Fenerbahce Ulker,64,73,18,20,38,20,17,37,15,22,37,11,14,25,,,38,37,26,36,75,62,75,137,2,11,6,9,9
23.03.2018,Barcelona,Baskonia,Baskonia,73,86,16,16,32,24,27,51,18,20,38,15,23,38,,,40,43,33,43,83,76,83,159,0,10,5,13,13
23.03.2018,Olympiacos,Anadolu Efes SK,Olympiacos,89,82,30,15,45,19,27,46,21,15,36,19,25,44,,,49,42,40,40,91,80,91,171,15,2,13,7,7
23.03.2018,Bamberg,Unicaja,Bamberg,93,88,28,19,47,27,23,50,22,26,48,16,20,36,,,55,42,38,46,97,84,97,181,9,4,9,5,5
23.03.2018,Khimki,CSKA Moscow,CSKA Moscow,73,90,17,29,46,20,24,44,21,15,36,15,22,37,,,37,53,36,37,90,73,90,163,12,17,10,17,17
22.03.2018,Olimpia Milano,Valencia,Valencia,89,93,23,17,40,20,23,43,22,28,50,24,25,49,,,43,40,46,53,83,99,83,182,6,6,3,4,4
22.03.2018,Real Madrid,Zalgiris Kaunas,Real Madrid,88,81,19,16,35,22,28,50,24,18,42,23,19,42,,,41,44,47,37,85,84,85,169,3,3,3,7,7
22.03.2018,Maccabi Tel Aviv,Panathinaikos,Panathinaikos,75,76,20,18,38,21,17,38,17,21,38,17,20,37,,,41,35,34,41,76,75,76,151,2,1,2,1,1
22.03.2018,Crvena Zvezda,Fenerbahce Ulker,Fenerbahce Ulker,63,80,17,22,39,14,18,32,10,25,35,22,15,37,,,31,40,32,40,71,72,71,143,5,8,24,17,17
21.03.2018,Unicaja,Barcelona,Unicaja,95,91,19,25,44,30,21,51,27,22,49,19,23,42,,,49,46,46,45,95,91,95,186,6,0,8,4,4
21.03.2018,Baskonia,Bamberg,Baskonia,103,79,27,14,41,23,25,48,30,13,43,23,27,50,,,50,39,53,40,89,93,89,182,13,14,28,24,24
21.03.2018,Anadolu Efes SK,Khimki,Khimki,73,85,29,18,47,20,24,44,12,19,31,12,24,36,,,49,42,24,43,91,67,91,158,11,18,0,12,12
21.03.2018,CSKA Moscow,Olympiacos,CSKA Moscow,89,81,23,26,49,21,14,35,25,22,47,20,19,39,,,44,40,45,41,84,86,84,170,3,5,7,8,8
20.03.2018,Valencia,Real Madrid,Valencia,96,88,22,21,43,24,19,43,24,20,44,26,28,54,,,46,40,50,48,86,98,86,184,1,10,10,8,8
20.03.2018,Panathinaikos,Crvena Zvezda,Panathinaikos,91,71,24,15,39,23,23,46,30,18,48,14,15,29,,,47,38,44,33,85,77,85,162,9,6,21,20,20
20.03.2018,Zalgiris Kaunas,Olimpia Milano,Zalgiris Kaunas,77,65,17,16,33,14,18,32,23,16,39,23,15,38,,,31,34,46,31,65,77,65,142,1,12,4,12,12
20.03.2018,Fenerbahce Ulker,Maccabi Tel Aviv,Fenerbahce Ulker,87,73,16,21,37,29,15,44,29,20,49,13,17,30,,,45,36,42,37,81,79,81,160,5,6,18,14,14
16.03.2018,Unicaja,Panathinaikos,Panathinaikos,79,90,24,18,42,20,14,34,16,26,42,19,32,51,,,44,32,35,58,76,93,76,169,6,3,2,11,11
16.03.2018,Fenerbahce Ulker,CSKA Moscow,CSKA Moscow,79,81,23,25,48,17,19,36,18,10,28,21,27,48,,,40,44,39,37,84,76,84,160,2,5,4,2,2
15.03.2018,Baskonia,Zalgiris Kaunas,Baskonia,84,64,27,19,46,16,14,30,24,12,36,17,19,36,,,43,33,41,31,76,72,76,148,8,8,22,20,20
15.03.2018,Maccabi Tel Aviv,Khimki,Khimki,91,94,19,21,40,20,23,43,27,21,48,25,29,54,,,39,44,52,50,83,102,83,185,2,8,1,3,3
15.03.2018,Bamberg,Anadolu Efes SK,Bamberg,88,79,22,22,44,22,19,41,25,14,39,19,24,43,,,44,41,44,38,85,82,85,167,0,3,14,9,9
15.03.2018,Olympiacos,Barcelona,Barcelona,63,90,17,22,39,21,18,39,14,23,37,11,27,38,,,38,40,25,50,78,75,78,153,5,15,11,27,27
15.03.2018,Crvena Zvezda,Valencia,Crvena Zvezda,106,90,23,23,46,27,25,52,29,19,48,27,23,50,,,50,48,56,42,98,98,98,196,0,8,12,16,16
13.03.2018,Olimpia Milano,Real Madrid,Real Madrid,77,88,17,25,42,19,24,43,18,19,37,23,20,43,,,36,49,41,39,85,80,85,165,8,8,14,11,11
09.03.2018,Barcelona,Crvena Zvezda,Barcelona,88,54,17,12,29,28,12,40,17,25,42,26,5,31,,,45,24,43,30,69,73,69,142,5,19,13,34,34
09.03.2018,Olympiacos,Bamberg,Olympiacos,87,79,27,19,46,15,23,38,27,19,46,18,18,36,,,42,42,45,37,84,82,84,166,8,3,8,8,8
09.03.2018,Zalgiris Kaunas,Fenerbahce Ulker,Fenerbahce Ulker,78,85,24,17,41,16,14,30,18,21,39,20,33,53,,,40,31,38,54,71,92,71,163,7,7,6,7,7
09.03.2018,CSKA Moscow,Unicaja,CSKA Moscow,101,76,30,20,50,27,23,50,22,18,40,22,15,37,,,57,43,44,33,100,77,100,177,10,1,18,25,25
08.03.2018,Real Madrid,Panathinaikos,Real Madrid,92,75,19,20,39,19,17,36,26,18,44,28,20,48,,,38,37,54,38,75,92,75,167,1,17,9,17,17
08.03.2018,Valencia,Baskonia,Baskonia,71,81,20,16,36,16,15,31,19,22,41,16,28,44,,,36,31,35,50,67,85,67,152,4,4,2,10,10
08.03.2018,Anadolu Efes SK,Maccabi Tel Aviv,Maccabi Tel Aviv,81,94,21,20,41,21,23,44,20,24,44,19,27,46,,,42,43,39,51,85,90,85,175,1,4,5,13,13
08.03.2018,Khimki,Olimpia Milano,Olimpia Milano,77,86,20,30,50,19,19,38,23,12,35,15,25,40,,,39,49,38,37,88,75,88,163,10,11,1,9,9
02.03.2018,Real Madrid,Fenerbahce Ulker,Fenerbahce Ulker,83,86,20,20,40,25,20,45,20,28,48,18,18,36,,,45,40,38,46,85,84,85,169,0,2,3,3,3
02.03.2018,Panathinaikos,Olympiacos,Olympiacos,85,87,18,16,34,16,27,43,16,19,35,21,9,30,,,34,43,37,28,77,65,77,142,2,6,12,0,2
02.03.2018,Crvena Zvezda,Unicaja,Crvena Zvezda,80,76,24,24,48,16,13,29,22,15,37,18,24,42,,,40,37,40,39,77,79,77,156,0,3,10,4,4
01.03.2018,Baskonia,Khimki,Baskonia,87,77,18,26,44,26,13,39,25,13,38,18,25,43,,,44,39,43,38,83,81,83,164,8,4,17,10,10
01.03.2018,Olimpia Milano,Anadolu Efes SK,Olimpia Milano,77,64,17,17,34,27,12,39,14,16,30,19,19,38,,,44,29,33,35,73,68,73,141,0,4,13,13,13
01.03.2018,Valencia,Bamberg,Valencia,86,70,28,11,39,9,23,32,23,20,43,26,16,42,,,37,34,49,36,71,85,71,156,17,15,6,16,16
01.03.2018,Maccabi Tel Aviv,CSKA Moscow,CSKA Moscow,73,93,18,22,40,18,30,48,20,15,35,17,26,43,,,36,52,37,41,88,78,88,166,4,15,11,20,20
01.03.2018,Zalgiris Kaunas,Barcelona,Zalgiris Kaunas,90,74,19,15,34,25,19,44,26,16,42,20,24,44,,,44,34,46,40,78,86,78,164,4,12,20,16,16
23.02.2018,Barcelona,Real Madrid,Real Madrid,74,101,13,30,43,22,22,44,22,31,53,17,18,35,,,35,52,39,49,87,88,87,175,17,13,26,27,27
23.02.2018,Bamberg,Crvena Zvezda,Bamberg,86,62,21,23,44,25,13,38,23,9,32,17,17,34,,,46,36,40,26,82,66,82,148,2,4,24,24,24
23.02.2018,Anadolu Efes SK,Zalgiris Kaunas,Zalgiris Kaunas,70,86,23,21,44,13,24,37,20,23,43,14,18,32,,,36,45,34,41,81,75,81,156,2,11,12,16,16
23.02.2018,Khimki,Panathinaikos,Khimki,78,61,24,18,42,22,13,35,17,15,32,15,15,30,,,46,31,32,30,77,62,77,139,6,1,17,17,17
22.02.2018,Unicaja,Maccabi Tel Aviv,Unicaja,83,69,23,19,42,19,22,41,18,14,32,23,14,37,,,42,41,41,28,83,69,83,152,4,0,5,14,14
22.02.2018,Olympiacos,Valencia,Olympiacos,80,70,22,11,33,18,28,46,22,16,38,18,15,33,,,40,39,40,31,79,71,79,150,11,1,7,10,10
22.02.2018,Fenerbahce Ulker,Olimpia Milano,Fenerbahce Ulker,89,70,23,20,43,25,13,38,17,15,32,24,22,46,,,48,33,41,37,81,78,81,159,3,8,17,19,19
22.02.2018,CSKA Moscow,Baskonia,CSKA Moscow,93,86,20,25,45,26,24,50,25,22,47,22,15,37,,,46,49,47,37,95,84,95,179,5,2,0,7,7
09.02.2018,Real Madrid,Olympiacos,Olympiacos,79,80,20,21,41,19,24,43,23,20,43,17,15,32,,,39,45,40,35,84,75,84,159,1,5,3,1,1
09.02.2018,Crvena Zvezda,Olimpia Milano,Crvena Zvezda,100,89,23,20,43,27,25,52,21,20,41,29,24,53,,,50,45,50,44,95,94,95,189,3,5,6,11,11
09.02.2018,Zalgiris Kaunas,Khimki,Khimki,74,84,26,15,41,18,28,46,15,18,33,15,23,38,,,44,43,30,41,87,71,87,158,11,13,2,10,10
09.02.2018,Fenerbahce Ulker,Bamberg,Fenerbahce Ulker,77,69,16,13,29,26,19,45,19,16,35,16,21,37,,,42,32,35,37,74,72,74,146,3,3,13,8,8
08.02.2018,Unicaja,Anadolu Efes SK,Unicaja,79,68,23,12,35,17,16,33,21,27,48,18,13,31,,,40,28,39,40,68,79,68,147,11,11,6,11,11
08.02.2018,Valencia,CSKA Moscow,Valencia,103,99,21,23,44,28,19,47,24,24,48,30,33,63,,,49,42,54,57,91,111,91,202,2,12,7,4,4
08.02.2018,Panathinaikos,Baskonia,Panathinaikos,80,76,21,22,43,25,18,43,21,13,34,13,23,36,,,46,40,34,36,86,70,86,156,1,6,14,4,4
08.02.2018,Maccabi Tel Aviv,Barcelona,Maccabi Tel Aviv,94,82,22,23,45,24,15,39,19,23,42,29,21,50,,,46,38,48,44,84,92,84,176,1,10,4,12,12
02.02.2018,Baskonia,Crvena Zvezda,Baskonia,103,84,27,17,44,26,23,49,22,19,41,28,25,53,,,53,40,50,44,93,94,93,187,10,10,16,19,19
02.02.2018,Bamberg,Panathinaikos,Bamberg,95,74,23,17,40,19,15,34,15,23,38,38,19,57,,,42,32,53,42,74,95,74,169,6,21,2,21,21
02.02.2018,Khimki,Unicaja,Khimki,68,66,9,11,20,22,28,50,18,16,34,19,11,30,,,31,39,37,27,70,64,70,134,2,2,6,2,2
01.02.2018,Olympiacos,Fenerbahce Ulker,Olympiacos,95,70,34,18,52,11,18,29,26,18,44,24,16,40,,,45,36,50,34,81,84,81,165,16,14,17,25,25
01.02.2018,Barcelona,Olimpia Milano,Olimpia Milano,81,83,25,15,40,23,27,50,14,22,36,19,19,38,,,48,42,33,41,90,74,90,164,10,9,2,2,2
01.02.2018,Zalgiris Kaunas,Maccabi Tel Aviv,Zalgiris Kaunas,99,84,26,20,46,27,26,53,23,16,39,23,22,45,,,53,46,46,38,99,84,99,183,6,0,14,15,15
01.02.2018,Anadolu Efes SK,Valencia,Anadolu Efes SK,82,66,23,19,42,20,12,32,20,22,42,19,13,32,,,43,31,39,35,74,74,74,148,4,8,10,16,16
01.02.2018,CSKA Moscow,Real Madrid,CSKA Moscow,93,87,33,11,44,21,20,41,24,29,53,15,27,42,,,54,31,39,56,85,95,85,180,22,8,18,6,6
26.01.2018,Olimpia Milano,Maccabi Tel Aviv,Maccabi Tel Aviv,102,111,26,30,56,24,27,51,20,26,46,32,28,60,,,50,57,52,54,107,106,107,213,4,5,13,9,9
26.01.2018,Valencia,Khimki,Valencia,85,83,23,24,47,23,20,43,17,20,37,22,19,41,,,46,44,39,39,90,78,90,168,1,5,1,2,2
26.01.2018,Crvena Zvezda,Olympiacos,Crvena Zvezda,89,78,24,20,44,19,14,33,14,29,43,32,15,47,,,43,34,46,44,77,90,77,167,4,12,6,11,11
26.01.2018,Fenerbahce Ulker,Barcelona,Fenerbahce Ulker,86,82,22,18,40,20,26,46,23,13,36,21,25,46,,,42,44,44,38,86,82,86,168,4,0,8,4,4
26.01.2018,CSKA Moscow,Bamberg,CSKA Moscow,81,72,18,19,37,21,11,32,16,16,32,26,26,52,,,39,30,42,42,69,84,69,153,1,12,9,9,9
25.01.2018,Real Madrid,Anadolu Efes SK,Real Madrid,87,68,20,14,34,19,16,35,21,17,38,27,21,48,,,39,30,48,38,69,86,69,155,6,18,13,19,19
25.01.2018,Unicaja,Baskonia,Baskonia,83,85,21,19,40,22,27,49,21,21,42,19,18,37,,,43,46,40,39,89,79,89,168,2,6,3,2,2
25.01.2018,Panathinaikos,Zalgiris Kaunas,Panathinaikos,94,93,29,17,46,18,20,38,12,21,33,24,25,49,,,47,37,36,46,84,82,84,166,12,1,1,0,1
19.01.2018,Unicaja,Real Madrid,Unicaja,80,75,20,15,35,18,12,30,19,25,44,23,23,46,,,38,27,42,48,65,90,65,155,5,15,5,5,5
19.01.2018,Baskonia,Olimpia Milano,Olimpia Milano,82,83,19,22,41,17,25,42,20,18,38,26,18,44,,,36,47,46,36,83,82,83,165,3,1,9,1,1
19.01.2018,Panathinaikos,CSKA Moscow,CSKA Moscow,70,75,20,15,35,9,16,25,22,20,42,19,24,43,,,29,31,41,44,60,85,60,145,5,10,0,5,5
19.01.2018,Anadolu Efes SK,Fenerbahce Ulker,Fenerbahce Ulker,84,89,24,24,48,11,22,33,22,22,44,27,21,48,,,35,46,49,43,81,92,81,173,0,3,11,5,5
18.01.2018,Barcelona,Bamberg,Barcelona,81,66,18,15,33,26,19,45,15,18,33,22,14,36,,,44,34,37,32,78,69,78,147,3,3,7,15,15
18.01.2018,Maccabi Tel Aviv,Crvena Zvezda,Maccabi Tel Aviv,89,75,23,16,39,24,13,37,17,23,40,25,23,48,,,47,29,42,46,76,88,76,164,7,13,12,14,14
18.01.2018,Zalgiris Kaunas,Valencia,Zalgiris Kaunas,86,82,26,19,45,21,12,33,16,26,42,23,25,48,,,47,31,39,51,78,90,78,168,7,8,6,4,4
18.01.2018,Khimki,Olympiacos,Khimki,82,54,28,14,42,21,11,32,16,13,29,17,16,33,,,49,25,33,29,74,62,74,136,14,8,27,28,28
17.01.2018,Olimpia Milano,Unicaja,Olimpia Milano,101,87,31,22,53,19,22,41,29,27,56,22,16,38,,,50,44,51,43,94,94,94,188,9,7,8,14,14
17.01.2018,Real Madrid,Baskonia,Real Madrid,75,73,18,17,35,16,17,33,25,27,52,16,12,28,,,34,34,41,39,68,80,68,148,1,7,2,2,2
17.01.2018,Fenerbahce Ulker,Panathinaikos,Fenerbahce Ulker,67,62,18,20,38,17,10,27,12,20,32,20,12,32,,,35,30,32,32,65,64,65,129,2,2,3,5,5
17.01.2018,CSKA Moscow,Anadolu Efes SK,CSKA Moscow,110,79,35,21,56,23,25,48,23,15,38,29,18,47,,,58,46,52,33,104,85,104,189,14,6,20,31,31
16.01.2018,Valencia,Barcelona,Valencia,81,76,22,14,36,21,22,43,19,23,42,19,17,36,,,43,36,38,40,79,78,79,157,8,2,3,5,5
16.01.2018,Bamberg,Zalgiris Kaunas,Bamberg,93,86,21,23,44,16,21,37,27,17,44,29,25,54,,,37,44,56,42,81,98,81,179,2,12,3,7,7
16.01.2018,Olympiacos,Maccabi Tel Aviv,Olympiacos,94,64,24,16,40,29,24,53,17,11,28,24,13,37,,,53,40,41,24,93,65,93,158,8,1,19,30,30
16.01.2018,Crvena Zvezda,Khimki,Khimki,70,79,21,14,35,16,17,33,17,21,38,16,27,43,,,37,31,33,48,68,81,68,149,7,2,2,9,9
12.01.2018,Baskonia,Olympiacos,Baskonia,86,54,16,21,37,20,9,29,36,14,50,14,10,24,,,36,30,50,24,66,74,66,140,5,20,28,32,32
12.01.2018,Zalgiris Kaunas,Unicaja,Zalgiris Kaunas,79,77,17,19,36,15,21,36,20,15,35,27,22,49,,,32,40,47,37,72,84,72,156,2,7,3,2,2
12.01.2018,Anadolu Efes SK,Crvena Zvezda,Anadolu Efes SK,104,95,22,21,43,28,25,53,27,25,52,27,24,51,,,50,46,54,49,96,103,96,199,1,8,6,9,9
12.01.2018,Khimki,Real Madrid,Real Madrid,78,95,17,26,43,14,25,39,18,16,34,29,28,57,,,31,51,47,44,82,91,82,173,9,4,18,17,17
11.01.2018,Olimpia Milano,CSKA Moscow,CSKA Moscow,81,107,15,23,38,21,27,48,25,27,52,20,30,50,,,36,50,45,57,86,102,86,188,8,5,16,26,26
11.01.2018,Valencia,Fenerbahce Ulker,Fenerbahce Ulker,67,80,7,18,25,20,15,35,23,18,41,17,29,46,,,27,33,40,47,60,87,60,147,11,7,1,13,13
11.01.2018,Maccabi Tel Aviv,Bamberg,Maccabi Tel Aviv,90,88,20,25,45,19,16,35,26,23,49,25,24,49,,,39,41,51,47,80,98,80,178,5,10,1,2,2
11.01.2018,Panathinaikos,Barcelona,Panathinaikos,84,75,17,19,36,19,15,34,18,14,32,30,27,57,,,36,34,48,41,70,89,70,159,2,14,6,9,9
05.01.2018,Real Madrid,Maccabi Tel Aviv,Real Madrid,93,81,25,26,51,23,24,47,21,10,31,24,21,45,,,48,50,45,31,98,76,98,174,1,5,9,12,12
05.01.2018,Bamberg,Khimki,Khimki,70,74,26,26,52,16,14,30,16,16,32,12,18,30,,,42,40,28,34,82,62,82,144,0,12,2,4,4
05.01.2018,Olympiacos,Olimpia Milano,Olympiacos,87,80,26,17,43,22,17,39,22,19,41,17,27,44,,,48,34,39,46,82,85,82,167,9,5,17,7,7
05.01.2018,Crvena Zvezda,Zalgiris Kaunas,Crvena Zvezda,77,65,16,18,34,17,13,30,15,14,29,29,20,49,,,33,31,44,34,64,78,64,142,2,13,3,12,12
05.01.2018,Fenerbahce Ulker,Baskonia,Fenerbahce Ulker,79,74,18,22,40,18,16,34,27,21,48,16,15,31,,,36,38,43,36,74,79,74,153,4,5,4,5,5
04.01.2018,Barcelona,CSKA Moscow,Barcelona,85,72,25,17,42,22,25,47,19,13,32,19,17,36,,,47,42,38,30,89,68,89,157,8,4,11,13,13
04.01.2018,Unicaja,Valencia,Valencia,83,85,19,19,38,29,20,49,21,26,47,14,20,34,,,48,39,35,46,87,81,87,168,0,4,4,2,2
04.01.2018,Panathinaikos,Anadolu Efes SK,Panathinaikos,90,79,23,12,35,24,21,45,23,23,46,20,23,43,,,47,33,43,46,80,89,80,169,11,10,14,11,11
29.12.2017,Olimpia Milano,Crvena Zvezda,Crvena Zvezda,88,91,15,29,44,25,16,41,20,16,36,28,30,58,,,40,45,48,46,85,94,85,179,14,3,1,3,3
29.12.2017,Baskonia,CSKA Moscow,CSKA Moscow,81,90,26,18,44,22,33,55,24,19,43,9,20,29,,,48,51,33,39,99,72,99,171,8,18,2,9,9
29.12.2017,Anadolu Efes SK,Bamberg,Anadolu Efes SK,69,58,15,18,33,14,20,34,15,10,25,25,10,35,,,29,38,40,20,67,60,67,127,3,2,4,11,11
29.12.2017,Khimki,Barcelona,Barcelona,65,79,15,25,40,17,11,28,25,21,46,8,22,30,,,32,36,33,43,68,76,68,144,10,3,0,14,14
28.12.2017,Valencia,Panathinaikos,Valencia,67,63,12,17,29,20,15,35,16,16,32,19,15,34,,,32,32,35,31,64,66,64,130,5,3,0,4,4
28.12.2017,Maccabi Tel Aviv,Unicaja,Unicaja,78,89,22,19,41,25,20,45,11,22,33,20,28,48,,,47,39,31,50,86,81,86,167,3,8,3,11,11
28.12.2017,Zalgiris Kaunas,Olympiacos,Zalgiris Kaunas,74,68,22,19,41,14,19,33,12,15,27,26,15,41,,,36,38,38,30,74,68,74,142,3,0,5,6,6
28.12.2017,Fenerbahce Ulker,Real Madrid,Real Madrid,77,79,17,10,27,19,27,46,25,25,50,16,17,33,,,36,37,41,42,73,83,73,156,7,4,1,2,2
22.12.2017,Unicaja,Olimpia Milano,Unicaja,74,71,26,20,46,9,22,31,20,11,31,19,18,37,,,35,42,39,29,77,68,77,145,6,3,2,3,3
22.12.2017,Baskonia,Barcelona,Baskonia,85,82,22,17,39,30,18,48,22,22,44,11,25,36,,,52,35,33,47,87,80,87,167,5,2,17,3,3
22.12.2017,Anadolu Efes SK,Olympiacos,Olympiacos,58,61,9,17,26,16,16,32,14,12,26,19,16,35,,,25,33,33,28,58,61,58,119,8,0,6,3,3
22.12.2017,CSKA Moscow,Khimki,CSKA Moscow,79,68,23,16,39,20,17,37,14,22,36,22,13,35,,,43,33,36,35,76,71,76,147,7,3,2,11,11
21.12.2017,Valencia,Zalgiris Kaunas,Zalgiris Kaunas,63,71,16,19,35,20,15,35,10,20,30,17,17,34,,,36,34,27,37,70,64,70,134,3,7,8,8,8
21.12.2017,Maccabi Tel Aviv,Fenerbahce Ulker,Maccabi Tel Aviv,82,73,24,15,39,16,21,37,20,18,38,22,19,41,,,40,36,42,37,76,79,76,155,9,6,6,9,9
21.12.2017,Bamberg,Real Madrid,Real Madrid,66,81,13,29,42,22,21,43,16,18,34,15,13,28,,,35,50,31,31,85,62,85,147,16,19,17,15,15
21.12.2017,Crvena Zvezda,Panathinaikos,Panathinaikos,63,69,15,20,35,23,21,44,11,17,28,14,11,25,,,38,41,25,28,79,53,79,132,5,16,9,6,6
20.12.2017,Barcelona,Unicaja,Unicaja,83,90,24,26,50,21,18,39,19,22,41,19,24,43,,,45,44,38,46,89,84,89,173,2,6,2,7,7
20.12.2017,Olimpia Milano,Baskonia,Olimpia Milano,92,85,27,25,52,22,12,34,27,21,48,16,27,43,,,49,37,43,48,86,91,86,177,2,6,18,7,7
20.12.2017,Olympiacos,CSKA Moscow,Olympiacos,88,86,23,20,43,22,28,50,19,20,39,24,18,42,,,45,48,43,38,93,81,93,174,3,5,4,2,2
20.12.2017,Khimki,Anadolu Efes SK,Khimki,86,68,26,19,45,11,14,25,20,23,43,29,12,41,,,37,33,49,35,70,84,70,154,7,16,1,18,18
19.12.2017,Real Madrid,Valencia,Real Madrid,91,72,24,18,42,19,23,42,21,17,38,27,14,41,,,43,41,48,31,84,79,84,163,6,7,6,19,19
19.12.2017,Panathinaikos,Maccabi Tel Aviv,Panathinaikos,89,76,25,21,46,24,22,46,18,13,31,22,20,42,,,49,43,40,33,92,73,92,165,4,3,11,13,13
19.12.2017,Zalgiris Kaunas,Bamberg,Zalgiris Kaunas,88,84,21,22,43,29,27,56,22,23,45,16,12,28,,,50,49,38,35,99,73,99,172,1,11,0,4,4
19.12.2017,Fenerbahce Ulker,Crvena Zvezda,Fenerbahce Ulker,82,56,17,11,28,24,22,46,21,9,30,20,14,34,,,41,33,41,23,74,64,74,138,6,8,20,26,26
15.12.2017,Valencia,Crvena Zvezda,Crvena Zvezda,82,86,22,26,48,16,14,30,25,16,41,19,30,49,,,38,40,44,46,78,90,78,168,4,4,7,4,4
15.12.2017,Panathinaikos,Olimpia Milano,Panathinaikos,80,72,14,23,37,25,18,43,25,16,41,16,15,31,,,39,41,41,31,80,72,80,152,9,0,7,8,8
15.12.2017,Anadolu Efes SK,Baskonia,Baskonia,81,82,19,24,43,23,21,44,26,20,46,13,17,30,,,42,45,39,37,87,76,87,163,5,6,3,1,1
15.12.2017,CSKA Moscow,Maccabi Tel Aviv,CSKA Moscow,101,86,21,20,41,28,14,42,23,23,46,29,29,58,,,49,34,52,52,83,104,83,187,1,18,15,15,15
14.12.2017,Real Madrid,Barcelona,Real Madrid,87,75,15,15,30,25,23,48,28,14,42,19,23,42,,,40,38,47,37,78,84,78,162,0,9,16,12,12
14.12.2017,Bamberg,Olympiacos,Bamberg,67,65,15,14,29,17,26,43,18,18,36,17,7,24,,,32,40,35,25,72,60,72,132,1,5,8,2,2
14.12.2017,Unicaja,Khimki,Unicaja,93,84,27,26,53,20,22,42,20,18,38,26,18,44,,,47,48,46,36,95,82,95,177,1,2,1,9,9
14.12.2017,Fenerbahce Ulker,Zalgiris Kaunas,Zalgiris Kaunas,89,90,24,16,40,18,25,43,22,22,44,25,27,52,,,42,41,47,49,83,96,83,179,8,6,1,1,1
08.12.2017,Barcelona,Fenerbahce Ulker,Fenerbahce Ulker,68,83,28,22,50,10,17,27,13,25,38,17,19,36,,,38,39,30,44,77,74,77,151,6,9,13,15,15
08.12.2017,Olympiacos,Real Madrid,Olympiacos,92,83,18,8,26,16,22,38,22,17,39,16,25,41,,,34,30,38,42,64,80,64,144,10,8,9,0,9
08.12.2017,Crvena Zvezda,Anadolu Efes SK,Crvena Zvezda,100,81,29,23,52,21,21,42,24,18,42,26,19,45,,,50,44,50,37,94,87,94,181,6,6,12,19,19
07.12.2017,Olimpia Milano,Khimki,Khimki,71,77,24,12,36,14,19,33,18,24,42,15,22,37,,,38,31,33,46,69,79,69,148,12,2,1,6,6
07.12.2017,Baskonia,Unicaja,Baskonia,88,82,27,12,39,14,24,38,18,20,38,29,26,55,,,41,36,47,46,77,93,77,170,15,11,3,6,6
07.12.2017,Maccabi Tel Aviv,Valencia,Maccabi Tel Aviv,94,91,25,21,46,21,25,46,23,19,42,25,26,51,,,46,46,48,45,92,93,92,185,4,2,4,3,3
07.12.2017,Bamberg,CSKA Moscow,CSKA Moscow,76,92,20,22,42,19,20,39,20,28,48,17,22,39,,,39,42,37,50,81,87,81,168,2,5,11,16,16
07.12.2017,Zalgiris Kaunas,Panathinaikos,Zalgiris Kaunas,80,74,10,20,30,21,13,34,33,14,47,16,27,43,,,31,33,49,41,64,90,64,154,10,16,17,6,6
01.12.2017,Real Madrid,Crvena Zvezda,Crvena Zvezda,83,87,24,19,43,15,27,42,19,21,40,25,20,45,,,39,46,44,41,85,85,85,170,5,2,9,4,4
01.12.2017,Panathinaikos,Unicaja,Panathinaikos,82,71,16,15,31,16,20,36,22,19,41,28,17,45,,,32,35,50,36,67,86,67,153,1,15,0,11,11
01.12.2017,CSKA Moscow,Barcelona,CSKA Moscow,92,78,24,24,48,20,15,35,22,19,41,26,20,46,,,44,39,48,39,83,87,83,170,0,9,8,14,14
30.11.2017,Baskonia,Fenerbahce Ulker,Fenerbahce Ulker,69,83,25,15,40,12,26,38,14,25,39,18,17,35,,,37,41,32,42,78,74,78,152,10,9,15,14,14
30.11.2017,Valencia,Olympiacos,Olympiacos,64,72,13,20,33,17,15,32,15,19,34,19,18,37,,,30,35,34,37,65,71,65,136,7,1,9,8,8
30.11.2017,Maccabi Tel Aviv,Zalgiris Kaunas,Maccabi Tel Aviv,81,74,15,14,29,24,15,39,26,22,48,16,23,39,,,39,29,42,45,68,87,68,155,1,13,14,7,7
30.11.2017,Anadolu Efes SK,Olimpia Milano,Anadolu Efes SK,73,68,23,16,39,10,14,24,19,20,39,21,18,39,,,33,30,40,38,63,78,63,141,7,10,2,5,5
30.11.2017,Khimki,Bamberg,Khimki,82,73,23,21,44,19,19,38,20,16,36,20,17,37,,,42,40,40,33,82,73,82,155,2,0,6,9,9
24.11.2017,Unicaja,CSKA Moscow,CSKA Moscow,80,89,16,27,43,23,19,42,26,17,43,15,26,41,,,39,46,41,43,85,84,85,169,11,5,2,9,9
24.11.2017,Panathinaikos,Real Madrid,Panathinaikos,82,80,23,28,51,17,26,43,24,15,39,18,11,29,,,40,54,42,26,94,68,94,162,5,12,5,2,2
24.11.2017,Fenerbahce Ulker,Khimki,Fenerbahce Ulker,71,67,24,15,39,14,11,25,20,22,42,13,19,32,,,38,26,33,41,64,74,64,138,9,7,10,4,4
23.11.2017,Barcelona,Maccabi Tel Aviv,Barcelona,89,67,22,11,33,22,13,35,22,20,42,23,23,46,,,44,24,45,43,68,88,68,156,11,21,22,22,22
23.11.2017,Crvena Zvezda,Baskonia,Baskonia,81,85,17,22,39,21,25,46,19,17,36,24,21,45,,,38,47,43,38,85,81,85,166,5,4,7,4,4
23.11.2017,Olimpia Milano,Olympiacos,Olympiacos,85,86,21,17,38,21,29,50,20,20,40,23,20,43,,,42,46,43,40,88,83,88,171,4,3,4,1,1
23.11.2017,Bamberg,Valencia,Bamberg,83,82,20,23,43,21,24,45,11,19,30,31,16,47,,,41,47,42,35,88,77,88,165,3,5,14,1,1
23.11.2017,Zalgiris Kaunas,Anadolu Efes SK,Zalgiris Kaunas,91,83,22,26,48,25,18,43,19,17,36,25,22,47,,,47,44,44,39,91,83,91,174,4,0,5,8,8
17.11.2017,Barcelona,Valencia,Barcelona,89,71,24,18,42,26,14,40,21,24,45,18,15,33,,,50,32,39,39,82,78,82,160,6,7,15,18,18
17.11.2017,Olimpia Milano,Bamberg,Olimpia Milano,71,62,13,16,29,14,19,33,16,16,32,28,11,39,,,27,35,44,27,62,71,62,133,3,9,8,9,9
17.11.2017,Olympiacos,Crvena Zvezda,Olympiacos,85,59,22,13,35,25,24,49,20,12,32,18,10,28,,,47,37,38,22,84,60,84,144,9,1,18,26,26
17.11.2017,CSKA Moscow,Fenerbahce Ulker,Fenerbahce Ulker,93,95,16,27,43,25,19,44,22,15,37,20,22,42,,,41,46,42,37,87,79,87,166,11,4,2,0,2
16.11.2017,Real Madrid,Unicaja,Real Madrid,89,57,19,12,31,21,15,36,22,11,33,27,19,46,,,40,27,49,30,67,79,67,146,7,22,24,32,32
16.11.2017,Zalgiris Kaunas,Baskonia,Baskonia,77,97,15,21,36,17,33,50,25,16,41,20,27,47,,,32,54,45,43,86,88,86,174,6,9,13,20,20
16.11.2017,Anadolu Efes SK,Panathinaikos,Panathinaikos,81,82,21,28,49,23,20,43,16,14,30,21,20,41,,,44,48,37,34,92,71,92,163,7,11,2,1,1
16.11.2017,Khimki,Maccabi Tel Aviv,Maccabi Tel Aviv,69,77,19,28,47,20,14,34,16,20,36,14,15,29,,,39,42,30,35,81,65,81,146,9,12,7,8,8
15.11.2017,Valencia,Olimpia Milano,Olimpia Milano,98,103,20,19,39,25,22,47,19,17,36,10,16,26,,,45,41,29,33,86,62,86,148,1,12,6,0,5
15.11.2017,Bamberg,Barcelona,Bamberg,84,81,12,38,50,25,11,36,25,17,42,22,15,37,,,37,49,47,32,86,79,86,165,26,2,4,3,3
15.11.2017,Crvena Zvezda,CSKA Moscow,CSKA Moscow,59,85,10,22,32,17,22,39,7,21,28,25,20,45,,,27,44,32,41,71,73,71,144,12,12,31,26,26
15.11.2017,Fenerbahce Ulker,Olympiacos,Olympiacos,83,90,17,18,35,23,12,35,13,27,40,22,18,40,,,40,30,35,45,70,80,70,150,1,5,4,0,7
14.11.2017,Unicaja,Zalgiris Kaunas,Zalgiris Kaunas,83,85,17,21,38,17,20,37,14,18,32,24,13,37,,,34,41,38,31,75,69,75,144,4,3,11,0,2
14.11.2017,Baskonia,Real Madrid,Baskonia,105,75,36,17,53,28,27,55,24,19,43,17,12,29,,,64,44,41,31,108,72,108,180,19,3,25,30,30
14.11.2017,Panathinaikos,Khimki,Panathinaikos,93,65,26,16,42,20,11,31,26,22,48,21,16,37,,,46,27,47,38,73,85,73,158,10,20,23,28,28
14.11.2017,Maccabi Tel Aviv,Anadolu Efes SK,Anadolu Efes SK,72,92,19,19,38,16,28,44,26,20,46,11,25,36,,,35,47,37,45,82,82,82,164,0,10,6,20,20
10.11.2017,Unicaja,Crvena Zvezda,Unicaja,79,65,22,12,34,23,19,42,18,19,37,16,15,31,,,45,31,34,34,76,68,76,144,10,3,13,14,14
10.11.2017,Bamberg,Fenerbahce Ulker,Fenerbahce Ulker,57,80,16,21,37,17,22,39,13,11,24,11,26,37,,,33,43,24,37,76,61,76,137,5,19,8,23,23
10.11.2017,Olympiacos,Panathinaikos,Panathinaikos,62,70,17,16,33,13,19,32,17,14,31,15,21,36,,,30,35,32,35,65,67,65,132,1,3,2,8,8
10.11.2017,Khimki,Baskonia,Khimki,91,90,18,21,39,22,27,49,21,16,37,30,26,56,,,40,48,51,42,88,93,88,181,3,3,3,1,1
09.11.2017,Barcelona,Anadolu Efes SK,Anadolu Efes SK,85,89,15,26,41,20,16,36,22,25,47,28,22,50,,,35,42,50,47,77,97,77,174,11,8,10,4,4
09.11.2017,Olimpia Milano,Zalgiris Kaunas,Zalgiris Kaunas,62,94,20,25,45,11,25,36,10,20,30,21,24,45,,,31,50,31,44,81,75,81,156,5,19,29,32,32
09.11.2017,Maccabi Tel Aviv,Real Madrid,Maccabi Tel Aviv,90,83,22,30,52,25,12,37,17,24,41,26,17,43,,,47,42,43,41,89,84,89,173,8,1,2,7,7
09.11.2017,CSKA Moscow,Valencia,CSKA Moscow,94,67,20,19,39,23,19,42,30,16,46,21,13,34,,,43,38,51,29,81,80,81,161,1,13,19,27,27
03.11.2017,Barcelona,Olympiacos,Barcelona,73,51,14,14,28,18,12,30,17,15,32,24,10,34,,,32,26,41,25,58,66,58,124,0,15,8,22,22
03.11.2017,Anadolu Efes SK,Unicaja,Unicaja,74,79,19,25,44,16,10,26,24,18,42,15,26,41,,,35,35,39,44,70,83,70,153,6,4,6,5,5
03.11.2017,CSKA Moscow,Zalgiris Kaunas,CSKA Moscow,94,91,22,19,41,29,17,46,18,26,44,25,29,54,,,51,36,43,55,87,98,87,185,3,7,7,3,3
02.11.2017,Real Madrid,Khimki,Khimki,80,86,23,25,48,16,20,36,20,21,41,21,20,41,,,39,45,41,41,84,82,84,166,2,4,7,6,6
02.11.2017,Maccabi Tel Aviv,Olimpia Milano,Maccabi Tel Aviv,79,68,18,14,32,21,15,36,21,13,34,19,26,45,,,39,29,40,39,68,79,68,147,4,11,18,11,11
02.11.2017,Baskonia,Panathinaikos,Baskonia,85,84,27,24,51,20,21,41,16,22,38,22,17,39,,,47,45,38,39,92,77,92,169,3,7,4,1,1
02.11.2017,Fenerbahce Ulker,Valencia,Fenerbahce Ulker,79,66,20,18,38,18,12,30,19,19,38,22,17,39,,,38,30,41,36,68,77,68,145,2,11,8,13,13
02.11.2017,Crvena Zvezda,Bamberg,Bamberg,69,75,18,30,48,16,13,29,19,16,35,16,16,32,,,34,43,35,32,77,67,77,144,12,8,6,6,6
27.10.2017,Valencia,Unicaja,Valencia,91,53,31,11,42,26,14,40,16,17,33,18,11,29,,,57,25,34,28,82,62,82,144,20,9,31,38,38
27.10.2017,Panathinaikos,Fenerbahce Ulker,Panathinaikos,70,68,19,21,40,17,23,40,17,11,28,17,13,30,,,36,44,34,24,80,58,80,138,2,10,2,2,2
27.10.2017,Bamberg,Baskonia,Bamberg,78,72,17,17,34,18,15,33,25,19,44,18,21,39,,,35,32,43,40,67,83,67,150,0,11,9,6,6
27.10.2017,Anadolu Efes SK,CSKA Moscow,CSKA Moscow,80,98,26,27,53,17,27,44,17,19,36,20,25,45,,,43,54,37,44,97,81,97,178,1,17,13,18,18
26.10.2017,Olimpia Milano,Barcelona,Olimpia Milano,78,74,17,22,39,22,17,39,15,14,29,24,21,45,,,39,39,39,35,78,74,78,152,5,0,1,4,4
26.10.2017,Olympiacos,Khimki,Olympiacos,92,75,22,20,42,27,20,47,25,15,40,18,20,38,,,49,40,43,35,89,78,89,167,2,3,19,17,17
26.10.2017,Crvena Zvezda,Maccabi Tel Aviv,Crvena Zvezda,87,84,19,24,43,20,25,45,23,12,35,25,23,48,,,39,49,48,35,88,83,88,171,5,1,1,3,3
26.10.2017,Zalgiris Kaunas,Real Madrid,Real Madrid,66,87,16,18,34,15,22,37,19,23,42,16,24,40,,,31,40,35,47,71,82,71,153,2,5,13,21,21
25.10.2017,Unicaja,Bamberg,Bamberg,76,80,22,24,46,13,15,28,23,15,38,18,26,44,,,35,39,41,41,74,82,74,156,2,2,4,4,4
25.10.2017,Baskonia,Valencia,Valencia,63,80,13,28,41,26,22,48,15,17,32,9,13,22,,,39,50,24,30,89,54,89,143,15,26,13,17,17
25.10.2017,Fenerbahce Ulker,Anadolu Efes SK,Fenerbahce Ulker,81,70,15,20,35,19,14,33,28,18,46,19,18,37,,,34,34,47,36,68,83,68,151,5,13,10,11,11
25.10.2017,CSKA Moscow,Panathinaikos,CSKA Moscow,81,63,27,15,42,16,18,34,17,18,35,21,12,33,,,43,33,38,30,76,68,76,144,12,5,9,18,18
24.10.2017,Barcelona,Zalgiris Kaunas,Zalgiris Kaunas,75,81,21,24,45,18,21,39,15,17,32,21,19,40,,,39,45,36,36,84,72,84,156,3,9,8,6,6
24.10.2017,Real Madrid,Olimpia Milano,Real Madrid,100,90,30,28,58,24,26,50,27,20,47,19,16,35,,,54,54,46,36,108,82,108,190,2,8,7,10,10
24.10.2017,Maccabi Tel Aviv,Olympiacos,Olympiacos,68,69,18,18,36,15,17,32,12,16,28,23,18,41,,,33,35,35,34,68,69,68,137,0,0,6,1,1
24.10.2017,Khimki,Crvena Zvezda,Khimki,85,78,20,28,48,23,16,39,21,11,32,21,23,44,,,43,44,42,34,87,76,87,163,8,2,9,7,7
20.10.2017,Valencia,Anadolu Efes SK,Valencia,78,71,19,13,32,19,25,44,28,10,38,12,23,35,,,38,38,40,33,76,73,76,149,6,2,18,7,7
20.10.2017,Olympiacos,Unicaja,Olympiacos,80,75,21,11,32,16,22,38,22,14,36,21,28,49,,,37,33,43,42,70,85,70,155,10,10,12,5,5
20.10.2017,Crvena Zvezda,Barcelona,Crvena Zvezda,90,82,24,13,37,20,19,39,18,25,43,28,25,53,,,44,32,46,50,76,96,76,172,11,14,5,8,8
20.10.2017,Khimki,Zalgiris Kaunas,Khimki,85,77,21,15,36,25,21,46,17,17,34,22,24,46,,,46,36,39,41,82,80,82,162,6,3,10,8,8
19.10.2017,Real Madrid,CSKA Moscow,Real Madrid,82,69,20,15,35,25,18,43,11,20,31,26,16,42,,,45,33,37,36,78,73,78,151,5,4,3,13,13
19.10.2017,Olimpia Milano,Fenerbahce Ulker,Fenerbahce Ulker,86,92,21,23,44,17,14,31,16,27,43,26,16,42,,,38,37,42,43,75,85,75,160,2,5,10,0,6
19.10.2017,Panathinaikos,Bamberg,Panathinaikos,93,83,22,15,37,21,20,41,26,21,47,24,27,51,,,43,35,50,48,78,98,78,176,7,15,13,10,10
19.10.2017,Maccabi Tel Aviv,Baskonia,Maccabi Tel Aviv,74,68,19,16,35,20,14,34,17,23,40,18,15,33,,,39,30,35,38,69,73,69,142,3,5,3,6,6
13.10.2017,Barcelona,Panathinaikos,Barcelona,98,71,24,20,44,16,15,31,25,19,44,33,17,50,,,40,35,58,36,75,94,75,169,4,23,11,27,27
13.10.2017,Khimki,Valencia,Khimki,75,70,18,17,35,25,19,44,16,21,37,16,13,29,,,43,36,32,34,79,66,79,145,1,4,2,5,5
13.10.2017,Zalgiris Kaunas,Crvena Zvezda,Zalgiris Kaunas,78,76,15,13,28,28,27,55,10,17,27,25,19,44,,,43,40,35,36,83,71,83,154,2,5,4,2,2
12.10.2017,Unicaja,Fenerbahce Ulker,Unicaja,68,67,20,20,40,16,21,37,14,16,30,18,10,28,,,36,41,32,26,77,58,77,135,0,9,7,1,1
12.10.2017,Bamberg,Maccabi Tel Aviv,Maccabi Tel Aviv,71,88,20,14,34,16,23,39,23,18,41,12,33,45,,,36,37,35,51,73,86,73,159,6,2,4,17,17
12.10.2017,Olympiacos,Baskonia,Olympiacos,75,64,16,12,28,25,21,46,19,16,35,15,15,30,,,41,33,34,31,74,65,74,139,4,1,11,11,11
12.10.2017,Anadolu Efes SK,Real Madrid,Real Madrid,74,88,19,28,47,17,17,34,20,17,37,18,26,44,,,36,45,38,43,81,81,81,162,9,7,6,14,14
12.10.2017,CSKA Moscow,Olimpia Milano,CSKA Moscow,93,84,16,30,46,22,18,40,27,16,43,28,20,48,,,38,48,55,36,86,91,86,177,14,7,1,9,9
21.05.2017,Fenerbahce Ulker,Olympiacos,Fenerbahce Ulker,80,64,26,18,44,13,16,29,21,14,35,20,16,36,,,39,34,41,30,73,71,73,144,8,7,12,16,16
21.05.2017,Real Madrid,CSKA Moscow,CSKA Moscow,70,94,10,23,33,22,22,44,24,24,48,14,25,39,,,32,45,38,49,77,87,77,164,13,7,13,24,24
19.05.2017,Fenerbahce Ulker,Real Madrid,Fenerbahce Ulker,84,75,21,13,34,23,21,44,19,16,35,21,25,46,,,44,34,40,41,78,81,78,159,8,6,13,9,9
19.05.2017,CSKA Moscow,Olympiacos,Olympiacos,78,82,18,12,30,22,21,43,24,27,51,14,22,36,,,40,33,38,49,73,87,73,160,6,5,4,4,4
02.05.2017,Olympiacos,Anadolu Efes SK,Olympiacos,87,78,25,21,46,12,20,32,26,17,43,24,20,44,,,37,41,50,37,78,87,78,165,4,9,5,9,9
28.04.2017,Anadolu Efes SK,Olympiacos,Olympiacos,62,74,21,14,35,17,21,38,16,20,36,8,19,27,,,38,35,24,39,73,63,73,136,7,11,1,12,12
28.04.2017,Darussafaka Ct,Real Madrid,Real Madrid,78,89,21,24,45,17,21,38,20,27,47,20,17,37,,,38,45,40,44,83,84,83,167,3,5,14,11,11
26.04.2017,Darussafaka Ct,Real Madrid,Real Madrid,81,88,17,26,43,16,20,36,25,24,49,23,18,41,,,33,46,48,42,79,90,79,169,9,2,12,7,7
26.04.2017,Anadolu Efes SK,Olympiacos,Anadolu Efes SK,64,60,14,17,31,19,10,29,18,10,28,13,23,36,,,33,27,31,33,60,64,60,124,3,4,14,4,4
25.04.2017,Baskonia,CSKA Moscow,CSKA Moscow,88,90,24,22,46,20,21,41,26,29,55,18,18,36,,,44,43,44,47,87,91,87,178,2,1,2,2,2
25.04.2017,Fenerbahce Ulker,Panathinaikos,Fenerbahce Ulker,79,61,18,17,35,19,13,32,15,12,27,27,19,46,,,37,30,42,31,67,73,67,140,1,12,10,18,18
21.04.2017,Real Madrid,Darussafaka Ct,Darussafaka Ct,80,84,19,22,41,19,22,41,30,22,52,12,18,30,,,38,44,42,40,82,82,82,164,3,2,2,4,4
21.04.2017,Olympiacos,Anadolu Efes SK,Anadolu Efes SK,71,73,22,23,45,22,14,36,10,14,24,17,22,39,,,44,37,27,36,81,63,81,144,1,10,3,2,2
20.04.2017,Panathinaikos,Fenerbahce Ulker,Fenerbahce Ulker,75,80,20,22,42,23,23,46,16,18,34,16,17,33,,,43,45,32,35,88,67,88,155,2,13,4,5,5
20.04.2017,CSKA Moscow,Baskonia,CSKA Moscow,84,82,21,20,41,19,15,34,29,23,52,15,24,39,,,40,35,44,47,75,91,75,166,1,9,11,2,2
19.04.2017,Real Madrid,Darussafaka Ct,Real Madrid,83,75,16,24,40,20,13,33,25,16,41,22,22,44,,,36,37,47,38,73,85,73,158,8,10,8,8,8
19.04.2017,Olympiacos,Anadolu Efes SK,Olympiacos,87,72,18,11,29,24,20,44,25,19,44,20,22,42,,,42,31,45,41,73,86,73,159,7,14,17,15,15
18.04.2017,Panathinaikos,Fenerbahce Ulker,Fenerbahce Ulker,58,71,15,16,31,27,12,39,8,20,28,8,23,31,,,42,28,16,43,70,59,70,129,1,12,2,13,13
18.04.2017,CSKA Moscow,Baskonia,CSKA Moscow,98,90,26,19,45,18,21,39,28,22,50,26,28,54,,,44,40,54,50,84,104,84,188,7,14,10,8,8
07.04.2017,Real Madrid,Anadolu Efes SK,Real Madrid,97,80,16,21,37,21,15,36,25,24,49,35,20,55,,,37,36,60,44,73,104,73,177,5,24,2,17,17
07.04.2017,Olimpia Milano,Unics Kazan,Unics Kazan,68,91,21,22,43,18,14,32,10,29,39,19,26,45,,,39,36,29,55,75,84,75,159,1,7,16,23,23
07.04.2017,CSKA Moscow,Olympiacos,CSKA Moscow,90,86,25,15,40,22,22,44,24,26,50,19,23,42,,,47,37,43,49,84,92,84,176,10,6,8,4,4
07.04.2017,Darussafaka Ct,Crvena Zvezda,Darussafaka Ct,78,62,25,14,39,18,18,36,12,17,29,23,13,36,,,43,32,35,30,75,65,75,140,11,3,6,16,16
06.04.2017,Baskonia,Zalgiris Kaunas,Zalgiris Kaunas,79,84,16,21,37,24,20,44,16,27,43,23,16,39,,,40,41,39,43,81,82,81,163,5,2,12,5,5
06.04.2017,Maccabi Tel Aviv,Panathinaikos,Panathinaikos,61,81,26,20,46,16,12,28,12,31,43,7,18,25,,,42,32,19,49,74,68,74,142,6,13,9,20,20
06.04.2017,Bamberg,Galatasaray CC,Galatasaray CC,79,84,23,20,43,22,23,45,18,15,33,16,26,42,,,45,43,34,41,88,75,88,163,3,9,5,5,5
06.04.2017,Fenerbahce Ulker,Barcelona,Fenerbahce Ulker,68,65,11,15,26,19,16,35,14,15,29,14,12,26,,,30,31,28,27,61,55,61,116,4,3,2,0,3
31.03.2017,Real Madrid,Fenerbahce Ulker,Real Madrid,61,56,20,16,36,9,16,25,19,11,30,13,13,26,,,29,32,32,24,61,56,61,117,4,0,5,5,5
31.03.2017,Panathinaikos,CSKA Moscow,Panathinaikos,85,80,20,17,37,25,23,48,13,15,28,15,18,33,,,45,40,28,33,85,61,85,146,3,12,3,0,5
31.03.2017,Crvena Zvezda,Unics Kazan,Crvena Zvezda,83,65,10,14,24,30,17,47,17,18,35,26,16,42,,,40,31,43,34,71,77,71,148,4,12,8,18,18
31.03.2017,Galatasaray CC,Baskonia,Baskonia,80,103,21,27,48,23,33,56,22,20,42,14,23,37,,,44,60,36,43,104,79,104,183,6,24,14,23,23
31.03.2017,Zalgiris Kaunas,Olimpia Milano,Olimpia Milano,84,88,27,18,45,14,21,35,22,24,46,21,25,46,,,41,39,43,49,80,92,80,172,9,4,0,4,4
30.03.2017,Barcelona,Maccabi Tel Aviv,Barcelona,76,71,23,13,36,17,19,36,18,22,40,18,17,35,,,40,32,36,39,72,75,72,147,10,4,4,5,5
30.03.2017,Bamberg,Darussafaka Ct,Darussafaka Ct,97,99,22,14,36,18,15,33,18,26,44,26,29,55,,,40,29,44,55,69,99,69,168,8,15,3,0,2
30.03.2017,Anadolu Efes SK,Olympiacos,Anadolu Efes SK,77,69,22,15,37,21,21,42,15,14,29,19,19,38,,,43,36,34,33,79,67,79,146,7,2,8,8,8
24.03.2017,Barcelona,Crvena Zvezda,Barcelona,67,54,17,18,35,15,11,26,20,14,34,15,11,26,,,32,29,35,25,61,60,61,121,1,6,9,13,13
24.03.2017,Olympiacos,Real Madrid,Real Madrid,73,79,20,19,39,17,18,35,17,21,38,19,21,40,,,37,37,36,42,74,78,74,152,1,1,4,6,6
24.03.2017,Darussafaka Ct,Galatasaray CC,Darussafaka Ct,73,67,16,18,34,21,21,42,24,13,37,12,15,27,,,37,39,36,28,76,64,76,140,2,3,9,6,6
24.03.2017,Unics Kazan,CSKA Moscow,CSKA Moscow,74,85,18,25,43,15,19,34,24,30,54,17,11,28,,,33,44,41,41,77,82,77,159,7,3,17,11,11
23.03.2017,Baskonia,Panathinaikos,Panathinaikos,63,72,6,24,30,15,13,28,16,17,33,26,18,44,,,21,37,42,35,58,77,58,135,18,5,17,9,9
23.03.2017,Olimpia Milano,Bamberg,Bamberg,76,84,14,29,43,22,21,43,16,14,30,24,20,44,,,36,50,40,34,86,74,86,160,15,10,12,8,8
23.03.2017,Maccabi Tel Aviv,Zalgiris Kaunas,Zalgiris Kaunas,77,93,14,17,31,19,27,46,25,27,52,19,22,41,,,33,44,44,49,77,93,77,170,3,0,13,16,16
23.03.2017,Anadolu Efes SK,Fenerbahce Ulker,Anadolu Efes SK,80,77,21,14,35,23,21,44,21,19,40,15,23,38,,,44,35,36,42,79,78,79,157,7,1,11,3,3
22.03.2017,Real Madrid,Barcelona,Real Madrid,85,69,22,13,35,19,14,33,23,24,47,21,18,39,,,41,27,44,42,68,86,68,154,9,17,13,16,16
22.03.2017,Crvena Zvezda,Olympiacos,Olympiacos,64,66,9,17,26,8,13,21,26,12,38,15,16,31,,,17,30,41,28,47,69,47,116,8,11,1,0,2
22.03.2017,Galatasaray CC,Unics Kazan,Galatasaray CC,75,67,21,23,44,24,6,30,12,12,24,18,26,44,,,45,29,30,38,74,68,74,142,2,1,16,8,8
22.03.2017,CSKA Moscow,Darussafaka Ct,CSKA Moscow,95,85,24,19,43,23,16,39,21,27,48,27,23,50,,,47,35,48,50,82,98,82,180,5,13,6,10,10
21.03.2017,Panathinaikos,Olimpia Milano,Panathinaikos,74,61,21,15,36,17,10,27,19,15,34,17,21,38,,,38,25,36,36,63,72,63,135,6,11,17,13,13
21.03.2017,Bamberg,Baskonia,Baskonia,71,96,11,28,39,26,25,51,16,21,37,18,22,40,,,37,53,34,43,90,77,90,167,17,19,21,25,25
21.03.2017,Zalgiris Kaunas,Anadolu Efes SK,Anadolu Efes SK,68,76,22,17,39,22,24,46,15,19,34,9,16,25,,,44,41,24,35,85,59,85,144,5,17,1,8,8
21.03.2017,Fenerbahce Ulker,Maccabi Tel Aviv,Maccabi Tel Aviv,79,81,25,15,40,16,23,39,18,18,36,20,25,45,,,41,38,38,43,79,81,79,160,10,0,3,2,2
17.03.2017,Baskonia,CSKA Moscow,Baskonia,79,78,18,14,32,16,19,35,27,21,48,18,24,42,,,34,33,45,45,67,90,67,157,4,12,7,1,1
17.03.2017,Olympiacos,Galatasaray CC,Galatasaray CC,71,80,27,14,41,21,21,42,11,22,33,12,23,35,,,48,35,23,45,83,68,83,151,13,12,2,9,9
17.03.2017,Darussafaka Ct,Barcelona,Darussafaka Ct,67,56,11,13,24,32,9,41,10,20,30,14,14,28,,,43,22,24,34,65,58,65,123,2,2,11,11,11
17.03.2017,Unics Kazan,Zalgiris Kaunas,Zalgiris Kaunas,80,82,23,24,47,20,18,38,17,22,39,20,18,38,,,43,42,37,40,85,77,85,162,1,5,4,2,2
16.03.2017,Bamberg,Fenerbahce Ulker,Fenerbahce Ulker,78,83,21,27,48,17,15,32,18,26,44,22,15,37,,,38,42,40,41,80,81,80,161,6,2,12,5,5
16.03.2017,Olimpia Milano,Crvena Zvezda,Crvena Zvezda,71,78,10,25,35,21,18,39,19,17,36,21,18,39,,,31,43,40,35,74,75,74,149,15,3,10,7,7
16.03.2017,Panathinaikos,Real Madrid,Panathinaikos,88,82,21,19,40,22,22,44,15,17,32,30,24,54,,,43,41,45,41,84,86,84,170,2,4,0,6,6
16.03.2017,Anadolu Efes SK,Maccabi Tel Aviv,Anadolu Efes SK,92,87,17,17,34,24,25,49,26,15,41,25,30,55,,,41,42,51,45,83,96,83,179,0,9,10,5,5
10.03.2017,Real Madrid,Crvena Zvezda,Real Madrid,98,68,38,24,62,25,20,45,17,13,30,18,11,29,,,63,44,35,24,107,59,107,166,14,9,23,30,30
10.03.2017,Olympiacos,Darussafaka Ct,Olympiacos,81,73,25,18,43,23,15,38,21,25,46,12,15,27,,,48,33,33,40,81,73,81,154,7,0,11,8,8
10.03.2017,Anadolu Efes SK,Bamberg,Bamberg,68,87,23,17,40,9,25,34,13,22,35,23,23,46,,,32,42,36,45,74,81,74,155,6,6,19,19,19
09.03.2017,Barcelona,Unics Kazan,Barcelona,70,62,24,20,44,12,14,26,19,10,29,15,18,33,,,36,34,34,28,70,62,70,132,4,0,11,8,8
09.03.2017,Maccabi Tel Aviv,Olimpia Milano,Maccabi Tel Aviv,92,82,26,20,46,25,15,40,19,26,45,22,21,43,,,51,35,41,47,86,88,86,174,6,6,9,10,10
09.03.2017,Zalgiris Kaunas,Panathinaikos,Zalgiris Kaunas,64,58,9,17,26,10,14,24,15,10,25,30,17,47,,,19,31,45,27,50,72,50,122,8,14,7,6,6
09.03.2017,Fenerbahce Ulker,Baskonia,Baskonia,74,79,18,19,37,17,24,41,20,18,38,19,18,37,,,35,43,39,36,78,75,78,153,1,4,6,5,5
09.03.2017,CSKA Moscow,Galatasaray CC,CSKA Moscow,85,69,13,17,30,33,12,45,19,20,39,20,20,40,,,46,29,39,40,75,79,75,154,4,10,16,16,16
03.03.2017,Barcelona,CSKA Moscow,CSKA Moscow,61,85,4,29,33,20,19,39,23,18,41,14,19,33,,,24,48,37,37,72,74,72,146,25,11,19,24,24
03.03.2017,Darussafaka Ct,Panathinaikos,Darussafaka Ct,77,72,17,17,34,18,16,34,18,20,38,24,19,43,,,35,33,42,39,68,81,68,149,0,9,0,5,5
03.03.2017,Unics Kazan,Anadolu Efes SK,Anadolu Efes SK,92,99,22,22,44,21,27,48,18,20,38,21,13,34,,,43,49,39,33,92,72,92,164,0,10,8,0,7
02.03.2017,Baskonia,Olimpia Milano,Baskonia,87,74,23,20,43,15,17,32,28,16,44,21,21,42,,,38,37,49,37,75,86,75,161,3,12,13,13,13
02.03.2017,Maccabi Tel Aviv,Olympiacos,Olympiacos,71,82,13,17,30,19,23,42,13,18,31,26,24,50,,,32,40,39,42,72,81,72,153,4,1,13,11,11
02.03.2017,Crvena Zvezda,Bamberg,Crvena Zvezda,74,60,17,9,26,26,20,46,13,14,27,18,17,35,,,43,29,31,31,72,62,72,134,8,2,13,14,14
02.03.2017,Galatasaray CC,Real Madrid,Galatasaray CC,87,84,25,20,45,24,26,50,24,14,38,14,24,38,,,49,46,38,38,95,76,95,171,5,8,13,3,3
02.03.2017,Zalgiris Kaunas,Fenerbahce Ulker,Fenerbahce Ulker,67,76,17,19,36,14,11,25,17,25,42,19,21,40,,,31,30,36,46,61,82,61,143,2,6,7,9,9
24.02.2017,Real Madrid,Darussafaka Ct,Real Madrid,101,83,30,14,44,23,23,46,22,23,45,26,23,49,,,53,37,48,46,90,94,90,184,16,11,15,18,18
24.02.2017,Panathinaikos,Unics Kazan,Panathinaikos,83,82,24,25,49,15,21,36,13,15,28,31,21,52,,,39,46,44,36,85,80,85,165,1,2,9,1,1
24.02.2017,Bamberg,Zalgiris Kaunas,Zalgiris Kaunas,86,91,22,28,50,23,21,44,23,18,41,18,24,42,,,45,49,41,42,94,83,94,177,6,8,1,5,5
24.02.2017,Anadolu Efes SK,Baskonia,Anadolu Efes SK,96,85,23,21,44,24,17,41,26,22,48,23,25,48,,,47,38,49,47,85,96,85,181,2,11,13,11,11
23.02.2017,Olimpia Milano,Barcelona,Barcelona,78,83,22,22,44,23,19,42,10,24,34,23,18,41,,,45,41,33,42,86,75,86,161,0,8,10,5,5
23.02.2017,Crvena Zvezda,Galatasaray CC,Crvena Zvezda,77,58,20,17,37,28,12,40,16,13,29,13,16,29,,,48,29,29,29,77,58,77,135,3,0,22,19,19
23.02.2017,Fenerbahce Ulker,Olympiacos,Fenerbahce Ulker,67,64,22,22,44,18,12,30,7,22,29,20,8,28,,,40,34,27,30,74,57,74,131,0,7,9,3,3
23.02.2017,CSKA Moscow,Maccabi Tel Aviv,CSKA Moscow,93,81,26,14,40,28,34,62,15,12,27,24,21,45,,,54,48,39,33,102,72,102,174,12,9,9,12,12
10.02.2017,Barcelona,Galatasaray CC,Galatasaray CC,62,69,16,10,26,12,16,28,22,19,41,12,24,36,,,28,26,34,43,54,77,54,131,6,8,5,7,7
10.02.2017,Olympiacos,Zalgiris Kaunas,Olympiacos,73,64,19,19,38,16,16,32,21,19,40,17,10,27,,,35,35,38,29,70,67,70,137,0,3,2,9,9
10.02.2017,Darussafaka Ct,Fenerbahce Ulker,Darussafaka Ct,72,65,10,20,30,24,11,35,13,16,29,25,18,43,,,34,31,38,34,65,72,65,137,10,7,0,7,7
09.02.2017,Panathinaikos,Bamberg,Panathinaikos,81,72,27,19,46,15,22,37,20,13,33,19,18,37,,,42,41,39,31,83,70,83,153,8,2,8,9,9
09.02.2017,Maccabi Tel Aviv,Baskonia,Maccabi Tel Aviv,85,84,22,18,40,24,21,45,23,16,39,16,29,45,,,46,39,39,45,85,84,85,169,4,0,14,1,1
09.02.2017,CSKA Moscow,Crvena Zvezda,CSKA Moscow,102,80,33,26,59,25,20,45,19,18,37,25,16,41,,,58,46,44,34,104,78,104,182,7,2,13,22,22
09.02.2017,Anadolu Efes SK,Olimpia Milano,Anadolu Efes SK,90,86,15,27,42,25,27,52,29,20,49,21,12,33,,,40,54,50,32,94,82,94,176,12,4,5,4,4
09.02.2017,Unics Kazan,Real Madrid,Real Madrid,77,81,18,17,35,18,26,44,23,14,37,18,24,42,,,36,43,41,38,79,79,79,158,1,2,2,4,4
03.02.2017,Crvena Zvezda,Anadolu Efes SK,Anadolu Efes SK,72,86,20,16,36,16,31,47,16,14,30,20,25,45,,,36,47,36,39,83,75,83,158,4,11,9,14,14
03.02.2017,Baskonia,Real Madrid,Real Madrid,71,79,15,16,31,21,23,44,16,20,36,19,20,39,,,36,39,35,40,75,75,75,150,1,4,7,8,8
03.02.2017,Galatasaray CC,Panathinaikos,Panathinaikos,79,84,24,18,42,16,25,41,24,25,49,15,16,31,,,40,43,39,41,83,80,83,163,6,4,4,5,5
02.02.2017,Olimpia Milano,Darussafaka Ct,Olimpia Milano,89,87,20,24,44,18,27,45,23,22,45,28,14,42,,,38,51,51,36,89,87,89,176,4,0,12,2,2
02.02.2017,Bamberg,Maccabi Tel Aviv,Bamberg,90,75,16,21,37,25,22,47,25,10,35,24,22,46,,,41,43,49,32,84,81,84,165,5,6,13,15,15
02.02.2017,Zalgiris Kaunas,Barcelona,Zalgiris Kaunas,89,85,18,24,42,21,14,35,22,23,45,28,24,52,,,39,38,50,47,77,97,77,174,6,12,0,4,4
02.02.2017,Fenerbahce Ulker,CSKA Moscow,Fenerbahce Ulker,77,71,15,14,29,21,26,47,24,11,35,17,20,37,,,36,40,41,31,76,72,76,148,1,1,9,6,6
02.02.2017,Unics Kazan,Olympiacos,Olympiacos,75,90,13,33,46,23,23,46,18,13,31,21,21,42,,,36,56,39,34,92,73,92,165,20,17,15,15,15
27.01.2017,Real Madrid,Olimpia Milano,Real Madrid,94,89,22,18,40,24,31,55,23,24,47,25,16,41,,,46,49,48,40,95,88,95,183,4,1,4,5,5
27.01.2017,Olympiacos,Bamberg,Olympiacos,83,77,24,13,37,17,19,36,24,24,48,18,21,39,,,41,32,42,45,73,87,73,160,11,10,9,6,6
27.01.2017,Barcelona,Baskonia,Baskonia,79,93,20,21,41,23,32,55,20,30,50,16,10,26,,,43,53,36,40,96,76,96,172,1,17,20,14,14
27.01.2017,Darussafaka Ct,Zalgiris Kaunas,Zalgiris Kaunas,66,69,14,16,30,17,22,39,18,17,35,17,14,31,,,31,38,35,31,69,66,69,135,2,3,6,3,3
27.01.2017,CSKA Moscow,Anadolu Efes SK,CSKA Moscow,80,77,25,24,49,17,11,28,23,17,40,15,25,40,,,42,35,38,42,77,80,77,157,1,3,13,3,3
26.01.2017,Maccabi Tel Aviv,Unics Kazan,Maccabi Tel Aviv,60,52,16,9,25,17,15,32,12,14,26,15,14,29,,,33,24,27,28,57,55,57,112,7,3,7,8,8
26.01.2017,Crvena Zvezda,Panathinaikos,Crvena Zvezda,72,66,20,14,34,19,19,38,18,23,41,15,10,25,,,39,33,33,33,72,66,72,138,6,0,1,6,6
26.01.2017,Fenerbahce Ulker,Galatasaray CC,Fenerbahce Ulker,85,80,19,27,46,22,27,49,23,12,35,21,14,35,,,41,54,44,26,95,70,95,165,8,10,2,5,5
25.01.2017,Olimpia Milano,Olympiacos,Olimpia Milano,99,83,15,21,36,26,20,46,26,20,46,32,22,54,,,41,41,58,42,82,100,82,182,6,17,6,16,16
25.01.2017,Bamberg,Real Madrid,Real Madrid,89,91,21,25,46,26,26,52,22,19,41,20,21,41,,,47,51,42,40,98,82,98,180,4,9,1,2,2
25.01.2017,Anadolu Efes SK,Darussafaka Ct,Anadolu Efes SK,93,81,25,19,44,17,19,36,22,18,40,29,25,54,,,42,38,51,43,80,94,80,174,6,13,8,12,12
24.01.2017,Baskonia,Crvena Zvezda,Crvena Zvezda,69,87,15,25,40,12,25,37,22,20,42,20,17,37,,,27,50,42,37,77,79,77,156,10,8,21,18,18
24.01.2017,Panathinaikos,Barcelona,Panathinaikos,71,65,15,13,28,21,16,37,18,17,35,17,19,36,,,36,29,35,36,65,71,65,136,2,6,8,6,6
24.01.2017,Zalgiris Kaunas,CSKA Moscow,Zalgiris Kaunas,79,74,20,20,40,18,25,43,19,16,35,22,13,35,,,38,45,41,29,83,70,83,153,0,4,4,5,5
24.01.2017,Galatasaray CC,Maccabi Tel Aviv,Galatasaray CC,102,63,20,16,36,32,23,55,20,13,33,30,11,41,,,52,39,50,24,91,74,91,165,4,11,20,39,39
24.01.2017,Unics Kazan,Fenerbahce Ulker,Fenerbahce Ulker,81,86,15,22,37,19,17,36,26,29,55,21,18,39,,,34,39,47,47,73,94,73,167,7,8,8,5,5
20.01.2017,Olympiacos,Baskonia,Olympiacos,92,62,24,17,41,26,11,37,26,15,41,16,19,35,,,50,28,42,34,78,76,78,154,7,14,33,30,30
20.01.2017,Darussafaka Ct,Unics Kazan,Darussafaka Ct,71,64,23,17,40,10,17,27,18,18,36,20,12,32,,,33,34,38,30,67,68,67,135,6,4,1,7,7
20.01.2017,Zalgiris Kaunas,Real Madrid,Real Madrid,59,74,17,17,34,16,24,40,20,12,32,6,21,27,,,33,41,26,33,74,59,74,133,0,15,0,15,15
19.01.2017,Barcelona,Anadolu Efes SK,Barcelona,89,78,16,15,31,17,19,36,30,19,49,26,25,51,,,33,34,56,44,67,100,67,167,1,22,10,11,11
19.01.2017,Olimpia Milano,Galatasaray CC,Olimpia Milano,92,87,23,21,44,26,18,44,22,21,43,21,27,48,,,49,39,43,48,88,91,88,179,2,4,11,5,5
19.01.2017,Maccabi Tel Aviv,Crvena Zvezda,Crvena Zvezda,67,71,17,16,33,17,17,34,20,15,35,13,23,36,,,34,33,33,38,67,71,67,138,1,0,6,4,4
19.01.2017,Fenerbahce Ulker,Panathinaikos,Fenerbahce Ulker,84,63,27,16,43,17,12,29,16,17,33,24,18,42,,,44,28,40,35,72,75,72,147,11,12,15,21,21
19.01.2017,CSKA Moscow,Bamberg,CSKA Moscow,85,64,21,17,38,23,16,39,25,15,40,16,16,32,,,44,33,41,31,77,72,77,149,4,8,21,21,21
13.01.2017,Real Madrid,Maccabi Tel Aviv,Real Madrid,80,75,16,21,37,21,15,36,16,20,36,27,19,46,,,37,36,43,39,73,82,73,155,5,7,3,5,5
13.01.2017,Panathinaikos,Anadolu Efes SK,Panathinaikos,92,81,21,13,34,17,19,36,12,18,30,20,20,40,,,38,32,32,38,70,70,70,140,8,0,0,0,11
13.01.2017,CSKA Moscow,Olimpia Milano,CSKA Moscow,101,64,27,9,36,29,16,45,22,21,43,23,18,41,,,56,25,45,39,81,84,81,165,18,20,32,37,37
13.01.2017,Galatasaray CC,Zalgiris Kaunas,Galatasaray CC,87,79,17,17,34,23,17,40,25,23,48,22,22,44,,,40,34,47,45,74,92,74,166,0,13,8,8,8
12.01.2017,Barcelona,Olympiacos,Olympiacos,67,69,20,17,37,13,12,25,21,27,48,13,13,26,,,33,29,34,40,62,74,62,136,3,5,2,2,2
12.01.2017,Crvena Zvezda,Fenerbahce Ulker,Crvena Zvezda,75,73,23,23,46,21,19,40,17,17,34,14,14,28,,,44,42,31,31,86,62,86,148,0,11,2,2,2
12.01.2017,Darussafaka Ct,Baskonia,Darussafaka Ct,98,89,20,24,44,27,22,49,30,22,52,21,21,42,,,47,46,51,43,93,94,93,187,4,5,9,9,9
12.01.2017,Unics Kazan,Bamberg,Unics Kazan,63,58,13,20,33,17,16,33,16,11,27,17,11,28,,,30,36,33,22,66,55,66,121,7,3,1,5,5
06.01.2017,Real Madrid,CSKA Moscow,Real Madrid,95,85,23,24,47,27,22,49,24,24,48,21,15,36,,,50,46,45,39,96,84,96,180,1,1,4,10,10
06.01.2017,Olympiacos,Panathinaikos,Olympiacos,77,69,17,11,28,21,26,47,17,13,30,22,19,41,,,38,37,39,32,75,71,75,146,6,2,5,8,8
06.01.2017,Zalgiris Kaunas,Crvena Zvezda,Crvena Zvezda,61,77,7,21,28,15,26,41,17,14,31,22,16,38,,,22,47,39,30,69,69,69,138,14,8,22,16,16
06.01.2017,Fenerbahce Ulker,Olimpia Milano,Fenerbahce Ulker,86,79,18,19,37,23,21,44,22,18,40,23,21,44,,,41,40,45,39,81,84,81,165,1,5,5,7,7
05.01.2017,Baskonia,Unics Kazan,Baskonia,102,70,25,15,40,28,21,49,24,14,38,25,20,45,,,53,36,49,34,89,83,89,172,10,13,27,32,32
05.01.2017,Maccabi Tel Aviv,Darussafaka Ct,Maccabi Tel Aviv,93,92,29,14,43,24,22,46,14,35,49,26,21,47,,,53,36,40,56,89,96,89,185,15,4,4,1,1
05.01.2017,Bamberg,Barcelona,Bamberg,85,65,18,17,35,22,14,36,19,16,35,26,18,44,,,40,31,45,34,71,79,71,150,1,14,12,20,20
05.01.2017,Anadolu Efes SK,Galatasaray CC,Anadolu Efes SK,84,73,22,18,40,20,18,38,24,23,47,18,14,32,,,42,36,42,37,78,79,78,157,4,6,7,11,11
30.12.2016,Barcelona,Darussafaka Ct,Barcelona,81,77,19,22,41,16,18,34,24,17,41,22,20,42,,,35,40,46,37,75,83,75,158,3,6,2,4,4
30.12.2016,Galatasaray CC,Bamberg,Bamberg,75,90,19,24,43,19,23,42,14,27,41,23,16,39,,,38,47,37,43,85,80,85,165,5,10,22,15,15
30.12.2016,Unics Kazan,Panathinaikos,Unics Kazan,83,81,13,19,32,22,25,47,28,21,49,20,16,36,,,35,44,48,37,79,85,79,164,6,4,2,2,2
29.12.2016,Baskonia,Maccabi Tel Aviv,Baskonia,101,88,30,24,54,12,16,28,29,24,53,30,24,54,,,42,40,59,48,82,107,82,189,6,19,7,13,13
29.12.2016,Olimpia Milano,Zalgiris Kaunas,Zalgiris Kaunas,70,78,16,21,37,17,15,32,23,20,43,14,22,36,,,33,36,37,42,69,79,69,148,5,1,0,8,8
29.12.2016,Olympiacos,Fenerbahce Ulker,Olympiacos,71,62,18,9,27,22,12,34,18,19,37,13,22,35,,,40,21,31,41,61,72,61,133,9,10,18,9,9
29.12.2016,Crvena Zvezda,CSKA Moscow,Crvena Zvezda,78,67,27,14,41,21,20,41,16,22,38,14,11,25,,,48,34,30,33,82,63,82,145,13,4,8,11,11
29.12.2016,Anadolu Efes SK,Real Madrid,Real Madrid,78,80,22,21,43,14,16,30,27,24,51,15,19,34,,,36,37,42,43,73,85,73,158,1,5,2,2,2
23.12.2016,Barcelona,Olimpia Milano,Barcelona,89,75,32,19,51,17,16,33,23,16,39,17,24,41,,,49,35,40,40,84,80,84,164,13,5,21,14,14
23.12.2016,Panathinaikos,Baskonia,Panathinaikos,69,68,27,18,45,10,23,33,18,18,36,14,9,23,,,37,41,32,27,78,59,78,137,9,9,4,1,1
23.12.2016,Darussafaka Ct,Maccabi Tel Aviv,Darussafaka Ct,86,84,13,22,35,18,26,44,27,13,40,28,23,51,,,31,48,55,36,79,91,79,170,9,7,3,2,2
23.12.2016,CSKA Moscow,Fenerbahce Ulker,Fenerbahce Ulker,79,95,23,13,36,18,23,41,18,22,40,16,17,33,,,41,36,34,39,77,73,77,150,10,2,1,0,16
22.12.2016,Bamberg,Olympiacos,Bamberg,82,68,23,13,36,25,17,42,11,20,31,23,18,41,,,48,30,34,38,78,72,78,150,10,4,9,14,14
22.12.2016,Crvena Zvezda,Real Madrid,Crvena Zvezda,82,70,20,19,39,23,16,39,19,16,35,20,19,39,,,43,35,39,35,78,74,78,152,1,4,11,12,12
22.12.2016,Zalgiris Kaunas,Unics Kazan,Unics Kazan,80,88,19,23,42,27,20,47,23,15,38,11,30,41,,,46,43,34,45,89,79,89,168,4,9,11,8,8
22.12.2016,Galatasaray CC,Anadolu Efes SK,Anadolu Efes SK,76,86,18,16,34,26,22,48,14,22,36,18,26,44,,,44,38,32,48,82,80,82,162,2,6,2,10,10
21.12.2016,Baskonia,Barcelona,Baskonia,65,62,9,16,25,15,14,29,23,15,38,18,17,35,,,24,30,41,32,54,73,54,127,7,11,2,3,3
21.12.2016,Maccabi Tel Aviv,CSKA Moscow,CSKA Moscow,76,80,31,16,47,15,26,41,13,16,29,17,22,39,,,46,42,30,38,88,68,88,156,15,12,1,4,4
21.12.2016,Olimpia Milano,Panathinaikos,Panathinaikos,72,86,21,16,37,8,24,32,13,24,37,30,22,52,,,29,40,43,46,69,89,69,158,5,3,22,14,14
21.12.2016,Fenerbahce Ulker,Darussafaka Ct,Darussafaka Ct,64,71,18,20,38,17,17,34,13,13,26,16,21,37,,,35,37,29,34,72,63,72,135,2,8,2,7,7
20.12.2016,Real Madrid,Bamberg,Real Madrid,95,72,24,9,33,23,16,39,25,15,40,23,32,55,,,47,25,48,47,72,95,72,167,15,23,32,23,23
20.12.2016,Olympiacos,Crvena Zvezda,Olympiacos,73,65,22,18,40,23,16,39,11,9,20,17,22,39,,,45,34,28,31,79,59,79,138,4,6,13,8,8
20.12.2016,Anadolu Efes SK,Zalgiris Kaunas,Zalgiris Kaunas,71,84,13,16,29,17,28,45,21,22,43,20,18,38,,,30,44,41,40,74,81,74,155,3,3,15,13,13
20.12.2016,Unics Kazan,Galatasaray CC,Unics Kazan,73,60,15,11,26,22,20,42,18,12,30,18,17,35,,,37,31,36,29,68,65,68,133,4,5,12,13,13
16.12.2016,Panathinaikos,Fenerbahce Ulker,Panathinaikos,81,70,23,14,37,18,23,41,20,15,35,20,18,38,,,41,37,40,33,78,73,78,151,9,3,9,11,11
16.12.2016,CSKA Moscow,Barcelona,CSKA Moscow,92,76,24,11,35,20,31,51,27,23,50,21,11,32,,,44,42,48,34,86,82,86,168,13,6,6,16,16
16.12.2016,Galatasaray CC,Olimpia Milano,Galatasaray CC,83,80,21,15,36,22,17,39,19,27,46,21,21,42,,,43,32,40,48,75,88,75,163,6,8,3,3,3
15.12.2016,Bamberg,Anadolu Efes SK,Bamberg,91,83,23,22,45,25,19,44,23,23,46,20,19,39,,,48,41,43,42,89,85,89,174,1,2,7,8,8
15.12.2016,Crvena Zvezda,Maccabi Tel Aviv,Crvena Zvezda,83,58,19,14,33,23,10,33,23,18,41,18,16,34,,,42,24,41,34,66,75,66,141,5,17,23,25,25
15.12.2016,Zalgiris Kaunas,Olympiacos,Olympiacos,75,88,23,21,44,17,21,38,20,21,41,15,25,40,,,40,42,35,46,82,81,82,163,2,7,3,13,13
15.12.2016,Darussafaka Ct,Real Madrid,Darussafaka Ct,81,68,17,20,37,18,11,29,17,13,30,29,24,53,,,35,31,46,37,66,83,66,149,3,15,8,13,13
15.12.2016,Unics Kazan,Baskonia,Baskonia,91,92,20,22,42,20,21,41,27,24,51,24,25,49,,,40,43,51,49,83,100,83,183,2,8,0,1,1
09.12.2016,Baskonia,Darussafaka Ct,Baskonia,73,52,18,9,27,19,10,29,18,14,32,18,19,37,,,37,19,36,33,56,69,56,125,9,17,22,21,21
09.12.2016,Olympiacos,Unics Kazan,Olympiacos,88,59,24,16,40,19,12,31,25,14,39,20,17,37,,,43,28,45,31,71,76,71,147,8,17,26,29,29
09.12.2016,Panathinaikos,Galatasaray CC,Panathinaikos,85,58,20,13,33,19,18,37,25,14,39,21,13,34,,,39,31,46,27,70,73,70,143,7,15,19,27,27
09.12.2016,Anadolu Efes SK,Barcelona,Anadolu Efes SK,72,68,21,15,36,15,13,28,18,17,35,18,23,41,,,36,28,36,40,64,76,64,140,6,8,9,4,4
08.12.2016,Real Madrid,Zalgiris Kaunas,Real Madrid,96,91,25,22,47,24,27,51,25,20,45,22,22,44,,,49,49,47,42,98,89,98,187,3,2,5,5,5
08.12.2016,Olimpia Milano,CSKA Moscow,CSKA Moscow,64,79,23,21,44,15,15,30,16,30,46,10,13,23,,,38,36,26,43,74,69,74,143,2,10,12,15,15
08.12.2016,Fenerbahce Ulker,Crvena Zvezda,Fenerbahce Ulker,87,72,20,18,38,21,13,34,27,19,46,19,22,41,,,41,31,46,41,72,87,72,159,2,15,18,15,15
07.12.2016,Maccabi Tel Aviv,Bamberg,Bamberg,70,85,16,20,36,14,26,40,22,16,38,18,23,41,,,30,46,40,39,76,79,76,155,4,6,10,15,15
02.12.2016,Barcelona,Panathinaikos,Barcelona,72,57,19,19,38,17,12,29,21,9,30,15,17,32,,,36,31,36,26,67,62,67,129,0,5,17,15,15
02.12.2016,Baskonia,Galatasaray CC,Baskonia,69,62,22,9,31,14,23,37,18,16,34,15,14,29,,,36,32,33,30,68,63,68,131,13,1,6,7,7
02.12.2016,Crvena Zvezda,Zalgiris Kaunas,Zalgiris Kaunas,79,88,16,24,40,28,18,46,22,24,46,13,22,35,,,44,42,35,46,86,81,86,167,8,7,0,9,9
02.12.2016,Darussafaka Ct,Olympiacos,Olympiacos,71,77,21,24,45,13,19,32,17,14,31,20,20,40,,,34,43,37,34,77,71,77,148,3,6,6,6,6
01.12.2016,Maccabi Tel Aviv,Anadolu Efes SK,Anadolu Efes SK,77,86,20,21,41,20,26,46,23,16,39,14,23,37,,,40,47,37,39,87,76,87,163,1,10,0,9,9
01.12.2016,Bamberg,CSKA Moscow,CSKA Moscow,88,90,16,17,33,14,24,38,28,20,48,30,29,59,,,30,41,58,49,71,107,71,178,1,17,3,2,2
01.12.2016,Fenerbahce Ulker,Real Madrid,Fenerbahce Ulker,78,77,23,19,42,16,21,37,18,17,35,21,20,41,,,39,40,39,37,79,76,79,155,4,1,0,1,1
01.12.2016,Unics Kazan,Olimpia Milano,Unics Kazan,100,79,35,24,59,22,19,41,16,26,42,27,10,37,,,57,43,43,36,100,79,100,179,11,0,4,21,21
25.11.2016,Panathinaikos,Darussafaka Ct,Panathinaikos,86,80,21,16,37,25,18,43,18,26,44,22,20,42,,,46,34,40,46,80,86,80,166,5,6,4,6,6
25.11.2016,CSKA Moscow,Baskonia,CSKA Moscow,112,84,17,27,44,32,19,51,34,23,57,29,15,44,,,49,46,63,38,95,101,95,196,10,17,14,28,28
25.11.2016,Galatasaray CC,Barcelona,Galatasaray CC,78,64,17,16,33,22,19,41,22,13,35,17,16,33,,,39,35,39,29,74,68,74,142,1,4,13,14,14
24.11.2016,Real Madrid,Unics Kazan,Real Madrid,89,75,25,17,42,15,20,35,22,18,40,27,20,47,,,40,37,49,38,77,87,77,164,8,12,7,14,14
24.11.2016,Olimpia Milano,Fenerbahce Ulker,Fenerbahce Ulker,70,79,17,21,38,19,23,42,27,14,41,7,21,28,,,36,44,34,35,80,69,80,149,4,10,5,9,9
24.11.2016,Zalgiris Kaunas,Bamberg,Zalgiris Kaunas,86,72,18,22,40,29,17,46,24,16,40,15,17,32,,,47,39,39,33,86,72,86,158,4,0,16,14,14
24.11.2016,Olympiacos,Maccabi Tel Aviv,Maccabi Tel Aviv,73,80,20,24,44,17,20,37,12,21,33,24,15,39,,,37,44,36,36,81,72,81,153,4,8,16,7,7
24.11.2016,Anadolu Efes SK,Crvena Zvezda,Anadolu Efes SK,100,79,21,21,42,26,19,45,27,24,51,26,15,41,,,47,40,53,39,87,92,87,179,0,13,10,21,21
18.11.2016,Barcelona,Real Madrid,Real Madrid,63,102,17,29,46,14,25,39,15,21,36,17,27,44,,,31,54,32,48,85,80,85,165,12,22,29,39,39
18.11.2016,Panathinaikos,Olympiacos,Olympiacos,77,79,23,23,46,16,24,40,24,14,38,14,18,32,,,39,47,38,32,86,70,86,156,0,9,2,2,2
18.11.2016,CSKA Moscow,Zalgiris Kaunas,CSKA Moscow,95,86,19,21,40,21,20,41,27,28,55,28,17,45,,,40,41,55,45,81,100,81,181,2,14,2,9,9
18.11.2016,Galatasaray CC,Darussafaka Ct,Galatasaray CC,85,81,17,21,38,20,17,37,28,17,45,20,26,46,,,37,38,48,43,75,91,75,166,4,10,10,4,4
17.11.2016,Baskonia,Bamberg,Baskonia,81,74,16,23,39,16,24,40,23,16,39,26,11,37,,,32,47,49,27,79,76,79,155,7,2,8,7,7
17.11.2016,Crvena Zvezda,Olimpia Milano,Crvena Zvezda,83,70,14,19,33,23,13,36,17,14,31,29,24,53,,,37,32,46,38,69,84,69,153,5,14,8,13,13
17.11.2016,Fenerbahce Ulker,Anadolu Efes SK,Fenerbahce Ulker,88,80,17,25,42,26,17,43,21,19,40,24,19,43,,,43,42,45,38,85,83,85,168,8,3,3,8,8
17.11.2016,Unics Kazan,Maccabi Tel Aviv,Maccabi Tel Aviv,73,74,17,25,42,21,16,37,16,20,36,19,13,32,,,38,41,35,33,79,68,79,147,8,6,7,1,1
16.11.2016,Real Madrid,Panathinaikos,Real Madrid,87,84,21,23,44,32,27,59,19,18,37,15,16,31,,,53,50,34,34,103,68,103,171,2,16,4,3,3
16.11.2016,Olympiacos,Barcelona,Olympiacos,59,52,21,16,37,11,9,20,17,13,30,10,14,24,,,32,25,27,27,57,54,57,111,5,2,11,7,7
16.11.2016,Zalgiris Kaunas,Galatasaray CC,Zalgiris Kaunas,87,75,20,20,40,29,17,46,20,14,34,18,24,42,,,49,37,38,38,86,76,86,162,0,1,18,12,12
16.11.2016,Darussafaka Ct,CSKA Moscow,Darussafaka Ct,91,83,30,18,48,19,19,38,24,20,44,18,26,44,,,49,37,42,46,86,88,86,174,12,5,16,8,8
15.11.2016,Olimpia Milano,Baskonia,Olimpia Milano,88,76,27,17,44,22,18,40,23,21,44,16,20,36,,,49,35,39,41,84,80,84,164,10,4,16,12,12
15.11.2016,Maccabi Tel Aviv,Fenerbahce Ulker,Maccabi Tel Aviv,87,77,15,17,32,28,22,50,23,21,44,21,17,38,,,43,39,44,38,82,82,82,164,2,5,6,10,10
15.11.2016,Bamberg,Crvena Zvezda,Crvena Zvezda,78,79,14,11,25,15,27,42,32,20,52,17,21,38,,,29,38,49,41,67,90,67,157,3,11,3,1,1
15.11.2016,Anadolu Efes SK,Unics Kazan,Anadolu Efes SK,104,99,24,26,50,25,28,53,32,20,52,23,25,48,,,49,54,55,45,103,100,103,203,2,1,7,5,5
11.11.2016,Baskonia,Fenerbahce Ulker,Baskonia,86,52,14,11,25,27,13,40,26,16,42,19,12,31,,,41,24,45,28,65,73,65,138,3,21,27,34,34
11.11.2016,CSKA Moscow,Real Madrid,CSKA Moscow,91,90,17,26,43,32,12,44,24,30,54,18,22,40,,,49,38,42,52,87,94,87,181,9,4,5,1,1
11.11.2016,Galatasaray CC,Olympiacos,Galatasaray CC,89,87,14,20,34,24,14,38,25,23,48,26,30,56,,,38,34,51,53,72,104,72,176,6,17,6,2,2
10.11.2016,Barcelona,Zalgiris Kaunas,Barcelona,92,86,16,12,28,20,23,43,29,24,53,27,27,54,,,36,35,56,51,71,107,71,178,4,21,6,6,6
10.11.2016,Olimpia Milano,Anadolu Efes SK,Olimpia Milano,105,92,25,24,49,30,25,55,24,18,42,26,25,51,,,55,49,50,43,104,93,104,197,1,1,12,13,13
10.11.2016,Panathinaikos,Maccabi Tel Aviv,Panathinaikos,83,75,18,12,30,17,16,33,17,15,32,15,24,39,,,35,28,32,39,63,71,63,134,6,4,9,0,8
10.11.2016,Darussafaka Ct,Bamberg,Darussafaka Ct,72,70,23,17,40,17,23,40,20,10,30,12,20,32,,,40,40,32,30,80,62,80,142,6,8,10,2,2
10.11.2016,Unics Kazan,Crvena Zvezda,Unics Kazan,65,62,17,17,34,10,15,25,14,11,25,24,19,43,,,27,32,38,30,59,68,59,127,0,6,2,3,3
04.11.2016,Crvena Zvezda,Baskonia,Baskonia,63,70,15,22,37,13,15,28,20,22,42,15,11,26,,,28,37,35,33,65,68,65,133,7,2,11,7,7
04.11.2016,Anadolu Efes SK,Panathinaikos,Anadolu Efes SK,91,83,16,20,36,19,22,41,18,11,29,17,17,34,,,35,42,35,28,77,63,77,140,4,7,0,0,8
04.11.2016,Zalgiris Kaunas,Darussafaka Ct,Darussafaka Ct,80,83,25,15,40,10,11,21,21,35,56,24,22,46,,,35,26,45,57,61,102,61,163,10,19,5,3,3
03.11.2016,Real Madrid,Galatasaray CC,Real Madrid,90,81,19,22,41,26,25,51,21,17,38,24,17,41,,,45,47,45,34,92,79,92,171,3,2,2,9,9
03.11.2016,Bamberg,Olimpia Milano,Bamberg,106,102,18,21,39,20,25,45,23,18,41,30,27,57,,,38,46,53,45,84,98,84,182,3,7,3,0,4
03.11.2016,Olympiacos,CSKA Moscow,CSKA Moscow,75,81,21,25,46,7,19,26,23,22,45,24,15,39,,,28,44,47,37,72,84,72,156,4,3,15,6,6
02.11.2016,Maccabi Tel Aviv,Barcelona,Barcelona,69,79,18,20,38,16,20,36,13,18,31,22,21,43,,,34,40,35,39,74,74,74,148,2,5,11,10,10
02.11.2016,Fenerbahce Ulker,Unics Kazan,Unics Kazan,73,81,15,20,35,24,23,47,23,20,43,11,18,29,,,39,43,34,38,82,72,82,154,5,9,1,8,8
28.10.2016,Barcelona,Bamberg,Barcelona,78,74,19,19,38,21,19,40,19,19,38,19,17,36,,,40,38,38,36,78,74,78,152,0,0,2,4,4
28.10.2016,Panathinaikos,Crvena Zvezda,Panathinaikos,70,59,23,14,37,23,11,34,15,16,31,9,18,27,,,46,25,24,34,71,58,71,129,9,1,20,11,11
28.10.2016,Galatasaray CC,Fenerbahce Ulker,Fenerbahce Ulker,87,103,19,22,41,22,26,48,23,22,45,23,33,56,,,41,48,46,55,89,101,89,190,3,2,6,16,16
28.10.2016,Zalgiris Kaunas,Maccabi Tel Aviv,Maccabi Tel Aviv,74,87,16,21,37,16,22,38,25,21,46,17,23,40,,,32,43,42,44,75,86,75,161,5,1,7,13,13
27.10.2016,Baskonia,Olympiacos,Olympiacos,90,95,27,22,49,25,25,50,22,25,47,16,23,39,,,52,47,38,48,99,86,99,185,5,9,2,5,5
27.10.2016,Olimpia Milano,Real Madrid,Real Madrid,90,101,20,26,46,21,26,47,25,23,48,24,26,50,,,41,52,49,49,93,98,93,191,6,3,9,11,11
27.10.2016,Darussafaka Ct,Anadolu Efes SK,Anadolu Efes SK,79,84,20,13,33,26,22,48,19,23,42,14,26,40,,,46,35,33,49,81,82,81,163,7,2,7,5,5
27.10.2016,CSKA Moscow,Unics Kazan,CSKA Moscow,98,80,23,20,43,24,23,47,21,12,33,30,25,55,,,47,43,51,37,90,88,90,178,3,8,13,18,18
26.10.2016,Maccabi Tel Aviv,Galatasaray CC,Maccabi Tel Aviv,98,92,18,24,42,26,23,49,25,18,43,29,27,56,,,44,47,54,45,91,99,91,190,6,7,4,6,6
26.10.2016,Bamberg,Panathinaikos,Panathinaikos,83,84,15,20,35,22,22,44,26,20,46,20,22,42,,,37,42,46,42,79,88,79,167,5,4,1,1,1
26.10.2016,Fenerbahce Ulker,Zalgiris Kaunas,Fenerbahce Ulker,82,68,28,24,52,16,13,29,19,19,38,19,12,31,,,44,37,38,31,81,69,81,150,4,1,7,14,14
26.10.2016,Crvena Zvezda,Barcelona,Crvena Zvezda,76,65,9,16,25,31,15,46,20,17,37,16,17,33,,,40,31,36,34,71,70,71,141,7,5,12,11,11
25.10.2016,Real Madrid,Baskonia,Baskonia,87,91,19,32,51,24,22,46,23,15,38,21,22,43,,,43,54,44,37,97,81,97,178,13,10,3,4,4
25.10.2016,Anadolu Efes SK,CSKA Moscow,CSKA Moscow,87,93,23,26,49,14,23,37,26,20,46,24,24,48,,,37,49,50,44,86,94,86,180,3,1,6,6,6
25.10.2016,Olympiacos,Olimpia Milano,Olympiacos,91,81,25,19,44,21,22,43,24,20,44,21,20,41,,,46,41,45,40,87,85,87,172,6,4,9,10,10
25.10.2016,Unics Kazan,Darussafaka Ct,Darussafaka Ct,87,94,29,28,57,18,18,36,12,19,31,28,29,57,,,47,46,40,48,93,88,93,181,1,6,6,7,7
21.10.2016,Barcelona,Fenerbahce Ulker,Fenerbahce Ulker,72,73,19,21,40,17,19,36,15,13,28,21,20,41,,,36,40,36,33,76,69,76,145,2,4,2,1,1
21.10.2016,CSKA Moscow,Panathinaikos,CSKA Moscow,81,77,22,19,41,13,11,24,22,28,50,24,19,43,,,35,30,46,47,65,93,65,158,3,16,1,4,4
21.10.2016,Galatasaray CC,Crvena Zvezda,Crvena Zvezda,83,85,30,17,47,17,30,47,20,22,42,16,16,32,,,47,47,36,38,94,74,94,168,13,11,2,2,2
21.10.2016,Zalgiris Kaunas,Baskonia,Zalgiris Kaunas,78,73,20,23,43,14,17,31,27,21,48,17,12,29,,,34,40,44,33,74,77,74,151,3,4,0,5,5
20.10.2016,Darussafaka Ct,Olimpia Milano,Olimpia Milano,80,81,23,24,47,18,22,40,17,14,31,22,21,43,,,41,46,39,35,87,74,87,161,1,7,2,1,1
20.10.2016,Maccabi Tel Aviv,Real Madrid,Real Madrid,82,89,16,20,36,17,26,43,24,16,40,25,27,52,,,33,46,49,43,79,92,79,171,4,3,5,7,7
20.10.2016,Bamberg,Unics Kazan,Bamberg,89,86,19,17,36,22,27,49,19,23,42,29,19,48,,,41,44,48,42,85,90,85,175,2,4,7,3,3
20.10.2016,Olympiacos,Anadolu Efes SK,Olympiacos,90,66,28,16,44,13,17,30,21,20,41,28,13,41,,,41,33,49,33,74,82,74,156,12,16,9,24,24
14.10.2016,Baskonia,Anadolu Efes SK,Baskonia,85,84,25,27,52,24,24,48,19,22,41,17,11,28,,,49,51,36,33,100,69,100,169,2,15,5,1,1
14.10.2016,Panathinaikos,Zalgiris Kaunas,Panathinaikos,84,76,20,15,35,17,15,32,14,22,36,33,24,57,,,37,30,47,46,67,93,67,160,5,17,1,8,8
14.10.2016,Fenerbahce Ulker,Bamberg,Fenerbahce Ulker,67,66,18,22,40,18,11,29,17,18,35,14,15,29,,,36,33,31,33,69,64,69,133,4,2,2,1,1
14.10.2016,Unics Kazan,Barcelona,Barcelona,63,69,21,23,44,15,11,26,15,9,24,12,26,38,,,36,34,27,35,70,62,70,132,2,7,8,6,6
13.10.2016,Crvena Zvezda,Darussafaka Ct,Darussafaka Ct,70,73,24,17,41,20,13,33,8,16,24,18,27,45,,,44,30,26,43,74,69,74,143,7,4,6,3,3
13.10.2016,Olimpia Milano,Maccabi Tel Aviv,Olimpia Milano,99,97,25,24,49,19,20,39,28,21,49,27,32,59,,,44,44,55,53,88,108,88,196,1,11,7,2,2
13.10.2016,Galatasaray CC,CSKA Moscow,CSKA Moscow,84,109,18,27,45,27,30,57,26,24,50,13,28,41,,,45,57,39,52,102,91,102,193,9,18,10,25,25
12.10.2016,Real Madrid,Olympiacos,Real Madrid,83,65,24,17,41,18,23,41,20,13,33,21,12,33,,,42,40,41,25,82,66,82,148,7,1,9,18,18
30.09.2016,Guandong,CSKA Moscow,CSKA Moscow,75,101,21,25,46,13,28,41,19,22,41,22,26,48,,,34,53,41,48,87,89,87,176,4,12,22,26,26
28.09.2016,Sichuan,CSKA Moscow,CSKA Moscow,49,92,19,29,48,8,20,28,15,19,34,7,24,31,,,27,49,22,43,76,65,76,141,10,27,26,43,43
15.05.2016,Fenerbahce Ulker,CSKA Moscow,CSKA Moscow,96,101,20,22,42,10,28,38,23,19,42,30,14,44,,,30,50,53,33,80,86,80,166,2,3,16,0,5
15.05.2016,Baskonia,Lokomotiv Kuban,Lokomotiv Kuban,75,85,16,20,36,26,20,46,11,21,32,22,24,46,,,42,40,33,45,82,78,82,160,4,7,8,10,10
13.05.2016,Fenerbahce Ulker,Baskonia,Fenerbahce Ulker,88,77,23,15,38,18,25,43,14,17,31,17,15,32,,,41,40,31,32,81,63,81,144,8,9,2,0,11
13.05.2016,CSKA Moscow,Lokomotiv Kuban,CSKA Moscow,88,81,23,12,35,24,25,49,21,22,43,20,22,42,,,47,37,41,44,84,85,84,169,11,4,9,7,7
26.04.2016,Lokomotiv Kuban,Barcelona,Lokomotiv Kuban,81,67,26,21,47,24,18,42,8,23,31,23,5,28,,,50,39,31,28,89,59,89,148,5,8,4,14,14
21.04.2016,Barcelona,Lokomotiv Kuban,Lokomotiv Kuban,80,92,19,21,40,16,19,35,19,11,30,22,25,47,,,35,40,41,36,75,77,75,152,2,1,3,0,12
19.04.2016,Barcelona,Lokomotiv Kuban,Barcelona,82,70,19,23,42,23,13,36,19,14,33,21,20,41,,,42,36,40,34,78,74,78,152,4,4,11,12,12
19.04.2016,Real Madrid,Fenerbahce Ulker,Fenerbahce Ulker,63,75,13,18,31,14,12,26,13,24,37,23,21,44,,,27,30,36,45,57,81,57,138,5,6,14,12,12
19.04.2016,Panathinaikos,Baskonia,Baskonia,75,84,17,20,37,20,22,42,18,14,32,20,28,48,,,37,42,38,42,79,80,79,159,3,4,1,9,9
18.04.2016,Crvena Zvezda,CSKA Moscow,CSKA Moscow,71,78,21,18,39,14,18,32,12,23,35,24,19,43,,,35,36,36,42,71,78,71,149,3,0,12,7,7
15.04.2016,Baskonia,Panathinaikos,Baskonia,82,78,16,21,37,22,15,37,16,15,31,19,22,41,,,38,36,35,37,74,72,74,146,5,1,3,0,4
15.04.2016,Lokomotiv Kuban,Barcelona,Barcelona,66,92,19,24,43,12,24,36,18,23,41,17,21,38,,,31,48,35,44,79,79,79,158,5,13,22,26,26
14.04.2016,Fenerbahce Ulker,Real Madrid,Fenerbahce Ulker,100,78,27,14,41,27,15,42,22,19,41,24,30,54,,,54,29,46,49,83,95,83,178,13,17,28,22,22
14.04.2016,CSKA Moscow,Crvena Zvezda,CSKA Moscow,77,76,20,20,40,24,28,52,19,12,31,14,16,30,,,44,48,33,28,92,61,92,153,0,15,3,1,1
13.04.2016,Baskonia,Panathinaikos,Baskonia,84,68,18,16,34,21,12,33,25,21,46,20,19,39,,,39,28,45,40,67,85,67,152,2,17,15,16,16
13.04.2016,Lokomotiv Kuban,Barcelona,Lokomotiv Kuban,66,61,17,19,36,10,14,24,23,20,43,16,8,24,,,27,33,39,28,60,67,60,127,2,6,3,5,5
12.04.2016,Fenerbahce Ulker,Real Madrid,Fenerbahce Ulker,75,69,15,11,26,26,18,44,12,23,35,22,17,39,,,41,29,34,40,70,74,70,144,4,5,1,6,6
12.04.2016,CSKA Moscow,Crvena Zvezda,CSKA Moscow,84,74,25,20,45,19,20,39,19,16,35,21,18,39,,,44,40,40,34,84,74,84,158,5,0,7,10,10
08.04.2016,Olympiacos,CSKA Moscow,CSKA Moscow,96,99,25,33,58,20,17,37,24,14,38,27,35,62,,,45,50,51,49,95,100,95,195,8,1,5,3,3
08.04.2016,Unicaja,Fenerbahce Ulker,Unicaja,71,67,23,20,43,16,8,24,19,20,39,13,19,32,,,39,28,32,39,67,71,67,138,3,4,10,4,4
08.04.2016,Cedevita,Crvena Zvezda,Cedevita,83,62,29,12,41,23,19,42,16,14,30,15,17,32,,,52,31,31,31,83,62,83,145,17,0,23,21,21
08.04.2016,Darussafaka Ct,Lokomotiv Kuban,Darussafaka Ct,87,86,20,23,43,18,24,42,26,19,45,23,20,43,,,38,47,49,39,85,88,85,173,3,2,2,1,1
07.04.2016,Real Madrid,Khimki,Real Madrid,83,70,33,28,61,21,21,42,12,9,21,17,12,29,,,54,49,29,21,103,50,103,153,5,20,8,13,13
07.04.2016,Bamberg,Baskonia,Bamberg,89,69,29,14,43,16,14,30,18,24,42,26,17,43,,,45,28,44,41,73,85,73,158,15,16,11,20,20
07.04.2016,Anadolu Efes SK,Panathinaikos,Anadolu Efes SK,91,86,17,23,40,26,29,55,18,14,32,30,20,50,,,43,52,48,34,95,82,95,177,6,4,5,5,5
07.04.2016,Zalgiris Kaunas,Barcelona,Barcelona,59,66,16,16,32,18,12,30,14,21,35,11,17,28,,,34,28,25,38,62,63,62,125,0,3,1,7,7
01.04.2016,Panathinaikos,Cedevita,Panathinaikos,76,60,20,5,25,22,14,36,16,18,34,18,23,41,,,42,19,34,41,61,75,61,136,15,15,21,16,16
01.04.2016,Baskonia,Real Madrid,Baskonia,89,88,11,21,32,25,25,50,31,21,52,22,21,43,,,36,46,53,42,82,95,82,177,10,7,0,1,1
01.04.2016,Fenerbahce Ulker,Anadolu Efes SK,Fenerbahce Ulker,90,86,19,16,35,18,18,36,29,16,45,24,36,60,,,37,34,53,52,71,105,71,176,3,19,16,4,4
01.04.2016,CSKA Moscow,Zalgiris Kaunas,CSKA Moscow,100,86,21,23,44,26,25,51,27,13,40,26,25,51,,,47,48,53,38,95,91,95,186,2,5,13,14,14
31.03.2016,Barcelona,Bamberg,Barcelona,75,57,18,12,30,25,11,36,16,18,34,16,16,32,,,43,23,32,34,66,66,66,132,6,9,18,18,18
31.03.2016,Crvena Zvezda,Darussafaka Ct,Darussafaka Ct,61,80,20,15,35,14,20,34,15,20,35,12,25,37,,,34,35,27,45,69,72,69,141,5,8,6,19,19
31.03.2016,Khimki,Olympiacos,Khimki,98,66,25,22,47,23,14,37,28,14,42,22,16,38,,,48,36,50,30,84,80,84,164,3,14,26,32,32
31.03.2016,Lokomotiv Kuban,Unicaja,Lokomotiv Kuban,81,60,18,14,32,21,21,42,23,20,43,19,5,24,,,39,35,42,25,74,67,74,141,4,7,7,21,21
25.03.2016,Anadolu Efes SK,Unicaja,Anadolu Efes SK,87,67,27,11,38,22,19,41,16,17,33,22,20,42,,,49,30,38,37,79,75,79,154,16,8,18,20,20
25.03.2016,Olympiacos,Real Madrid,Olympiacos,99,84,23,17,40,30,16,46,20,21,41,26,30,56,,,53,33,46,51,86,97,86,183,6,13,19,15,15
25.03.2016,Cedevita,Fenerbahce Ulker,Cedevita,89,59,22,13,35,22,17,39,27,13,40,18,16,34,,,44,30,45,29,74,74,74,148,9,15,28,30,30
25.03.2016,Zalgiris Kaunas,Khimki,Khimki,71,76,17,20,37,20,15,35,12,21,33,22,20,42,,,37,35,34,41,72,75,72,147,3,1,7,5,5
24.03.2016,Bamberg,CSKA Moscow,Bamberg,91,83,22,20,42,21,19,40,25,28,53,23,16,39,,,43,39,48,44,82,92,82,174,2,9,1,8,8
24.03.2016,Darussafaka Ct,Panathinaikos,Panathinaikos,84,86,30,22,52,12,18,30,21,25,46,21,21,42,,,42,40,42,46,82,88,82,170,8,2,2,2,2
24.03.2016,Lokomotiv Kuban,Crvena Zvezda,Lokomotiv Kuban,86,62,19,15,34,26,20,46,21,14,35,20,13,33,,,45,35,41,27,80,68,80,148,4,6,17,24,24
23.03.2016,Baskonia,Barcelona,Baskonia,75,71,15,16,31,25,17,42,16,12,28,19,26,45,,,40,33,35,38,73,73,73,146,1,2,11,4,4
18.03.2016,Olympiacos,Zalgiris Kaunas,Olympiacos,74,59,14,15,29,25,15,40,19,11,30,16,18,34,,,39,30,35,29,69,64,69,133,1,5,17,15,15
18.03.2016,Unicaja,Crvena Zvezda,Crvena Zvezda,72,78,20,12,32,23,15,38,17,26,43,12,25,37,,,43,27,29,51,70,80,70,150,8,2,7,6,6
18.03.2016,Anadolu Efes SK,Cedevita,Anadolu Efes SK,80,76,20,28,48,14,8,22,19,18,37,27,22,49,,,34,36,46,40,70,86,70,156,8,10,1,4,4
18.03.2016,Bamberg,Khimki,Bamberg,84,79,16,17,33,24,23,47,16,24,40,28,15,43,,,40,40,44,39,80,83,80,163,1,4,8,5,5
17.03.2016,Barcelona,Real Madrid,Barcelona,72,65,25,4,29,15,24,39,12,23,35,20,14,34,,,40,28,32,37,68,69,68,137,21,4,1,7,7
17.03.2016,Panathinaikos,Lokomotiv Kuban,Panathinaikos,84,79,19,19,38,17,22,39,24,22,46,24,16,40,,,36,41,48,38,77,86,77,163,0,7,3,5,5
17.03.2016,Fenerbahce Ulker,Darussafaka Ct,Fenerbahce Ulker,77,69,25,21,46,20,18,38,12,15,27,20,15,35,,,45,39,32,30,84,62,84,146,4,7,3,8,8
17.03.2016,CSKA Moscow,Baskonia,CSKA Moscow,90,78,20,14,34,20,12,32,28,30,58,22,22,44,,,40,26,50,52,66,102,66,168,6,24,12,12,12
11.03.2016,Barcelona,CSKA Moscow,Barcelona,100,98,21,24,45,26,14,40,13,26,39,25,21,46,,,47,38,38,47,85,85,85,170,3,0,4,0,2
11.03.2016,Crvena Zvezda,Panathinaikos,Crvena Zvezda,69,67,10,18,28,18,13,31,25,11,36,16,25,41,,,28,31,41,36,59,77,59,136,8,10,11,2,2
11.03.2016,Darussafaka Ct,Anadolu Efes SK,Anadolu Efes SK,68,72,15,13,28,11,21,32,24,21,45,18,17,35,,,26,34,42,38,60,80,60,140,2,8,5,4,4
11.03.2016,Zalgiris Kaunas,Real Madrid,Real Madrid,75,90,17,13,30,24,26,50,12,23,35,22,28,50,,,41,39,34,51,80,85,80,165,4,5,9,15,15
10.03.2016,Baskonia,Khimki,Baskonia,98,83,21,24,45,24,22,46,27,15,42,26,22,48,,,45,46,53,37,91,90,91,181,3,7,11,15,15
10.03.2016,Bamberg,Olympiacos,Bamberg,72,71,19,21,40,19,16,35,13,19,32,21,15,36,,,38,37,34,34,75,68,75,143,2,3,5,1,1
10.03.2016,Cedevita,Unicaja,Unicaja,78,91,23,25,48,19,23,42,12,17,29,24,26,50,,,42,48,36,43,90,79,90,169,2,12,11,13,13
10.03.2016,Lokomotiv Kuban,Fenerbahce Ulker,Fenerbahce Ulker,52,55,13,17,30,12,13,25,19,13,32,8,12,20,,,25,30,27,25,55,52,55,107,4,3,1,3,3
04.03.2016,Olympiacos,Baskonia,Olympiacos,82,68,19,16,35,25,14,39,19,17,36,19,21,40,,,44,30,38,38,74,76,74,150,3,8,16,14,14
04.03.2016,Fenerbahce Ulker,Crvena Zvezda,Fenerbahce Ulker,72,65,14,18,32,11,16,27,24,6,30,23,25,48,,,25,34,47,31,59,78,59,137,4,13,9,7,7
04.03.2016,Zalgiris Kaunas,Bamberg,Zalgiris Kaunas,75,73,25,19,44,16,19,35,18,17,35,16,18,34,,,41,38,34,35,79,69,79,148,6,4,4,2,2
03.03.2016,Anadolu Efes SK,Lokomotiv Kuban,Lokomotiv Kuban,61,76,16,17,33,12,21,33,16,15,31,17,23,40,,,28,38,33,38,66,71,66,137,1,5,9,15,15
03.03.2016,Unicaja,Panathinaikos,Panathinaikos,58,76,7,26,33,20,16,36,19,22,41,12,12,24,,,27,42,31,34,69,65,69,134,19,11,18,18,18
03.03.2016,Cedevita,Darussafaka Ct,Darussafaka Ct,77,83,19,24,43,19,19,38,23,16,39,16,24,40,,,38,43,39,40,81,79,81,160,5,4,2,6,6
03.03.2016,Khimki,Barcelona,Khimki,75,61,24,14,38,24,15,39,13,14,27,14,18,32,,,48,29,27,32,77,59,77,136,10,2,18,14,14
02.03.2016,Real Madrid,CSKA Moscow,CSKA Moscow,87,96,18,18,36,19,24,43,25,22,47,25,32,57,,,37,42,50,54,79,104,79,183,0,8,2,9,9
26.02.2016,Barcelona,Olympiacos,Barcelona,82,66,19,19,38,26,12,38,26,16,42,11,19,30,,,45,31,37,35,76,72,76,148,0,6,24,16,16
26.02.2016,Crvena Zvezda,Anadolu Efes SK,Crvena Zvezda,91,82,24,19,43,14,27,41,25,19,44,28,17,45,,,38,46,53,36,84,89,84,173,5,7,2,9,9
25.02.2016,Baskonia,Zalgiris Kaunas,Baskonia,71,65,22,20,42,10,12,22,13,21,34,26,12,38,,,32,32,39,33,64,72,64,136,2,7,8,6,6
25.02.2016,Panathinaikos,Fenerbahce Ulker,Panathinaikos,76,71,15,20,35,21,16,37,19,17,36,21,18,39,,,36,36,40,35,72,75,72,147,5,4,2,5,5
25.02.2016,Bamberg,Real Madrid,Real Madrid,86,90,26,23,49,19,23,42,20,26,46,21,18,39,,,45,46,41,44,91,85,91,176,3,5,7,4,4
25.02.2016,Lokomotiv Kuban,Cedevita,Lokomotiv Kuban,87,63,29,12,41,15,21,36,26,13,39,17,17,34,,,44,33,43,30,77,73,77,150,17,10,24,24,24
25.02.2016,Darussafaka Ct,Unicaja,Darussafaka Ct,78,55,19,16,35,18,12,30,22,17,39,19,10,29,,,37,28,41,27,65,68,65,133,3,13,14,23,23
25.02.2016,CSKA Moscow,Khimki,CSKA Moscow,108,98,28,23,51,25,23,48,24,20,44,31,32,63,,,53,46,55,52,99,107,99,206,5,9,11,10,10
12.02.2016,Barcelona,Zalgiris Kaunas,Barcelona,92,86,16,19,35,22,12,34,27,24,51,27,31,58,,,38,31,54,55,69,109,69,178,3,23,10,6,6
12.02.2016,Panathinaikos,Anadolu Efes SK,Panathinaikos,83,78,17,20,37,19,15,34,28,24,52,19,19,38,,,36,35,47,43,71,90,71,161,3,12,5,5,5
12.02.2016,CSKA Moscow,Olympiacos,CSKA Moscow,92,85,18,15,33,23,18,41,25,28,53,26,24,50,,,41,33,51,52,74,103,74,177,3,18,5,7,7
12.02.2016,Lokomotiv Kuban,Darussafaka Ct,Lokomotiv Kuban,82,58,19,16,35,25,12,37,16,12,28,22,18,40,,,44,28,38,30,72,68,72,140,3,10,20,24,24
11.02.2016,Baskonia,Bamberg,Baskonia,90,64,26,13,39,23,17,40,23,16,39,18,18,36,,,49,30,41,34,79,75,79,154,13,11,26,26,26
11.02.2016,Crvena Zvezda,Cedevita,Crvena Zvezda,94,74,26,12,38,17,20,37,19,24,43,32,18,50,,,43,32,51,42,75,93,75,168,14,19,6,20,20
11.02.2016,Fenerbahce Ulker,Unicaja,Fenerbahce Ulker,80,59,16,15,31,25,13,38,20,17,37,19,14,33,,,41,28,39,31,69,70,69,139,1,11,16,21,21
11.02.2016,Khimki,Real Madrid,Real Madrid,82,93,26,26,52,24,17,41,19,28,47,13,22,35,,,50,43,32,50,93,82,93,175,0,11,2,11,11
05.02.2016,Olympiacos,Khimki,Olympiacos,89,77,20,24,44,18,19,37,24,17,41,27,17,44,,,38,43,51,34,81,85,81,166,4,8,2,12,12
05.02.2016,Real Madrid,Baskonia,Baskonia,68,77,19,19,38,18,22,40,12,18,30,19,18,37,,,37,41,31,36,78,67,78,145,0,10,10,9,9
05.02.2016,Anadolu Efes SK,Fenerbahce Ulker,Fenerbahce Ulker,73,77,21,18,39,20,17,37,16,20,36,16,22,38,,,41,35,32,42,76,74,76,150,3,3,2,4,4
05.02.2016,Zalgiris Kaunas,CSKA Moscow,CSKA Moscow,59,94,11,26,37,18,18,36,16,22,38,14,28,42,,,29,44,30,50,73,80,73,153,15,14,21,35,35
04.02.2016,Unicaja,Lokomotiv Kuban,Lokomotiv Kuban,64,82,16,16,32,16,18,34,15,26,41,17,22,39,,,32,34,32,48,66,80,66,146,0,2,13,18,18
04.02.2016,Bamberg,Barcelona,Bamberg,74,70,13,17,30,22,15,37,18,18,36,21,20,41,,,35,32,39,38,67,77,67,144,4,7,3,4,4
04.02.2016,Darussafaka Ct,Crvena Zvezda,Darussafaka Ct,69,66,21,19,40,20,18,38,14,17,31,14,12,26,,,41,37,28,29,78,57,78,135,2,9,1,3,3
04.02.2016,Cedevita,Panathinaikos,Panathinaikos,60,78,13,18,31,9,21,30,14,21,35,24,18,42,,,22,39,38,39,61,77,61,138,5,1,24,18,18
29.01.2016,Barcelona,Baskonia,Baskonia,78,81,15,13,28,14,18,32,15,20,35,26,19,45,,,29,31,41,39,60,80,60,140,2,10,7,0,3
29.01.2016,Panathinaikos,Darussafaka Ct,Panathinaikos,82,79,16,21,37,26,17,43,21,20,41,19,21,40,,,42,38,40,41,80,81,80,161,5,2,5,3,3
29.01.2016,Crvena Zvezda,Lokomotiv Kuban,Crvena Zvezda,80,66,33,21,54,17,16,33,17,17,34,13,12,25,,,50,37,30,29,87,59,87,146,12,7,13,14,14
29.01.2016,Unicaja,Anadolu Efes SK,Anadolu Efes SK,75,85,23,21,44,24,25,49,19,20,39,9,19,28,,,47,46,28,39,93,67,93,160,2,18,0,10,10
29.01.2016,Khimki,Zalgiris Kaunas,Khimki,111,80,25,18,43,27,20,47,25,23,48,34,19,53,,,52,38,59,42,90,101,90,191,7,21,16,31,31
28.01.2016,Real Madrid,Olympiacos,Real Madrid,84,72,17,19,36,24,16,40,22,13,35,21,24,45,,,41,35,43,37,76,80,76,156,2,8,15,12,12
28.01.2016,Fenerbahce Ulker,Cedevita,Fenerbahce Ulker,86,73,27,12,39,13,21,34,22,28,50,24,12,36,,,40,33,46,40,73,86,73,159,15,13,1,13,13
28.01.2016,CSKA Moscow,Bamberg,CSKA Moscow,91,70,25,23,48,30,11,41,18,16,34,18,20,38,,,55,34,36,36,89,72,89,161,2,2,23,21,21
22.01.2016,Crvena Zvezda,Unicaja,Crvena Zvezda,87,73,21,14,35,20,17,37,19,22,41,27,20,47,,,41,31,46,42,72,88,72,160,7,15,7,14,14
22.01.2016,Darussafaka Ct,Fenerbahce Ulker,Fenerbahce Ulker,100,106,24,37,61,27,25,52,22,24,46,27,20,47,,,51,62,49,44,113,93,113,206,13,13,13,6,6
22.01.2016,Zalgiris Kaunas,Olympiacos,Zalgiris Kaunas,75,55,17,18,35,16,9,25,20,18,38,22,10,32,,,33,27,42,28,60,70,60,130,1,15,8,20,20
22.01.2016,Khimki,Bamberg,Khimki,78,61,16,12,28,14,16,30,24,17,41,24,16,40,,,30,28,48,33,58,81,58,139,4,20,9,17,17
21.01.2016,Real Madrid,Barcelona,Barcelona,86,87,27,17,44,21,20,41,15,25,40,23,25,48,,,48,37,38,50,85,88,85,173,10,1,1,1,1
21.01.2016,Baskonia,CSKA Moscow,Baskonia,81,71,18,10,28,16,24,40,23,20,43,24,17,41,,,34,34,47,37,68,84,68,152,8,13,3,10,10
21.01.2016,Cedevita,Anadolu Efes SK,Cedevita,84,80,24,20,44,23,27,50,18,12,30,19,21,40,,,47,47,37,33,94,70,94,164,4,10,6,4,4
21.01.2016,Lokomotiv Kuban,Panathinaikos,Lokomotiv Kuban,76,67,22,22,44,16,17,33,15,12,27,23,16,39,,,38,39,38,28,77,66,77,143,0,1,2,9,9
15.01.2016,Olympiacos,Bamberg,Bamberg,72,77,10,18,28,16,21,37,21,20,41,25,18,43,,,26,39,46,38,65,84,65,149,8,7,12,5,5
15.01.2016,Real Madrid,Zalgiris Kaunas,Real Madrid,92,86,26,18,44,19,24,43,20,11,31,27,33,60,,,45,42,47,44,87,91,87,178,8,5,12,6,6
15.01.2016,Anadolu Efes SK,Darussafaka Ct,Anadolu Efes SK,84,71,14,15,29,22,12,34,25,24,49,23,20,43,,,36,27,48,44,63,92,63,155,1,21,10,13,13
15.01.2016,Khimki,Baskonia,Khimki,76,68,17,12,29,22,27,49,20,9,29,17,20,37,,,39,39,37,29,78,66,78,144,5,2,11,8,8
14.01.2016,Unicaja,Cedevita,Unicaja,90,67,27,14,41,25,17,42,19,19,38,19,17,36,,,52,31,38,36,83,74,83,157,13,7,21,23,23
14.01.2016,Panathinaikos,Crvena Zvezda,Crvena Zvezda,63,74,14,16,30,20,22,42,14,16,30,15,20,35,,,34,38,29,36,72,65,72,137,2,9,6,11,11
14.01.2016,Fenerbahce Ulker,Lokomotiv Kuban,Fenerbahce Ulker,85,79,20,18,38,17,27,44,14,15,29,34,19,53,,,37,45,48,34,82,82,82,164,2,3,9,6,6
14.01.2016,CSKA Moscow,Barcelona,CSKA Moscow,93,82,28,29,57,26,17,43,22,13,35,17,23,40,,,54,46,39,36,100,75,100,175,1,7,17,11,11
08.01.2016,Panathinaikos,Unicaja,Panathinaikos,68,66,21,17,38,16,16,32,21,22,43,10,11,21,,,37,33,31,33,70,64,70,134,4,2,3,2,2
08.01.2016,Bamberg,Zalgiris Kaunas,Bamberg,96,63,24,13,37,25,16,41,22,23,45,25,11,36,,,49,29,47,34,78,81,78,159,11,18,19,33,33
08.01.2016,Crvena Zvezda,Fenerbahce Ulker,Fenerbahce Ulker,65,88,20,23,43,8,18,26,18,22,40,19,25,44,,,28,41,37,47,69,84,69,153,3,4,17,23,23
08.01.2016,Lokomotiv Kuban,Anadolu Efes SK,Lokomotiv Kuban,78,77,13,21,34,24,22,46,16,16,32,25,18,43,,,37,43,41,34,80,75,80,155,8,2,6,1,1
07.01.2016,Barcelona,Khimki,Barcelona,87,70,23,16,39,26,13,39,18,22,40,20,19,39,,,49,29,38,41,78,79,78,157,7,9,16,17,17
07.01.2016,Baskonia,Olympiacos,Olympiacos,76,82,18,24,42,16,19,35,22,19,41,20,20,40,,,34,43,42,39,77,81,77,158,6,1,6,6,6
07.01.2016,Darussafaka Ct,Cedevita,Cedevita,72,79,26,19,45,13,21,34,19,18,37,14,21,35,,,39,40,33,39,79,72,79,151,7,7,0,7,7
07.01.2016,CSKA Moscow,Real Madrid,CSKA Moscow,95,81,22,20,42,28,21,49,21,23,44,24,17,41,,,50,41,45,40,91,85,91,176,2,4,7,14,14
30.12.2015,Real Madrid,Bamberg,Real Madrid,82,79,13,19,32,17,21,38,27,20,47,25,19,44,,,30,40,52,39,70,91,70,161,6,12,3,3,3
30.12.2015,Fenerbahce Ulker,Panathinaikos,Fenerbahce Ulker,82,75,28,18,46,18,25,43,16,15,31,20,17,37,,,46,43,36,32,89,68,89,157,10,7,4,7,7
30.12.2015,Cedevita,Lokomotiv Kuban,Lokomotiv Kuban,75,89,21,16,37,20,34,54,15,13,28,19,26,45,,,41,50,34,39,91,73,91,164,5,16,7,14,14
30.12.2015,Zalgiris Kaunas,Baskonia,Baskonia,68,89,14,33,47,26,22,48,15,9,24,13,25,38,,,40,55,28,34,95,62,95,157,19,27,9,21,21
30.12.2015,Anadolu Efes SK,Crvena Zvezda,Anadolu Efes SK,85,84,25,23,48,19,31,50,17,18,35,24,12,36,,,44,54,41,30,98,71,98,169,2,13,11,1,1
29.12.2015,Unicaja,Darussafaka Ct,Unicaja,70,62,14,16,30,15,16,31,25,21,46,16,9,25,,,29,32,41,30,61,71,61,132,2,9,1,8,8
29.12.2015,Olympiacos,Barcelona,Olympiacos,74,62,14,14,28,25,12,37,17,14,31,18,22,40,,,39,26,35,36,65,71,65,136,0,9,16,12,12
29.12.2015,Khimki,CSKA Moscow,Khimki,91,89,21,29,50,20,22,42,28,20,48,22,18,40,,,41,51,50,38,92,88,92,180,8,1,2,2,2
18.12.2015,Olimpia Milano,Limoges,Limoges,69,77,19,20,39,22,28,50,13,18,31,15,11,26,,,41,48,28,29,89,57,89,146,1,20,12,8,8
18.12.2015,Olympiacos,Anadolu Efes SK,Anadolu Efes SK,68,81,10,21,31,19,19,38,25,24,49,14,17,31,,,29,40,39,41,69,80,69,149,11,1,10,13,13
18.12.2015,Unicaja,CSKA Moscow,CSKA Moscow,76,88,24,20,44,22,22,44,11,23,34,19,23,42,,,46,42,30,46,88,76,88,164,4,12,8,12,12
18.12.2015,Crvena Zvezda,Bayern,Crvena Zvezda,85,76,31,20,51,13,20,33,12,25,37,29,11,40,,,44,40,41,36,84,77,84,161,11,1,9,9,9
18.12.2015,Zielona Gora,Pinar Karsiyaka,Pinar Karsiyaka,81,83,20,24,44,16,25,41,25,14,39,20,20,40,,,36,49,45,34,85,79,85,164,4,4,2,2,2
18.12.2015,Lokomotiv Kuban,Barcelona,Lokomotiv Kuban,78,74,18,17,35,11,18,29,25,25,50,24,14,38,,,29,35,49,39,64,88,64,152,1,14,6,4,4
17.12.2015,Real Madrid,Strasbourg,Real Madrid,97,65,29,15,44,23,22,45,23,13,36,22,15,37,,,52,37,45,28,89,73,89,162,14,8,25,32,32
17.12.2015,Baskonia,Cedevita,Baskonia,92,70,23,16,39,22,13,35,22,28,50,25,13,38,,,45,29,47,41,74,88,74,162,7,18,10,22,22
17.12.2015,Bamberg,Sassari,Bamberg,86,54,20,14,34,29,19,48,18,14,32,19,7,26,,,49,33,37,21,82,58,82,140,6,4,20,32,32
17.12.2015,Darussafaka Ct,Maccabi Tel Aviv,Maccabi Tel Aviv,66,70,23,19,42,12,19,31,14,12,26,17,20,37,,,35,38,31,32,73,63,73,136,4,7,1,4,4
17.12.2015,Zalgiris Kaunas,Panathinaikos,Panathinaikos,72,75,16,21,37,20,13,33,22,18,40,14,23,37,,,36,34,36,41,70,77,70,147,5,2,6,3,3
17.12.2015,Khimki,Fenerbahce Ulker,Fenerbahce Ulker,68,70,26,24,50,13,15,28,10,11,21,19,20,39,,,39,39,29,31,78,60,78,138,2,10,1,2,2
11.12.2015,Fenerbahce Ulker,Crvena Zvezda,Fenerbahce Ulker,79,61,18,20,38,21,17,38,19,14,33,21,10,31,,,39,37,40,24,76,64,76,140,2,3,7,18,18
11.12.2015,Panathinaikos,Zielona Gora,Panathinaikos,82,51,26,23,49,21,10,31,20,14,34,15,4,19,,,47,33,35,18,80,53,80,133,3,2,20,31,31
11.12.2015,Strasbourg,Khimki,Khimki,69,78,24,20,44,19,25,44,14,14,28,12,19,31,,,43,45,26,33,88,59,88,147,4,19,2,9,9
11.12.2015,Bayern,Real Madrid,Real Madrid,67,86,18,20,38,20,16,36,13,29,42,16,21,37,,,38,36,29,50,74,79,74,153,2,7,14,19,19
11.12.2015,Cedevita,Olimpia Milano,Olimpia Milano,82,85,18,25,43,13,20,33,26,21,47,25,19,44,,,31,45,51,40,76,91,76,167,7,6,9,3,3
11.12.2015,CSKA Moscow,Darussafaka Ct,CSKA Moscow,94,66,24,19,43,27,22,49,29,7,36,14,18,32,,,51,41,43,25,92,68,92,160,5,2,32,28,28
10.12.2015,Barcelona,Zalgiris Kaunas,Zalgiris Kaunas,88,92,16,27,43,22,18,40,25,25,50,25,22,47,,,38,45,50,47,83,97,83,180,11,5,7,4,4
10.12.2015,Limoges,Olympiacos,Olympiacos,67,76,15,20,35,21,26,47,12,19,31,19,11,30,,,36,46,31,30,82,61,82,143,5,15,17,9,9
10.12.2015,Sassari,Unicaja,Unicaja,65,77,23,26,49,16,22,38,12,15,27,14,14,28,,,39,48,26,29,87,55,87,142,3,22,12,12,12
10.12.2015,Maccabi Tel Aviv,Bamberg,Maccabi Tel Aviv,85,65,22,10,32,19,18,37,29,22,51,15,15,30,,,41,28,44,37,69,81,69,150,12,16,20,20,20
10.12.2015,Anadolu Efes SK,Baskonia,Anadolu Efes SK,95,86,16,21,37,25,25,50,26,20,46,28,20,48,,,41,46,54,40,87,94,87,181,5,8,1,9,9
10.12.2015,Pinar Karsiyaka,Lokomotiv Kuban,Lokomotiv Kuban,78,88,22,27,49,21,23,44,14,20,34,21,18,39,,,43,50,35,38,93,73,93,166,5,15,13,10,10
04.12.2015,Panathinaikos,Barcelona,Panathinaikos,93,86,21,22,43,24,13,37,21,22,43,27,29,56,,,45,35,48,51,80,99,80,179,1,13,9,7,7
04.12.2015,Strasbourg,Bayern,Bayern,69,82,15,21,36,14,27,41,11,18,29,29,16,45,,,29,48,40,34,77,74,77,151,6,8,26,13,13
04.12.2015,Crvena Zvezda,Khimki,Crvena Zvezda,96,91,27,26,53,23,27,50,18,16,34,28,22,50,,,50,53,46,38,103,84,103,187,1,7,1,5,5
04.12.2015,Darussafaka Ct,Unicaja,Darussafaka Ct,63,57,20,15,35,10,13,23,15,20,35,18,9,27,,,30,28,33,29,58,62,58,120,5,5,3,6,6
04.12.2015,Lokomotiv Kuban,Zielona Gora,Zielona Gora,51,66,13,24,37,14,16,30,11,12,23,13,14,27,,,27,40,24,26,67,50,67,117,11,16,14,15,15
03.12.2015,Olympiacos,Olimpia Milano,Olympiacos,73,63,14,13,27,11,16,27,23,19,42,25,15,40,,,25,29,48,34,54,82,54,136,1,19,0,10,10
03.12.2015,Bamberg,CSKA Moscow,CSKA Moscow,88,100,20,26,46,27,25,52,23,28,51,18,21,39,,,47,51,41,49,98,90,98,188,6,10,9,12,12
03.12.2015,Real Madrid,Fenerbahce Ulker,Real Madrid,80,73,18,28,46,18,17,35,20,10,30,24,18,42,,,36,45,44,28,81,72,81,153,10,1,1,7,7
03.12.2015,Baskonia,Limoges,Baskonia,92,56,29,15,44,25,14,39,19,14,33,19,13,32,,,54,29,38,27,83,65,83,148,14,9,30,36,36
03.12.2015,Cedevita,Anadolu Efes SK,Anadolu Efes SK,75,81,13,17,30,26,25,51,26,15,41,10,24,34,,,39,42,36,39,81,75,81,156,4,6,8,6,6
03.12.2015,Sassari,Maccabi Tel Aviv,Maccabi Tel Aviv,74,76,15,20,35,18,20,38,19,17,36,22,19,41,,,33,40,41,36,73,77,73,150,5,1,5,2,2
02.12.2015,Zalgiris Kaunas,Pinar Karsiyaka,Zalgiris Kaunas,74,52,22,14,36,18,11,29,13,16,29,21,11,32,,,40,25,34,27,65,61,65,126,8,9,12,22,22
27.11.2015,Darussafaka Ct,Bamberg,Bamberg,54,65,17,17,34,12,15,27,12,18,30,13,15,28,,,29,32,25,33,61,58,61,119,0,7,9,11,11
27.11.2015,Crvena Zvezda,Real Madrid,Crvena Zvezda,94,88,28,18,46,18,25,43,20,24,44,28,21,49,,,46,43,48,45,89,93,89,182,10,5,1,6,6
27.11.2015,CSKA Moscow,Sassari,CSKA Moscow,93,87,25,26,51,25,19,44,20,13,33,23,29,52,,,50,45,43,42,95,85,95,180,1,2,12,6,6
27.11.2015,Pinar Karsiyaka,Panathinaikos,Panathinaikos,66,69,9,21,30,14,15,29,18,14,32,25,19,44,,,23,36,43,33,59,76,59,135,12,7,9,3,3
27.11.2015,Lokomotiv Kuban,Zalgiris Kaunas,Lokomotiv Kuban,80,50,28,14,42,25,3,28,12,10,22,15,23,38,,,53,17,27,33,70,60,70,130,14,10,38,30,30
26.11.2015,Unicaja,Maccabi Tel Aviv,Unicaja,82,68,26,20,46,22,11,33,15,18,33,19,19,38,,,48,31,34,37,79,71,79,150,6,3,14,14,14
26.11.2015,Olimpia Milano,Anadolu Efes SK,Olimpia Milano,88,84,23,21,44,21,25,46,22,19,41,22,19,41,,,44,46,44,38,90,82,90,172,2,2,1,4,4
26.11.2015,Olympiacos,Baskonia,Olympiacos,59,52,12,6,18,24,16,40,10,17,27,13,13,26,,,36,22,23,30,58,53,58,111,6,1,7,7,7
26.11.2015,Limoges,Cedevita,Cedevita,69,78,18,20,38,21,28,49,12,15,27,18,15,33,,,39,48,30,30,87,60,87,147,2,18,12,9,9
26.11.2015,Fenerbahce Ulker,Strasbourg,Fenerbahce Ulker,81,64,22,14,36,18,20,38,21,13,34,20,17,37,,,40,34,41,30,74,71,74,145,8,7,14,17,17
26.11.2015,Zielona Gora,Barcelona,Barcelona,64,93,18,24,42,17,20,37,15,25,40,14,24,38,,,35,44,29,49,79,78,79,157,6,15,19,29,29
26.11.2015,Khimki,Bayern,Bayern,70,81,14,23,37,16,19,35,21,17,38,19,22,41,,,30,42,40,39,72,79,72,151,9,2,8,11,11
20.11.2015,Sassari,Darussafaka Ct,Darussafaka Ct,60,68,16,12,28,14,25,39,11,19,30,19,12,31,,,30,37,30,31,67,61,67,128,4,7,15,8,8
20.11.2015,Panathinaikos,Lokomotiv Kuban,Lokomotiv Kuban,71,77,10,21,31,19,12,31,25,26,51,17,18,35,,,29,33,42,44,62,86,62,148,11,9,5,6,6
20.11.2015,Bamberg,Unicaja,Bamberg,73,53,14,17,31,26,12,38,20,8,28,13,16,29,,,40,29,33,24,69,57,69,126,3,4,23,20,20
20.11.2015,Anadolu Efes SK,Limoges,Anadolu Efes SK,92,74,25,20,45,26,15,41,19,22,41,22,17,39,,,51,35,41,39,86,80,86,166,5,6,13,18,18
19.11.2015,Barcelona,Pinar Karsiyaka,Barcelona,107,79,26,16,42,22,21,43,31,20,51,28,22,50,,,48,37,59,42,85,101,85,186,10,22,22,28,28
19.11.2015,Bayern,Fenerbahce Ulker,Fenerbahce Ulker,67,84,10,30,40,20,20,40,18,17,35,19,17,36,,,30,50,37,34,80,71,80,151,20,13,19,17,17
19.11.2015,Strasbourg,Crvena Zvezda,Strasbourg,78,75,19,30,49,15,22,37,22,12,34,22,11,33,,,34,52,44,23,86,67,86,153,11,8,8,3,3
19.11.2015,Baskonia,Olimpia Milano,Baskonia,94,82,28,19,47,24,18,42,20,17,37,22,28,50,,,52,37,42,45,89,87,89,176,9,5,18,12,12
19.11.2015,Maccabi Tel Aviv,CSKA Moscow,CSKA Moscow,82,88,18,13,31,19,25,44,26,27,53,19,23,42,,,37,38,45,50,75,95,75,170,5,7,2,6,6
19.11.2015,Cedevita,Olympiacos,Olympiacos,70,83,24,21,45,16,20,36,16,23,39,14,19,33,,,40,41,30,42,81,72,81,153,3,11,8,13,13
19.11.2015,Zalgiris Kaunas,Zielona Gora,Zalgiris Kaunas,67,56,17,14,31,19,15,34,21,20,41,10,7,17,,,36,29,31,27,65,58,65,123,3,2,8,11,11
18.11.2015,Real Madrid,Khimki,Khimki,82,85,22,24,46,20,20,40,21,22,43,19,19,38,,,42,44,40,41,86,81,86,167,2,4,3,3,3
13.11.2015,Fenerbahce Ulker,Khimki,Fenerbahce Ulker,88,83,23,21,44,26,20,46,15,18,33,24,24,48,,,49,41,39,42,90,81,90,171,2,2,5,5,5
13.11.2015,Panathinaikos,Zalgiris Kaunas,Panathinaikos,91,56,27,13,40,17,12,29,26,16,42,21,15,36,,,44,25,47,31,69,78,69,147,14,22,29,35,35
13.11.2015,Sassari,Bamberg,Bamberg,73,90,21,14,35,13,22,35,19,24,43,20,30,50,,,34,36,39,54,70,93,70,163,7,3,7,17,17
13.11.2015,Strasbourg,Real Madrid,Strasbourg,93,86,24,25,49,27,19,46,27,19,46,15,23,38,,,51,44,42,42,95,84,95,179,1,2,15,7,7
13.11.2015,Cedevita,Baskonia,Cedevita,76,67,16,18,34,15,19,34,23,13,36,22,17,39,,,31,37,45,30,68,75,68,143,2,8,4,9,9
13.11.2015,Pinar Karsiyaka,Zielona Gora,Pinar Karsiyaka,77,66,21,16,37,15,12,27,21,13,34,20,25,45,,,36,28,41,38,64,79,64,143,5,13,16,11,11
13.11.2015,CSKA Moscow,Unicaja,Unicaja,78,86,20,17,37,23,25,48,22,19,41,13,25,38,,,43,42,35,44,85,79,85,164,3,7,4,8,8
12.11.2015,Barcelona,Lokomotiv Kuban,Barcelona,72,68,18,16,34,19,15,34,11,18,29,24,19,43,,,37,31,35,37,68,72,68,140,2,4,1,4,4
12.11.2015,Bayern,Crvena Zvezda,Crvena Zvezda,79,90,19,19,38,24,19,43,23,25,48,13,27,40,,,43,38,36,52,81,88,81,169,0,2,3,11,11
12.11.2015,Limoges,Olimpia Milano,Limoges,74,65,19,21,40,20,9,29,17,16,33,18,19,37,,,39,30,35,35,69,70,69,139,2,5,10,9,9
12.11.2015,Maccabi Tel Aviv,Darussafaka Ct,Darussafaka Ct,73,84,20,20,40,19,17,36,14,23,37,20,24,44,,,39,37,34,47,76,81,76,157,0,3,7,11,11
12.11.2015,Anadolu Efes SK,Olympiacos,Olympiacos,87,91,13,20,33,17,16,33,24,18,42,22,22,44,,,30,36,46,40,66,86,66,152,7,10,0,0,4
06.11.2015,Unicaja,Sassari,Unicaja,80,62,20,16,36,16,21,37,24,7,31,20,18,38,,,36,37,44,25,73,69,73,142,4,7,16,18,18
06.11.2015,Crvena Zvezda,Fenerbahce Ulker,Fenerbahce Ulker,60,74,19,25,44,12,20,32,11,14,25,18,15,33,,,31,45,29,29,76,58,76,134,6,16,17,14,14
06.11.2015,Zielona Gora,Panathinaikos,Zielona Gora,71,68,19,15,34,21,18,39,17,16,33,14,19,33,,,40,33,31,35,73,66,73,139,4,2,8,3,3
06.11.2015,Zalgiris Kaunas,Barcelona,Barcelona,78,85,23,22,45,16,23,39,18,22,40,21,18,39,,,39,45,39,40,84,79,84,163,1,6,10,7,7
06.11.2015,Lokomotiv Kuban,Pinar Karsiyaka,Lokomotiv Kuban,72,53,17,21,38,13,14,27,22,7,29,20,11,31,,,30,35,42,18,65,60,65,125,4,7,10,19,19
05.11.2015,Baskonia,Anadolu Efes SK,Baskonia,92,90,16,18,34,12,15,27,24,24,48,29,24,53,,,28,33,53,48,61,101,61,162,2,20,5,0,2
05.11.2015,Olimpia Milano,Cedevita,Cedevita,68,77,11,21,32,19,14,33,20,14,34,18,28,46,,,30,35,38,42,65,80,65,145,10,3,1,9,9
05.11.2015,Olympiacos,Limoges,Olympiacos,75,49,16,17,33,12,12,24,23,13,36,24,7,31,,,28,29,47,20,57,67,57,124,1,18,9,26,26
05.11.2015,Real Madrid,Bayern,Real Madrid,101,99,33,20,53,18,31,49,22,30,52,28,18,46,,,51,51,50,48,102,98,102,200,13,1,8,2,2
05.11.2015,Bamberg,Maccabi Tel Aviv,Bamberg,77,66,23,22,45,19,13,32,9,22,31,26,9,35,,,42,35,35,31,77,66,77,143,1,0,6,11,11
05.11.2015,Darussafaka Ct,CSKA Moscow,CSKA Moscow,75,80,19,24,43,24,24,48,9,22,31,23,10,33,,,43,48,32,32,91,64,91,155,5,16,18,5,5
05.11.2015,Khimki,Strasbourg,Khimki,88,62,23,15,38,16,11,27,25,14,39,24,22,46,,,39,26,49,36,65,85,65,150,8,23,24,26,26
30.10.2015,Olimpia Milano,Olympiacos,Olympiacos,66,71,23,20,43,14,19,33,17,13,30,12,19,31,,,37,39,29,32,76,61,76,137,3,10,2,5,5
30.10.2015,Bayern,Strasbourg,Bayern,76,61,18,12,30,13,17,30,23,18,41,22,14,36,,,31,29,45,32,60,77,60,137,6,16,7,15,15
30.10.2015,Unicaja,Darussafaka Ct,Unicaja,81,69,16,20,36,28,17,45,20,16,36,17,16,33,,,44,37,37,32,81,69,81,150,4,0,11,12,12
30.10.2015,Zielona Gora,Lokomotiv Kuban,Lokomotiv Kuban,75,83,15,13,28,23,27,50,19,19,38,18,24,42,,,38,40,37,43,78,80,78,158,2,3,2,8,8
30.10.2015,Fenerbahce Ulker,Real Madrid,Fenerbahce Ulker,77,66,20,18,38,19,14,33,24,24,48,14,10,24,,,39,32,38,34,71,72,71,143,2,6,7,11,11
30.10.2015,Khimki,Crvena Zvezda,Khimki,91,53,22,17,39,29,13,42,20,9,29,20,14,34,,,51,30,40,23,81,63,81,144,5,10,32,38,38
29.10.2015,Barcelona,Panathinaikos,Barcelona,77,52,17,11,28,25,17,42,13,15,28,22,9,31,,,42,28,35,24,70,59,70,129,6,7,12,25,25
29.10.2015,Limoges,Baskonia,Baskonia,71,107,12,26,38,22,34,56,21,18,39,16,29,45,,,34,60,37,47,94,84,94,178,14,23,23,36,36
29.10.2015,Maccabi Tel Aviv,Sassari,Maccabi Tel Aviv,79,63,15,17,32,20,16,36,22,14,36,22,16,38,,,35,33,44,30,68,74,68,142,2,11,10,16,16
29.10.2015,Anadolu Efes SK,Cedevita,Cedevita,75,81,25,21,46,16,15,31,17,18,35,17,27,44,,,41,36,34,45,77,79,77,156,4,2,4,6,6
29.10.2015,CSKA Moscow,Bamberg,CSKA Moscow,83,77,16,15,31,21,13,34,21,21,42,25,28,53,,,37,28,46,49,65,95,65,160,1,18,9,6,6
29.10.2015,Pinar Karsiyaka,Zalgiris Kaunas,Zalgiris Kaunas,66,68,15,23,38,18,15,33,19,20,39,14,10,24,,,33,38,33,30,71,63,71,134,8,5,6,2,2
23.10.2015,Barcelona,Zielona Gora,Barcelona,78,72,19,20,39,24,17,41,21,20,41,14,15,29,,,43,37,35,35,80,70,80,150,1,2,7,6,6
23.10.2015,Sassari,CSKA Moscow,CSKA Moscow,78,107,26,25,51,15,35,50,22,19,41,15,28,43,,,41,60,37,47,101,84,101,185,1,23,16,29,29
23.10.2015,Strasbourg,Fenerbahce Ulker,Strasbourg,91,70,21,24,45,28,17,45,16,17,33,26,12,38,,,49,41,42,29,90,71,90,161,3,1,7,21,21
23.10.2015,Baskonia,Olympiacos,Baskonia,96,89,21,18,39,27,21,48,21,24,45,11,17,28,,,48,39,32,41,87,73,87,160,3,7,6,0,7
23.10.2015,Bamberg,Darussafaka Ct,Bamberg,86,76,20,13,33,16,14,30,31,29,60,19,20,39,,,36,27,50,49,63,99,63,162,7,23,11,10,10
23.10.2015,Zalgiris Kaunas,Lokomotiv Kuban,Lokomotiv Kuban,74,76,31,27,58,9,16,25,17,17,34,17,16,33,,,40,43,34,33,83,67,83,150,4,9,3,2,2
22.10.2015,Real Madrid,Crvena Zvezda,Real Madrid,98,71,22,6,28,34,14,48,26,21,47,16,30,46,,,56,20,42,51,76,93,76,169,16,22,41,27,27
22.10.2015,Panathinaikos,Pinar Karsiyaka,Panathinaikos,85,73,30,15,45,17,19,36,17,18,35,21,21,42,,,47,34,38,39,81,77,81,158,15,4,12,12,12
22.10.2015,Bayern,Khimki,Bayern,69,60,22,16,38,23,15,38,14,20,34,10,9,19,,,45,31,24,29,76,53,76,129,6,7,8,9,9
22.10.2015,Maccabi Tel Aviv,Unicaja,Unicaja,82,93,21,24,45,26,23,49,16,21,37,19,25,44,,,47,47,35,46,94,81,94,175,3,12,5,11,11
22.10.2015,Cedevita,Limoges,Limoges,80,84,19,27,46,13,17,30,22,15,37,26,25,51,,,32,44,48,40,76,88,76,164,8,4,5,4,4
22.10.2015,Anadolu Efes SK,Olimpia Milano,Anadolu Efes SK,89,73,21,20,41,22,22,44,26,21,47,20,10,30,,,43,42,46,31,85,77,85,162,1,4,6,16,16
16.10.2015,Limoges,Anadolu Efes SK,Anadolu Efes SK,77,89,17,30,47,20,17,37,19,21,40,21,21,42,,,37,47,40,42,84,82,84,166,13,7,12,12,12
16.10.2015,Olimpia Milano,Baskonia,Olimpia Milano,78,76,17,23,40,21,13,34,23,10,33,17,30,47,,,38,36,40,40,74,80,74,154,6,4,15,2,2
16.10.2015,Khimki,Real Madrid,Khimki,84,70,21,14,35,22,18,40,18,17,35,23,21,44,,,43,32,41,38,75,79,75,154,7,9,12,14,14
16.10.2015,Zielona Gora,Zalgiris Kaunas,Zalgiris Kaunas,62,66,17,15,32,18,19,37,18,12,30,9,20,29,,,35,34,27,32,69,59,69,128,2,7,7,4,4
16.10.2015,Fenerbahce Ulker,Bayern,Fenerbahce Ulker,74,67,10,20,30,20,19,39,22,20,42,22,8,30,,,30,39,44,28,69,72,69,141,10,5,7,7,7
16.10.2015,Lokomotiv Kuban,Panathinaikos,Lokomotiv Kuban,81,70,17,21,38,28,20,48,18,20,38,18,9,27,,,45,41,36,29,86,65,86,151,4,5,2,11,11
15.10.2015,Olympiacos,Cedevita,Olympiacos,76,61,21,20,41,17,15,32,19,13,32,19,13,32,,,38,35,38,26,73,64,73,137,1,3,9,15,15
15.10.2015,Unicaja,Bamberg,Unicaja,76,71,18,18,36,18,16,34,27,15,42,13,22,35,,,36,34,40,37,70,77,70,147,0,6,14,5,5
15.10.2015,Darussafaka Ct,Sassari,Darussafaka Ct,83,74,15,19,34,17,12,29,14,19,33,20,16,36,,,32,31,34,35,63,69,63,132,4,3,4,0,9
15.10.2015,Crvena Zvezda,Strasbourg,Crvena Zvezda,81,59,19,20,39,24,12,36,19,16,35,19,11,30,,,43,32,38,27,75,65,75,140,1,6,14,22,22
15.10.2015,CSKA Moscow,Maccabi Tel Aviv,CSKA Moscow,100,69,29,20,49,15,9,24,29,19,48,27,21,48,,,44,29,56,40,73,96,73,169,9,27,25,31,31
15.10.2015,Pinar Karsiyaka,Barcelona,Pinar Karsiyaka,71,62,18,18,36,11,9,20,25,11,36,17,24,41,,,29,27,42,35,56,77,56,133,0,15,16,9,9
17.05.2015,Real Madrid,Olympiacos,Real Madrid,78,59,15,19,34,20,9,29,18,18,36,25,13,38,,,35,28,43,31,63,74,63,137,4,15,7,19,19
17.05.2015,Fenerbahce Ulker,CSKA Moscow,CSKA Moscow,80,86,13,27,40,11,21,32,31,18,49,25,20,45,,,24,48,56,38,72,94,72,166,14,8,11,6,6
15.05.2015,Real Madrid,Fenerbahce Ulker,Real Madrid,96,87,20,21,41,35,14,49,21,24,45,20,28,48,,,55,35,41,52,90,93,90,183,1,6,17,9,9
15.05.2015,CSKA Moscow,Olympiacos,Olympiacos,68,70,20,17,37,16,18,34,15,12,27,17,23,40,,,36,35,32,35,71,67,71,138,3,3,4,2,2
23.04.2015,Olympiacos,Barcelona,Olympiacos,71,68,16,17,33,13,20,33,21,13,34,21,18,39,,,29,37,42,31,66,73,66,139,1,5,0,3,3
23.04.2015,Anadolu Efes SK,Real Madrid,Real Madrid,63,76,21,18,39,18,15,33,10,18,28,14,25,39,,,39,33,24,43,72,67,72,139,3,9,2,13,13
22.04.2015,Panathinaikos,CSKA Moscow,CSKA Moscow,55,74,11,21,32,21,16,37,12,23,35,11,14,25,,,32,37,23,37,69,60,69,129,10,14,16,19,19
21.04.2015,Anadolu Efes SK,Real Madrid,Anadolu Efes SK,75,72,15,20,35,17,10,27,24,16,40,19,26,45,,,32,30,43,42,62,85,62,147,5,13,10,3,3
21.04.2015,Olympiacos,Barcelona,Olympiacos,73,71,26,23,49,18,13,31,15,24,39,14,11,25,,,44,36,29,35,80,64,80,144,3,7,1,2,2
20.04.2015,Panathinaikos,CSKA Moscow,Panathinaikos,86,85,14,20,34,20,14,34,22,19,41,30,32,62,,,34,34,52,51,68,103,68,171,6,18,3,1,1
20.04.2015,Maccabi Tel Aviv,Fenerbahce Ulker,Fenerbahce Ulker,74,75,20,13,33,11,24,35,14,13,27,20,15,35,,,31,37,34,28,68,62,68,130,7,3,5,0,1
17.04.2015,Barcelona,Olympiacos,Olympiacos,63,76,10,15,25,15,20,35,20,21,41,18,20,38,,,25,35,38,41,60,79,60,139,5,3,11,13,13
17.04.2015,Real Madrid,Anadolu Efes SK,Real Madrid,90,85,22,16,38,15,29,44,26,21,47,27,19,46,,,37,45,53,40,82,93,82,175,6,8,3,5,5
16.04.2015,Fenerbahce Ulker,Maccabi Tel Aviv,Fenerbahce Ulker,82,67,30,14,44,20,20,40,18,19,37,14,14,28,,,50,34,32,33,84,65,84,149,16,2,15,15,15
16.04.2015,CSKA Moscow,Panathinaikos,CSKA Moscow,100,80,21,14,35,26,21,47,25,19,44,28,26,54,,,47,35,53,45,82,98,82,180,7,18,18,20,20
15.04.2015,Real Madrid,Anadolu Efes SK,Real Madrid,80,71,22,20,42,13,23,36,26,10,36,19,18,37,,,35,43,45,28,78,73,78,151,2,2,8,9,9
15.04.2015,Barcelona,Olympiacos,Barcelona,73,57,20,8,28,15,18,33,15,12,27,23,19,42,,,35,26,38,31,61,69,61,130,12,12,12,16,16
14.04.2015,Fenerbahce Ulker,Maccabi Tel Aviv,Fenerbahce Ulker,80,72,16,22,38,22,20,42,21,16,37,21,14,35,,,38,42,42,30,80,72,80,152,6,0,1,8,8
14.04.2015,CSKA Moscow,Panathinaikos,CSKA Moscow,93,66,29,21,50,27,6,33,21,15,36,16,24,40,,,56,27,37,39,83,76,83,159,8,10,35,27,27
10.04.2015,Real Madrid,Zalgiris Kaunas,Real Madrid,99,83,21,12,33,19,31,50,28,19,47,31,21,52,,,40,43,59,40,83,99,83,182,9,16,6,16,16
10.04.2015,Galatasaray CC,Barcelona,Barcelona,65,88,17,21,38,17,18,35,17,22,39,14,27,41,,,34,39,31,49,73,80,73,153,4,8,10,23,23
10.04.2015,Olympiacos,Nizhny Novgorod,Olympiacos,77,70,25,18,43,15,12,27,16,26,42,21,14,35,,,40,30,37,40,70,77,70,147,7,7,0,7,7
09.04.2015,Crvena Zvezda,Panathinaikos,Crvena Zvezda,69,68,16,7,23,14,19,33,14,19,33,25,23,48,,,30,26,39,42,56,81,56,137,9,13,1,1,1
09.04.2015,Olimpia Milano,CSKA Moscow,CSKA Moscow,79,88,15,23,38,19,32,51,21,18,39,24,15,39,,,34,55,45,33,89,78,89,167,8,10,18,9,9
09.04.2015,Unicaja,Baskonia,Unicaja,93,84,20,16,36,23,20,43,27,23,50,23,25,48,,,43,36,50,48,79,98,79,177,4,14,11,9,9
09.04.2015,Alba Berlin,Maccabi Tel Aviv,Maccabi Tel Aviv,64,73,17,21,38,17,20,37,17,12,29,13,20,33,,,34,41,30,32,75,62,75,137,4,11,2,9,9
09.04.2015,Fenerbahce Ulker,Anadolu Efes SK,Fenerbahce Ulker,83,72,23,12,35,18,21,39,18,22,40,24,17,41,,,41,33,42,39,74,81,74,155,11,9,4,11,11
03.04.2015,Anadolu Efes SK,Olimpia Milano,Anadolu Efes SK,86,78,13,24,37,23,18,41,27,17,44,23,19,42,,,36,42,50,36,78,86,78,164,11,8,4,8,8
03.04.2015,CSKA Moscow,Olympiacos,CSKA Moscow,76,70,21,17,38,18,17,35,12,15,27,25,21,46,,,39,34,37,36,73,73,73,146,4,3,2,6,6
03.04.2015,Zalgiris Kaunas,Crvena Zvezda,Zalgiris Kaunas,76,70,12,12,24,28,15,43,11,28,39,25,15,40,,,40,27,36,43,67,79,67,146,0,9,4,6,6
02.04.2015,Baskonia,Fenerbahce Ulker,Baskonia,93,76,21,14,35,21,15,36,19,18,37,32,29,61,,,42,29,51,47,71,98,71,169,7,22,14,17,17
02.04.2015,Barcelona,Real Madrid,Barcelona,85,80,17,25,42,24,16,40,23,21,44,21,18,39,,,41,41,44,39,82,83,82,165,8,3,2,5,5
02.04.2015,Panathinaikos,Alba Berlin,Alba Berlin,66,68,21,23,44,19,10,29,15,13,28,11,22,33,,,40,33,26,35,73,61,73,134,2,7,9,2,2
02.04.2015,Maccabi Tel Aviv,Galatasaray CC,Maccabi Tel Aviv,81,72,23,23,46,20,19,39,15,11,26,23,19,42,,,43,42,38,30,85,68,85,153,0,4,5,9,9
02.04.2015,Nizhny Novgorod,Unicaja,Unicaja,75,94,18,29,47,24,21,45,13,31,44,20,13,33,,,42,50,33,44,92,77,92,169,11,17,26,19,19
27.03.2015,Real Madrid,Maccabi Tel Aviv,Real Madrid,86,75,27,13,40,19,27,46,20,14,34,20,21,41,,,46,40,40,35,86,75,86,161,14,0,12,11,11
27.03.2015,Galatasaray CC,Panathinaikos,Panathinaikos,84,86,16,23,39,22,17,39,21,19,40,25,27,52,,,38,40,46,46,78,92,78,170,7,6,0,2,2
27.03.2015,Nizhny Novgorod,CSKA Moscow,CSKA Moscow,82,86,26,26,52,29,16,45,7,25,32,20,19,39,,,55,42,27,44,97,71,97,168,0,15,5,4,4
26.03.2015,Olimpia Milano,Baskonia,Olimpia Milano,99,85,20,25,45,19,18,37,35,17,52,25,25,50,,,39,43,60,42,82,102,82,184,5,17,14,14,14
26.03.2015,Olympiacos,Anadolu Efes SK,Olympiacos,86,75,17,16,33,18,19,37,18,22,40,33,18,51,,,35,35,51,40,70,91,70,161,1,16,4,11,11
26.03.2015,Alba Berlin,Crvena Zvezda,Alba Berlin,73,68,22,9,31,17,13,30,20,27,47,14,19,33,,,39,22,34,46,61,80,61,141,13,12,10,5,5
26.03.2015,Fenerbahce Ulker,Unicaja,Fenerbahce Ulker,78,63,19,21,40,20,12,32,24,12,36,15,18,33,,,39,33,39,30,72,69,72,141,2,6,18,15,15
25.03.2015,Zalgiris Kaunas,Barcelona,Barcelona,72,83,16,22,38,17,20,37,20,23,43,19,18,37,,,33,42,39,41,75,80,75,155,6,3,12,11,11
20.03.2015,Baskonia,Olympiacos,Baskonia,74,73,19,23,42,17,15,32,17,17,34,21,18,39,,,36,38,38,35,74,73,74,147,4,0,2,1,1
20.03.2015,Fenerbahce Ulker,Olimpia Milano,Fenerbahce Ulker,98,77,22,14,36,20,31,51,23,16,39,33,16,49,,,42,45,56,32,87,88,87,175,8,11,4,21,21
20.03.2015,Panathinaikos,Real Madrid,Panathinaikos,85,69,19,15,34,22,20,42,28,18,46,16,16,32,,,41,35,44,34,76,78,76,154,4,9,16,16,16
20.03.2015,Alba Berlin,Galatasaray CC,Alba Berlin,75,68,16,12,28,22,14,36,21,18,39,16,24,40,,,38,26,37,42,64,79,64,143,4,11,15,7,7
19.03.2015,Unicaja,CSKA Moscow,CSKA Moscow,77,95,25,26,51,17,21,38,14,25,39,21,23,44,,,42,47,35,48,89,83,89,172,1,12,16,18,18
19.03.2015,Maccabi Tel Aviv,Zalgiris Kaunas,Maccabi Tel Aviv,79,72,18,15,33,25,19,44,23,20,43,13,18,31,,,43,34,36,38,77,74,77,151,3,2,12,7,7
19.03.2015,Crvena Zvezda,Barcelona,Barcelona,73,77,15,15,30,17,22,39,18,11,29,23,29,52,,,32,37,41,40,69,81,69,150,0,4,2,4,4
19.03.2015,Anadolu Efes SK,Nizhny Novgorod,Anadolu Efes SK,79,75,24,21,45,24,18,42,16,13,29,15,23,38,,,48,39,31,36,87,67,87,154,3,8,12,4,4
13.03.2015,Olimpia Milano,Unicaja,Olimpia Milano,90,86,21,22,43,22,23,45,24,15,39,23,26,49,,,43,45,47,41,88,88,88,176,1,2,7,4,4
13.03.2015,Olympiacos,Fenerbahce Ulker,Fenerbahce Ulker,64,73,19,19,38,16,20,36,15,16,31,14,18,32,,,35,39,29,34,74,63,74,137,0,10,5,9,9
13.03.2015,Zalgiris Kaunas,Panathinaikos,Zalgiris Kaunas,76,70,17,13,30,22,15,37,16,27,43,21,15,36,,,39,28,37,42,67,79,67,146,4,9,0,6,6
13.03.2015,CSKA Moscow,Anadolu Efes SK,CSKA Moscow,88,83,21,27,48,22,12,34,23,18,41,22,26,48,,,43,39,45,44,82,89,82,171,6,6,9,5,5
12.03.2015,Real Madrid,Alba Berlin,Real Madrid,93,62,27,18,45,19,21,40,24,7,31,23,16,39,,,46,39,47,23,85,70,85,155,9,8,24,31,31
12.03.2015,Barcelona,Maccabi Tel Aviv,Barcelona,89,71,26,16,42,21,18,39,17,19,36,25,18,43,,,47,34,42,37,81,79,81,160,10,8,11,18,18
12.03.2015,Galatasaray CC,Crvena Zvezda,Crvena Zvezda,68,91,16,21,37,19,31,50,16,15,31,17,24,41,,,35,52,33,39,87,72,87,159,5,19,16,23,23
12.03.2015,Nizhny Novgorod,Baskonia,Nizhny Novgorod,89,85,19,25,44,22,18,40,16,22,38,32,20,52,,,41,43,48,42,84,90,84,174,6,5,8,4,4
06.03.2015,Unicaja,Anadolu Efes SK,Unicaja,93,90,22,15,37,30,25,55,11,20,31,30,30,60,,,52,40,41,50,92,91,92,183,7,1,3,3,3
06.03.2015,Olimpia Milano,Olympiacos,Olympiacos,74,83,12,22,34,20,20,40,24,24,48,18,17,35,,,32,42,42,41,74,83,74,157,10,0,10,9,9
06.03.2015,Galatasaray CC,Real Madrid,Real Madrid,71,107,20,24,44,14,33,47,25,20,45,12,30,42,,,34,57,37,50,91,87,91,178,4,20,18,36,36
05.03.2015,Baskonia,CSKA Moscow,CSKA Moscow,74,81,27,15,42,15,21,36,13,20,33,19,25,44,,,42,36,32,45,78,77,78,155,12,4,1,7,7
05.03.2015,Crvena Zvezda,Maccabi Tel Aviv,Crvena Zvezda,89,76,18,20,38,20,14,34,16,25,41,35,17,52,,,38,34,51,42,72,93,72,165,2,17,5,13,13
05.03.2015,Panathinaikos,Barcelona,Barcelona,77,81,21,16,37,11,26,37,20,15,35,25,24,49,,,32,42,45,39,74,84,74,158,5,3,5,4,4
05.03.2015,Fenerbahce Ulker,Nizhny Novgorod,Fenerbahce Ulker,92,79,18,17,35,32,17,49,12,21,33,30,24,54,,,50,34,42,45,84,87,84,171,1,8,7,13,13
04.03.2015,Alba Berlin,Zalgiris Kaunas,Alba Berlin,80,72,20,17,37,22,20,42,20,14,34,18,21,39,,,42,37,38,35,79,73,79,152,3,1,11,8,8
27.02.2015,Barcelona,Alba Berlin,Barcelona,92,82,13,14,27,27,18,45,19,14,33,18,31,49,,,40,32,37,45,72,82,72,154,1,5,13,0,10
27.02.2015,Olympiacos,Unicaja,Olympiacos,77,72,11,17,28,18,16,34,26,19,45,22,20,42,,,29,33,48,39,62,87,62,149,6,15,3,5,5
27.02.2015,Anadolu Efes SK,Baskonia,Baskonia,84,87,13,25,38,20,25,45,30,15,45,21,22,43,,,33,50,51,37,83,88,83,171,12,1,2,3,3
27.02.2015,CSKA Moscow,Fenerbahce Ulker,Fenerbahce Ulker,75,81,10,17,27,27,22,49,21,20,41,17,22,39,,,37,39,38,42,76,80,76,156,7,1,1,6,6
26.02.2015,Maccabi Tel Aviv,Panathinaikos,Maccabi Tel Aviv,73,70,22,17,39,16,13,29,16,22,38,19,18,37,,,38,30,35,40,68,75,68,143,5,5,2,3,3
26.02.2015,Real Madrid,Crvena Zvezda,Real Madrid,85,61,16,18,34,24,11,35,20,17,37,25,15,40,,,40,29,45,32,69,77,69,146,2,16,14,24,24
26.02.2015,Zalgiris Kaunas,Galatasaray CC,Zalgiris Kaunas,72,59,23,8,31,19,16,35,12,19,31,18,16,34,,,42,24,30,35,66,65,66,131,15,6,11,13,13
26.02.2015,Nizhny Novgorod,Olimpia Milano,Olimpia Milano,76,85,18,27,45,22,23,45,16,14,30,20,21,41,,,40,50,36,35,90,71,90,161,9,14,8,9,9
13.02.2015,Panathinaikos,Crvena Zvezda,Panathinaikos,74,69,26,6,32,11,23,34,15,22,37,22,18,40,,,37,29,37,40,66,77,66,143,20,8,1,5,5
13.02.2015,Baskonia,Unicaja,Baskonia,79,74,27,21,48,17,20,37,21,17,38,14,16,30,,,44,41,35,33,85,68,85,153,6,6,7,5,5
13.02.2015,Anadolu Efes SK,Fenerbahce Ulker,Fenerbahce Ulker,71,77,11,13,24,22,23,45,20,18,38,18,23,41,,,33,36,38,41,69,79,69,148,2,2,1,6,6
13.02.2015,CSKA Moscow,Olimpia Milano,CSKA Moscow,97,75,29,15,44,25,23,48,19,22,41,24,15,39,,,54,38,43,37,92,80,92,172,14,5,13,22,22
12.02.2015,Barcelona,Galatasaray CC,Barcelona,82,70,22,20,42,30,19,49,14,17,31,16,14,30,,,52,39,30,31,91,61,91,152,2,9,10,12,12
12.02.2015,Maccabi Tel Aviv,Alba Berlin,Alba Berlin,59,66,16,15,31,20,20,40,8,15,23,15,16,31,,,36,35,23,31,71,54,71,125,1,12,6,7,7
12.02.2015,Zalgiris Kaunas,Real Madrid,Real Madrid,71,88,23,24,47,24,23,47,13,25,38,11,16,27,,,47,47,24,41,94,65,94,159,1,23,12,17,17
12.02.2015,Nizhny Novgorod,Olympiacos,Olympiacos,82,91,24,24,48,18,17,35,24,22,46,16,28,44,,,42,41,40,50,83,90,83,173,0,1,3,9,9
06.02.2015,Olimpia Milano,Anadolu Efes SK,Anadolu Efes SK,71,73,17,20,37,19,14,33,18,20,38,17,19,36,,,36,34,35,39,70,74,70,144,3,1,0,2,2
06.02.2015,Unicaja,Nizhny Novgorod,Unicaja,85,76,22,23,45,24,18,42,18,16,34,21,19,40,,,46,41,39,35,87,74,87,161,1,2,7,9,9
06.02.2015,Alba Berlin,Panathinaikos,Panathinaikos,59,65,13,13,26,16,9,25,16,23,39,14,20,34,,,29,22,30,43,51,73,51,124,0,8,0,6,6
06.02.2015,Fenerbahce Ulker,Baskonia,Fenerbahce Ulker,91,90,20,21,41,25,22,47,26,22,48,20,25,45,,,45,43,46,47,88,93,88,181,1,3,6,1,1
05.02.2015,Crvena Zvezda,Zalgiris Kaunas,Zalgiris Kaunas,68,70,13,20,33,21,19,40,15,14,29,19,17,36,,,34,39,34,31,73,65,73,138,7,5,4,2,2
05.02.2015,Olympiacos,CSKA Moscow,Olympiacos,84,76,11,17,28,32,20,52,21,16,37,20,23,43,,,43,37,41,39,80,80,80,160,6,4,11,8,8
05.02.2015,Real Madrid,Barcelona,Real Madrid,97,73,26,16,42,16,17,33,24,20,44,31,20,51,,,42,33,55,40,75,95,75,170,10,22,13,24,24
05.02.2015,Galatasaray CC,Maccabi Tel Aviv,Maccabi Tel Aviv,94,97,22,27,49,27,17,44,15,19,34,21,22,43,,,49,44,36,41,93,77,93,170,5,8,1,0,3
30.01.2015,Barcelona,Zalgiris Kaunas,Barcelona,89,72,29,13,42,22,20,42,16,20,36,22,19,41,,,51,33,38,39,84,77,84,161,16,5,14,17,17
30.01.2015,Panathinaikos,Galatasaray CC,Panathinaikos,86,77,19,11,30,23,16,39,23,19,42,21,31,52,,,42,27,44,50,69,94,69,163,8,17,19,9,9
30.01.2015,Unicaja,Fenerbahce Ulker,Fenerbahce Ulker,60,68,19,16,35,11,12,23,10,21,31,20,19,39,,,30,28,30,40,58,70,58,128,3,2,9,8,8
29.01.2015,Anadolu Efes SK,Olympiacos,Anadolu Efes SK,84,70,17,18,35,20,22,42,20,12,32,27,18,45,,,37,40,47,30,77,77,77,154,1,7,5,14,14
29.01.2015,Crvena Zvezda,Alba Berlin,Crvena Zvezda,86,69,22,12,34,25,17,42,17,18,35,22,22,44,,,47,29,39,40,76,79,76,155,10,10,17,17,17
29.01.2015,Baskonia,Olimpia Milano,Baskonia,102,83,34,18,52,27,24,51,23,19,42,18,22,40,,,61,42,41,41,103,82,103,185,16,1,23,19,19
29.01.2015,Maccabi Tel Aviv,Real Madrid,Maccabi Tel Aviv,90,86,23,31,54,23,23,46,22,15,37,22,17,39,,,46,54,44,32,100,76,100,176,8,10,1,4,4
29.01.2015,CSKA Moscow,Nizhny Novgorod,CSKA Moscow,103,95,24,19,43,18,21,39,27,22,49,19,26,45,,,42,40,46,48,82,94,82,176,5,6,7,0,8
23.01.2015,Barcelona,Crvena Zvezda,Barcelona,92,77,27,21,48,22,17,39,21,21,42,22,18,40,,,49,38,43,39,87,82,87,169,6,5,11,15,15
23.01.2015,Olympiacos,Baskonia,Olympiacos,76,64,17,18,35,11,19,30,26,16,42,22,11,33,,,28,37,48,27,65,75,65,140,1,11,1,12,12
23.01.2015,Zalgiris Kaunas,Maccabi Tel Aviv,Maccabi Tel Aviv,66,73,22,22,44,15,18,33,15,8,23,14,25,39,,,37,40,29,33,77,62,77,139,0,11,4,7,7
23.01.2015,Nizhny Novgorod,Anadolu Efes SK,Nizhny Novgorod,109,90,31,21,52,34,26,60,23,24,47,21,19,40,,,65,47,44,43,112,87,112,199,10,3,17,19,19
22.01.2015,Olimpia Milano,Fenerbahce Ulker,Fenerbahce Ulker,71,82,24,28,52,14,15,29,16,20,36,17,19,36,,,38,43,33,39,81,72,81,153,4,10,9,11,11
22.01.2015,Real Madrid,Panathinaikos,Real Madrid,83,65,20,14,34,19,15,34,21,19,40,23,17,40,,,39,29,44,36,68,80,68,148,6,15,12,18,18
22.01.2015,Galatasaray CC,Alba Berlin,Alba Berlin,65,75,19,18,37,14,13,27,15,21,36,17,23,40,,,33,31,32,44,64,76,64,140,1,1,4,10,10
22.01.2015,CSKA Moscow,Unicaja,CSKA Moscow,101,74,31,26,57,23,15,38,21,11,32,26,22,48,,,54,41,47,33,95,80,95,175,5,6,23,27,27
16.01.2015,Crvena Zvezda,Galatasaray CC,Galatasaray CC,65,74,19,21,40,16,12,28,12,18,30,18,23,41,,,35,33,30,41,68,71,68,139,2,3,4,9,9
16.01.2015,Unicaja,Olimpia Milano,Olimpia Milano,77,84,17,22,39,22,16,38,22,27,49,16,19,35,,,39,38,38,46,77,84,77,161,5,0,4,7,7
16.01.2015,Panathinaikos,Zalgiris Kaunas,Panathinaikos,77,58,24,16,40,22,17,39,17,9,26,14,16,30,,,46,33,31,25,79,56,79,135,8,2,21,19,19
16.01.2015,Baskonia,Nizhny Novgorod,Baskonia,81,74,17,18,35,14,17,31,21,17,38,29,22,51,,,31,35,50,39,66,89,66,155,1,15,0,7,7
16.01.2015,Fenerbahce Ulker,Olympiacos,Olympiacos,68,74,22,16,38,14,27,41,16,13,29,16,18,34,,,36,43,32,31,79,63,79,142,6,11,4,6,6
15.01.2015,Alba Berlin,Real Madrid,Real Madrid,61,79,15,16,31,19,20,39,10,19,29,17,24,41,,,34,36,27,43,70,70,70,140,1,9,11,18,18
15.01.2015,Maccabi Tel Aviv,Barcelona,Maccabi Tel Aviv,70,68,15,13,28,21,15,36,17,19,36,17,21,38,,,36,28,34,40,64,74,64,138,2,6,6,2,2
15.01.2015,Anadolu Efes SK,CSKA Moscow,CSKA Moscow,69,78,18,11,29,14,23,37,19,20,39,18,24,42,,,32,34,37,44,66,81,66,147,7,3,3,9,9
09.01.2015,Barcelona,Panathinaikos,Barcelona,80,76,14,20,34,23,17,40,26,19,45,17,20,37,,,37,37,43,39,74,82,74,156,6,6,7,4,4
09.01.2015,Anadolu Efes SK,Unicaja,Anadolu Efes SK,74,70,15,23,38,19,26,45,23,8,31,17,13,30,,,34,49,40,21,83,61,83,144,8,9,0,4,4
09.01.2015,Zalgiris Kaunas,Alba Berlin,Zalgiris Kaunas,75,62,18,15,33,17,13,30,18,18,36,22,16,38,,,35,28,40,34,63,74,63,137,3,12,7,13,13
09.01.2015,Nizhny Novgorod,Fenerbahce Ulker,Fenerbahce Ulker,60,78,19,20,39,17,18,35,15,22,37,9,18,27,,,36,38,24,40,74,64,74,138,1,14,9,18,18
08.01.2015,Olympiacos,Olimpia Milano,Olympiacos,81,58,13,18,31,26,17,43,17,9,26,25,14,39,,,39,35,42,23,74,65,74,139,5,7,12,23,23
08.01.2015,Real Madrid,Galatasaray CC,Real Madrid,93,78,25,24,49,30,15,45,14,18,32,24,21,45,,,55,39,38,39,94,77,94,171,1,1,12,15,15
08.01.2015,Maccabi Tel Aviv,Crvena Zvezda,Maccabi Tel Aviv,78,67,21,18,39,16,15,31,19,16,35,22,18,40,,,37,33,41,34,70,75,70,145,3,8,7,11,11
08.01.2015,CSKA Moscow,Baskonia,CSKA Moscow,99,90,26,20,46,27,16,43,18,26,44,28,28,56,,,53,36,46,54,89,100,89,189,6,10,9,9,9
02.01.2015,Baskonia,Anadolu Efes SK,Anadolu Efes SK,67,72,24,16,40,17,19,36,17,20,37,9,17,26,,,41,35,26,37,76,63,76,139,8,9,3,5,5
02.01.2015,Olimpia Milano,Nizhny Novgorod,Nizhny Novgorod,59,79,16,14,30,19,17,36,9,28,37,15,20,35,,,35,31,24,48,66,72,66,138,2,7,15,20,20
02.01.2015,Unicaja,Olympiacos,Olympiacos,61,69,12,14,26,17,18,35,16,16,32,16,21,37,,,29,32,32,37,61,69,61,130,2,0,3,8,8
02.01.2015,Alba Berlin,Barcelona,Alba Berlin,80,70,16,23,39,23,17,40,22,8,30,19,22,41,,,39,40,41,30,79,71,79,150,7,1,13,10,10
02.01.2015,Crvena Zvezda,Real Madrid,Real Madrid,72,79,12,15,27,19,19,38,14,24,38,27,21,48,,,31,34,41,45,65,86,65,151,3,7,13,7,7
02.01.2015,Fenerbahce Ulker,CSKA Moscow,CSKA Moscow,81,84,25,28,53,17,17,34,17,16,33,15,13,28,,,42,45,32,29,87,61,87,148,3,13,2,0,3
30.12.2014,Panathinaikos,Maccabi Tel Aviv,Panathinaikos,83,76,15,19,34,24,24,48,21,21,42,23,12,35,,,39,43,44,33,82,77,82,159,4,1,4,7,7
30.12.2014,Galatasaray CC,Zalgiris Kaunas,Galatasaray CC,78,69,20,22,42,15,19,34,22,14,36,21,14,35,,,35,41,43,28,76,71,76,147,2,2,2,9,9
19.12.2014,Fenerbahce Ulker,Bayern,Fenerbahce Ulker,87,81,21,16,37,21,17,38,22,23,45,23,25,48,,,42,33,45,48,75,93,75,168,5,12,8,6,6
19.12.2014,Panathinaikos,Barcelona,Barcelona,67,80,10,21,31,13,19,32,24,20,44,20,20,40,,,23,40,44,40,63,84,63,147,11,4,13,13,13
19.12.2014,Alba Berlin,Cedevita,Cedevita,67,70,17,13,30,15,10,25,19,20,39,16,27,43,,,32,23,35,47,55,82,55,137,4,12,8,3,3
19.12.2014,Crvena Zvezda,Baskonia,Crvena Zvezda,90,82,18,18,36,28,27,55,24,18,42,20,19,39,,,46,45,44,37,91,81,91,172,0,1,7,8,8
19.12.2014,Zalgiris Kaunas,Sassari,Zalgiris Kaunas,80,79,29,18,47,20,19,39,13,23,36,18,19,37,,,49,37,31,42,86,73,86,159,11,6,2,1,1
19.12.2014,Nizhny Novgorod,Unics Kazan,Nizhny Novgorod,78,74,11,19,30,24,23,47,19,14,33,24,18,42,,,35,42,43,32,77,75,77,152,8,1,2,4,4
18.12.2014,Real Madrid,Anadolu Efes SK,Real Madrid,90,70,25,25,50,22,18,40,22,18,40,21,9,30,,,47,43,43,27,90,70,90,160,0,0,8,20,20
18.12.2014,PGE Turow Zgorzelec,Olimpia Milano,Olimpia Milano,96,101,17,22,39,22,25,47,27,25,52,30,29,59,,,39,47,57,54,86,111,86,197,5,10,6,5,5
18.12.2014,Maccabi Tel Aviv,Unicaja,Maccabi Tel Aviv,81,73,26,22,48,15,15,30,17,17,34,23,19,42,,,41,37,40,36,78,76,78,154,4,3,4,8,8
18.12.2014,Galatasaray CC,Olympiacos,Galatasaray CC,79,74,20,18,38,16,20,36,21,12,33,22,24,46,,,36,38,43,36,74,79,74,153,2,5,7,5,5
18.12.2014,Valencia,Neptunas,Valencia,103,65,28,17,45,24,14,38,23,18,41,28,16,44,,,52,31,51,34,83,85,83,168,11,20,26,38,38
18.12.2014,CSKA Moscow,Limoges,CSKA Moscow,88,56,29,17,46,16,10,26,17,16,33,26,13,39,,,45,27,43,29,72,72,72,144,12,16,19,32,32
12.12.2014,Olympiacos,Crvena Zvezda,Olympiacos,64,59,13,16,29,14,12,26,15,20,35,22,11,33,,,27,28,37,31,55,68,55,123,3,9,6,5,5
12.12.2014,Baskonia,Valencia,Baskonia,93,89,28,24,52,23,23,46,18,15,33,24,27,51,,,51,47,42,42,98,84,98,182,4,5,7,4,4
12.12.2014,Sassari,Real Madrid,Real Madrid,58,83,18,14,32,15,27,42,18,13,31,7,29,36,,,33,41,25,42,74,67,74,141,4,16,3,25,25
12.12.2014,Limoges,Alba Berlin,Alba Berlin,65,71,11,13,24,16,22,38,20,17,37,18,19,37,,,27,35,38,36,62,74,62,136,2,3,5,6,6
12.12.2014,Anadolu Efes SK,Nizhny Novgorod,Nizhny Novgorod,61,65,18,17,35,14,18,32,13,15,28,16,15,31,,,32,35,29,30,67,59,67,126,1,6,5,4,4
12.12.2014,Unics Kazan,Zalgiris Kaunas,Unics Kazan,73,60,20,19,39,14,17,31,19,8,27,20,16,36,,,34,36,39,24,70,63,70,133,1,3,9,13,13
11.12.2014,Barcelona,Fenerbahce Ulker,Fenerbahce Ulker,89,91,23,25,48,14,17,31,24,17,41,18,20,38,,,37,42,42,37,79,79,79,158,2,0,2,0,2
11.12.2014,Olimpia Milano,Panathinaikos,Olimpia Milano,66,64,18,11,29,14,17,31,20,23,43,14,13,27,,,32,28,34,36,60,70,60,130,7,6,1,2,2
11.12.2014,Unicaja,CSKA Moscow,CSKA Moscow,75,76,20,11,31,23,16,39,13,22,35,10,17,27,,,43,27,23,39,70,62,70,132,9,4,7,0,1
11.12.2014,Bayern,PGE Turow Zgorzelec,Bayern,95,89,16,22,38,22,24,46,25,26,51,32,17,49,,,38,46,57,43,84,100,84,184,6,11,9,6,6
11.12.2014,Cedevita,Maccabi Tel Aviv,Maccabi Tel Aviv,71,82,15,14,29,19,29,48,19,11,30,18,28,46,,,34,43,37,39,77,76,77,153,1,6,1,11,11
10.12.2014,Neptunas,Galatasaray CC,Neptunas,82,72,22,18,40,18,19,37,23,23,46,19,12,31,,,40,37,42,35,77,77,77,154,4,5,3,10,10
05.12.2014,Valencia,Crvena Zvezda,Crvena Zvezda,68,77,16,20,36,21,22,43,15,20,35,16,15,31,,,37,42,31,35,79,66,79,145,4,11,10,9,9
05.12.2014,Olympiacos,Neptunas,Olympiacos,89,79,24,19,43,23,17,40,22,17,39,20,26,46,,,47,36,42,43,83,85,83,168,5,6,16,10,10
05.12.2014,PGE Turow Zgorzelec,Barcelona,Barcelona,65,104,16,20,36,11,23,34,16,36,52,22,25,47,,,27,43,38,61,70,99,70,169,4,5,36,39,39
05.12.2014,Galatasaray CC,Baskonia,Baskonia,82,89,19,19,38,19,20,39,27,28,55,17,22,39,,,38,39,44,50,77,94,77,171,0,5,2,7,7
05.12.2014,CSKA Moscow,Cedevita,CSKA Moscow,97,79,32,18,50,28,16,44,14,19,33,23,26,49,,,60,34,37,45,94,82,94,176,14,3,21,18,18
04.12.2014,Zalgiris Kaunas,Anadolu Efes SK,Anadolu Efes SK,57,66,2,16,18,18,16,34,16,16,32,21,18,39,,,20,32,37,34,52,71,52,123,14,5,12,9,9
04.12.2014,Sassari,Unics Kazan,Unics Kazan,68,72,17,23,40,9,17,26,16,18,34,26,14,40,,,26,40,42,32,66,74,66,140,6,2,16,4,4
04.12.2014,Maccabi Tel Aviv,Alba Berlin,Maccabi Tel Aviv,95,89,25,19,44,17,27,44,26,17,43,27,26,53,,,42,46,53,43,88,96,88,184,6,7,5,6,6
04.12.2014,Limoges,Unicaja,Limoges,67,64,8,17,25,13,17,30,22,12,34,24,18,42,,,21,34,46,30,55,76,55,131,9,12,3,3,3
04.12.2014,Fenerbahce Ulker,Panathinaikos,Fenerbahce Ulker,84,62,18,18,36,18,14,32,31,16,47,17,14,31,,,36,32,48,30,68,78,68,146,0,16,19,22,22
04.12.2014,Nizhny Novgorod,Real Madrid,Real Madrid,98,101,23,20,43,21,21,42,25,27,52,29,33,62,,,44,41,54,60,85,114,85,199,3,13,1,3,3
03.12.2014,Olimpia Milano,Bayern,Olimpia Milano,83,81,20,19,39,17,19,36,22,22,44,24,21,45,,,37,38,46,43,75,89,75,164,1,8,1,2,2
28.11.2014,Valencia,Galatasaray CC,Valencia,78,71,27,17,44,13,13,26,17,16,33,21,25,46,,,40,30,38,41,70,79,70,149,10,8,11,7,7
28.11.2014,Barcelona,Olimpia Milano,Barcelona,84,80,16,19,35,20,23,43,21,14,35,27,24,51,,,36,42,48,38,78,86,78,164,3,6,1,4,4
28.11.2014,Panathinaikos,Bayern,Panathinaikos,87,72,18,12,30,26,21,47,21,18,39,22,21,43,,,44,33,43,39,77,82,77,159,6,10,14,15,15
28.11.2014,Cedevita,Limoges,Cedevita,102,83,32,24,56,20,19,39,25,22,47,25,18,43,,,52,43,50,40,95,90,95,185,8,7,12,19,19
28.11.2014,Anadolu Efes SK,Sassari,Anadolu Efes SK,85,62,20,12,32,23,21,44,21,16,37,21,13,34,,,43,33,42,29,76,71,76,147,8,9,15,23,23
28.11.2014,Nizhny Novgorod,Zalgiris Kaunas,Zalgiris Kaunas,55,61,13,11,24,24,12,36,7,20,27,11,18,29,,,37,23,18,38,60,56,60,116,2,5,1,6,6
27.11.2014,Baskonia,Olympiacos,Baskonia,89,70,24,17,41,20,20,40,24,15,39,21,18,39,,,44,37,45,33,81,78,81,159,7,8,16,19,19
27.11.2014,Real Madrid,Unics Kazan,Unics Kazan,75,85,22,23,45,24,19,43,15,26,41,14,17,31,,,46,42,29,43,88,72,88,160,1,13,7,10,10
27.11.2014,Alba Berlin,Unicaja,Alba Berlin,79,78,20,21,41,17,24,41,16,16,32,26,17,43,,,37,45,42,33,82,75,82,157,1,3,8,1,1
27.11.2014,Maccabi Tel Aviv,CSKA Moscow,CSKA Moscow,61,84,12,25,37,18,15,33,16,19,35,15,25,40,,,30,40,31,44,70,75,70,145,13,9,13,23,23
27.11.2014,Fenerbahce Ulker,PGE Turow Zgorzelec,Fenerbahce Ulker,89,74,26,12,38,22,24,46,17,17,34,24,21,45,,,48,36,41,38,84,79,84,163,14,5,12,15,15
27.11.2014,Crvena Zvezda,Neptunas,Crvena Zvezda,79,62,22,14,36,13,23,36,27,10,37,17,15,32,,,35,37,44,25,72,69,72,141,8,7,15,17,17
21.11.2014,Unicaja,Cedevita,Unicaja,82,73,22,23,45,22,18,40,22,22,44,16,10,26,,,44,41,38,32,85,70,85,155,1,3,3,9,9
21.11.2014,Sassari,Nizhny Novgorod,Nizhny Novgorod,82,89,25,30,55,21,23,44,19,10,29,17,26,43,,,46,53,36,36,99,72,99,171,5,17,2,7,7
21.11.2014,Galatasaray CC,Crvena Zvezda,Galatasaray CC,110,103,22,16,38,23,24,47,9,23,32,28,19,47,,,45,40,37,42,85,79,85,164,6,3,9,0,7
21.11.2014,Zalgiris Kaunas,Real Madrid,Real Madrid,66,68,14,24,38,24,14,38,19,15,34,9,15,24,,,38,38,28,30,76,58,76,134,10,10,4,2,2
20.11.2014,Olimpia Milano,Fenerbahce Ulker,Fenerbahce Ulker,74,80,23,21,44,14,23,37,12,18,30,25,18,43,,,37,44,37,36,81,73,81,154,2,7,13,6,6
20.11.2014,Limoges,Maccabi Tel Aviv,Maccabi Tel Aviv,73,79,21,19,40,14,23,37,13,15,28,25,22,47,,,35,42,38,37,77,75,77,152,2,4,9,6,6
20.11.2014,PGE Turow Zgorzelec,Panathinaikos,Panathinaikos,69,79,22,25,47,11,19,30,18,17,35,18,18,36,,,33,44,36,35,77,71,77,148,3,8,10,10,10
20.11.2014,Bayern,Barcelona,Barcelona,77,99,17,22,39,22,38,60,21,21,42,17,18,35,,,39,60,38,39,99,77,99,176,5,22,21,22,22
20.11.2014,Olympiacos,Valencia,Olympiacos,77,76,26,21,47,19,19,38,9,20,29,23,16,39,,,45,40,32,36,85,68,85,153,5,8,6,1,1
20.11.2014,CSKA Moscow,Alba Berlin,CSKA Moscow,95,66,28,11,39,20,13,33,20,22,42,27,20,47,,,48,24,47,42,72,89,72,161,17,23,22,29,29
20.11.2014,Neptunas,Baskonia,Neptunas,80,79,20,15,35,21,18,39,20,21,41,19,25,44,,,41,33,39,46,74,85,74,159,5,6,7,1,1
20.11.2014,Unics Kazan,Anadolu Efes SK,Unics Kazan,67,64,14,18,32,14,16,30,15,19,34,24,11,35,,,28,34,39,30,62,69,62,131,4,5,10,3,3
14.11.2014,Barcelona,Panathinaikos,Barcelona,78,69,18,18,36,29,20,49,17,18,35,14,13,27,,,47,38,31,31,85,62,85,147,0,7,8,9,9
14.11.2014,Sassari,Zalgiris Kaunas,Sassari,92,80,17,26,43,25,15,40,18,23,41,32,16,48,,,42,41,50,39,83,89,83,172,9,9,4,12,12
14.11.2014,Limoges,CSKA Moscow,CSKA Moscow,76,86,22,27,49,22,18,40,27,14,41,5,27,32,,,44,45,32,41,89,73,89,162,5,13,12,10,10
14.11.2014,Cedevita,Alba Berlin,Alba Berlin,67,80,25,21,46,10,21,31,15,19,34,17,19,36,,,35,42,32,38,77,70,77,147,4,10,11,13,13
14.11.2014,Anadolu Efes SK,Real Madrid,Anadolu Efes SK,75,73,18,18,36,21,18,39,21,21,42,15,16,31,,,39,36,36,37,75,73,75,148,0,0,3,2,2
13.11.2014,Olimpia Milano,PGE Turow Zgorzelec,Olimpia Milano,90,71,26,16,42,14,22,36,18,19,37,32,14,46,,,40,38,50,33,78,83,78,161,10,12,1,19,19
13.11.2014,Olympiacos,Galatasaray CC,Olympiacos,93,66,26,13,39,23,26,49,19,14,33,25,13,38,,,49,39,44,27,88,71,88,159,13,5,15,27,27
13.11.2014,Unicaja,Maccabi Tel Aviv,Maccabi Tel Aviv,66,70,13,21,34,16,14,30,21,19,40,16,16,32,,,29,35,37,35,64,72,64,136,8,2,4,4,4
13.11.2014,Baskonia,Crvena Zvezda,Crvena Zvezda,66,86,22,21,43,12,20,32,16,25,41,16,20,36,,,34,41,32,45,75,77,75,152,1,9,16,20,20
13.11.2014,Bayern,Fenerbahce Ulker,Fenerbahce Ulker,86,93,22,19,41,22,31,53,16,19,35,26,24,50,,,44,50,42,43,94,85,94,179,3,8,9,7,7
13.11.2014,Neptunas,Valencia,Neptunas,94,87,24,17,41,29,25,54,20,21,41,21,24,45,,,53,42,41,45,95,86,95,181,7,1,10,7,7
13.11.2014,Unics Kazan,Nizhny Novgorod,Nizhny Novgorod,73,79,16,21,37,18,18,36,14,15,29,25,25,50,,,34,39,39,40,73,79,73,152,5,0,6,6,6
07.11.2014,Galatasaray CC,Neptunas,Galatasaray CC,94,68,23,15,38,23,17,40,31,12,43,17,24,41,,,46,32,48,36,78,84,78,162,8,16,33,26,26
07.11.2014,Panathinaikos,Olimpia Milano,Panathinaikos,90,63,23,13,36,21,17,38,27,13,40,19,20,39,,,44,30,46,33,74,79,74,153,10,16,28,27,27
07.11.2014,Valencia,Baskonia,Valencia,79,69,15,22,37,23,14,37,27,20,47,14,13,27,,,38,36,41,33,74,74,74,148,7,5,9,10,10
07.11.2014,Alba Berlin,Limoges,Alba Berlin,89,66,21,12,33,29,15,44,23,14,37,16,25,41,,,50,27,39,39,77,78,77,155,9,12,32,23,23
07.11.2014,Crvena Zvezda,Olympiacos,Olympiacos,57,62,14,13,27,12,24,36,10,13,23,21,12,33,,,26,37,31,25,63,56,63,119,1,6,14,5,5
07.11.2014,CSKA Moscow,Unicaja,CSKA Moscow,95,85,29,21,50,23,18,41,20,27,47,23,19,42,,,52,39,43,46,91,89,91,180,8,4,6,10,10
06.11.2014,Fenerbahce Ulker,Barcelona,Barcelona,78,80,21,19,40,20,22,42,19,23,42,18,16,34,,,41,41,37,39,82,76,82,158,2,4,4,2,2
06.11.2014,Maccabi Tel Aviv,Cedevita,Cedevita,73,83,22,26,48,18,18,36,17,24,41,16,15,31,,,40,44,33,39,84,72,84,156,4,11,11,10,10
06.11.2014,PGE Turow Zgorzelec,Bayern,PGE Turow Zgorzelec,89,78,17,22,39,25,17,42,28,20,48,19,19,38,,,42,39,47,39,81,86,81,167,5,8,11,11,11
06.11.2014,Zalgiris Kaunas,Unics Kazan,Zalgiris Kaunas,77,71,17,17,34,23,20,43,22,18,40,15,16,31,,,40,37,37,34,77,71,77,148,0,0,7,6,6
06.11.2014,Nizhny Novgorod,Anadolu Efes SK,Anadolu Efes SK,66,76,15,21,36,9,21,30,21,23,44,21,11,32,,,24,42,42,34,66,76,66,142,6,0,20,10,10
05.11.2014,Real Madrid,Sassari,Real Madrid,115,94,27,17,44,30,25,55,27,22,49,31,30,61,,,57,42,58,52,99,110,99,209,10,16,20,21,21
31.10.2014,Barcelona,PGE Turow Zgorzelec,Barcelona,86,67,23,21,44,26,16,42,23,18,41,14,12,26,,,49,37,37,30,86,67,86,153,2,0,17,19,19
31.10.2014,Unicaja,Limoges,Unicaja,75,69,20,19,39,18,17,35,25,14,39,12,19,31,,,38,36,37,33,74,70,74,144,1,1,13,6,6
31.10.2014,Baskonia,Galatasaray CC,Baskonia,91,90,23,24,47,24,25,49,23,21,44,21,20,41,,,47,49,44,41,96,85,96,181,1,5,0,1,1
31.10.2014,Bayern,Olimpia Milano,Olimpia Milano,74,81,21,25,46,22,18,40,16,13,29,15,25,40,,,43,43,31,38,86,69,86,155,4,12,3,7,7
31.10.2014,Cedevita,CSKA Moscow,CSKA Moscow,72,76,19,18,37,20,18,38,10,17,27,23,23,46,,,39,36,33,40,75,73,75,148,1,3,4,4,4
31.10.2014,Neptunas,Olympiacos,Olympiacos,81,85,15,17,32,15,21,36,25,17,42,21,21,42,,,30,38,46,38,68,84,68,152,2,8,0,0,4
30.10.2014,Real Madrid,Nizhny Novgorod,Real Madrid,112,83,26,18,44,32,28,60,24,17,41,30,20,50,,,58,46,54,37,104,91,104,195,8,8,19,29,29
30.10.2014,Panathinaikos,Fenerbahce Ulker,Panathinaikos,91,73,31,19,50,28,17,45,23,21,44,9,16,25,,,59,36,32,37,95,69,95,164,12,4,25,18,18
30.10.2014,Alba Berlin,Maccabi Tel Aviv,Maccabi Tel Aviv,69,84,16,23,39,13,23,36,17,17,34,23,21,44,,,29,46,40,38,75,78,75,153,7,6,17,15,15
30.10.2014,Crvena Zvezda,Valencia,Crvena Zvezda,76,63,21,16,37,18,10,28,26,16,42,11,21,32,,,39,26,37,37,65,74,65,139,5,11,23,13,13
30.10.2014,Anadolu Efes SK,Zalgiris Kaunas,Zalgiris Kaunas,62,65,12,16,28,14,18,32,16,16,32,20,15,35,,,26,34,36,31,60,67,60,127,4,2,8,3,3
30.10.2014,Unics Kazan,Sassari,Unics Kazan,85,62,21,17,38,14,20,34,31,17,48,19,8,27,,,35,37,50,25,72,75,72,147,4,13,12,23,23
24.10.2014,Sassari,Anadolu Efes SK,Anadolu Efes SK,75,82,16,24,40,24,23,47,16,16,32,19,19,38,,,40,47,35,35,87,70,87,157,8,12,7,7,7
24.10.2014,Unicaja,Alba Berlin,Unicaja,87,84,15,20,35,21,18,39,27,25,52,24,21,45,,,36,38,51,46,74,97,74,171,5,13,0,3,3
24.10.2014,Olympiacos,Baskonia,Olympiacos,63,57,17,10,27,13,16,29,18,19,37,15,12,27,,,30,26,33,31,56,64,56,120,7,7,3,6,6
24.10.2014,Limoges,Cedevita,Limoges,71,60,24,16,40,17,15,32,17,14,31,13,15,28,,,41,31,30,29,72,59,72,131,8,1,13,11,11
24.10.2014,Zalgiris Kaunas,Nizhny Novgorod,Zalgiris Kaunas,97,63,23,17,40,25,7,32,27,18,45,22,21,43,,,48,24,49,39,72,88,72,160,6,25,33,34,34
24.10.2014,Unics Kazan,Real Madrid,Real Madrid,75,76,16,19,35,15,16,31,25,20,45,19,21,40,,,31,35,44,41,66,85,66,151,3,9,1,1,1
23.10.2014,Olimpia Milano,Barcelona,Barcelona,63,78,17,20,37,15,25,40,18,18,36,13,15,28,,,32,45,31,33,77,64,77,141,3,14,13,15,15
23.10.2014,PGE Turow Zgorzelec,Fenerbahce Ulker,Fenerbahce Ulker,76,91,15,30,45,25,20,45,20,19,39,16,22,38,,,40,50,36,41,90,77,90,167,15,14,9,15,15
23.10.2014,Bayern,Panathinaikos,Bayern,81,75,17,16,33,15,19,34,25,24,49,24,16,40,,,32,35,49,40,67,89,67,156,1,14,2,6,6
23.10.2014,Galatasaray CC,Valencia,Galatasaray CC,71,64,25,12,37,22,12,34,15,26,41,9,14,23,,,47,24,24,40,71,64,71,135,13,0,12,7,7
23.10.2014,CSKA Moscow,Maccabi Tel Aviv,CSKA Moscow,99,80,21,19,40,27,22,49,32,13,45,19,26,45,,,48,41,51,39,89,90,89,179,2,10,26,19,19
23.10.2014,Neptunas,Crvena Zvezda,Neptunas,83,81,25,20,45,22,17,39,20,24,44,16,20,36,,,47,37,36,44,84,80,84,164,5,1,6,2,2
17.10.2014,Barcelona,Bayern,Barcelona,83,81,19,19,38,25,24,49,18,16,34,21,22,43,,,44,43,39,38,87,77,87,164,0,4,3,2,2
17.10.2014,Fenerbahce Ulker,Olimpia Milano,Fenerbahce Ulker,77,74,26,15,41,15,28,43,16,15,31,20,16,36,,,41,43,36,31,84,67,84,151,11,7,1,3,3
17.10.2014,Panathinaikos,PGE Turow Zgorzelec,Panathinaikos,84,77,18,14,32,24,21,45,26,24,50,16,18,34,,,42,35,42,42,77,84,77,161,4,7,9,7,7
17.10.2014,Alba Berlin,CSKA Moscow,CSKA Moscow,68,84,17,21,38,21,23,44,12,18,30,18,22,40,,,38,44,30,40,82,70,82,152,4,14,12,16,16
17.10.2014,Real Madrid,Zalgiris Kaunas,Real Madrid,80,71,13,14,27,19,21,40,24,14,38,24,22,46,,,32,35,48,36,67,84,67,151,1,13,7,9,9
17.10.2014,Nizhny Novgorod,Sassari,Nizhny Novgorod,88,86,15,26,41,28,21,49,23,14,37,22,25,47,,,43,47,45,39,90,84,90,174,11,2,5,2,2
16.10.2014,Valencia,Olympiacos,Olympiacos,68,71,18,20,38,18,18,36,18,18,36,14,15,29,,,36,38,32,33,74,65,74,139,2,6,2,3,3
16.10.2014,Crvena Zvezda,Galatasaray CC,Crvena Zvezda,76,68,17,20,37,29,10,39,17,18,35,13,20,33,,,46,30,30,38,76,68,76,144,3,0,15,8,8
16.10.2014,Maccabi Tel Aviv,Limoges,Maccabi Tel Aviv,92,76,21,19,40,23,18,41,25,18,43,23,21,44,,,44,37,48,39,81,87,81,168,2,11,14,16,16
16.10.2014,Anadolu Efes SK,Unics Kazan,Anadolu Efes SK,82,76,20,19,39,25,15,40,19,18,37,18,24,42,,,45,34,37,42,79,79,79,158,1,3,12,6,6
16.10.2014,Cedevita,Unicaja,Unicaja,63,78,20,18,38,16,29,45,12,14,26,15,17,32,,,36,47,27,31,83,58,83,141,2,20,13,15,15
15.10.2014,Baskonia,Neptunas,Baskonia,88,69,20,15,35,17,15,32,24,20,44,27,19,46,,,37,30,51,39,67,90,67,157,5,21,11,19,19
26.09.2014,ASVEL,Unics Kazan,Unics Kazan,79,88,20,22,42,33,17,50,11,25,36,15,24,39,,,53,39,26,49,92,75,92,167,2,13,0,9,9
25.09.2014,Unics Kazan,Hapoel Jerusalem,Unics Kazan,82,71,16,16,32,19,25,44,23,13,36,24,17,41,,,35,41,47,30,76,77,76,153,0,6,4,11,11
25.09.2014,ASVEL,Strasbourg,ASVEL,74,65,19,15,34,18,17,35,15,17,32,22,16,38,,,37,32,37,33,69,70,69,139,4,5,3,9,9
24.09.2014,Unics Kazan,Zielona Gora,Unics Kazan,90,86,23,13,36,23,19,42,18,22,40,26,32,58,,,46,32,44,54,78,98,78,176,10,12,10,4,4
24.09.2014,Hapoel Jerusalem,CEZ Nymburk,Hapoel Jerusalem,94,84,24,21,45,24,18,42,24,17,41,22,28,50,,,48,39,46,45,87,91,87,178,3,7,16,10,10
23.09.2014,BC Oostende,ASVEL,ASVEL,77,86,20,24,44,23,19,42,13,19,32,21,24,45,,,43,43,34,43,86,77,86,163,4,9,6,9,9
23.09.2014,VEF Riga,Strasbourg,Strasbourg,53,82,19,22,41,13,20,33,10,23,33,11,17,28,,,32,42,21,40,74,61,74,135,3,21,23,29,29
18.05.2014,Real Madrid,Maccabi Tel Aviv,Maccabi Tel Aviv,86,98,16,15,31,19,18,37,20,20,40,18,20,38,,,35,33,38,40,68,78,68,146,1,5,2,0,12
18.05.2014,Barcelona,CSKA Moscow,Barcelona,93,78,21,24,45,29,23,52,19,17,36,24,14,38,,,50,47,43,31,97,74,97,171,3,4,5,15,15
16.05.2014,Barcelona,Real Madrid,Real Madrid,62,100,20,20,40,17,25,42,11,28,39,14,27,41,,,37,45,25,55,82,80,82,162,0,20,25,38,38
16.05.2014,CSKA Moscow,Maccabi Tel Aviv,Maccabi Tel Aviv,67,68,19,16,35,19,14,33,17,15,32,12,23,35,,,38,30,29,38,68,67,68,135,3,1,10,1,1
25.04.2014,Real Madrid,Olympiacos,Real Madrid,83,69,18,12,30,22,22,44,19,18,37,24,17,41,,,40,34,43,35,74,78,74,152,6,9,7,14,14
25.04.2014,CSKA Moscow,Panathinaikos,CSKA Moscow,74,44,18,10,28,17,11,28,19,12,31,20,11,31,,,35,21,39,23,56,62,56,118,8,18,21,30,30
23.04.2014,Olympiacos,Real Madrid,Olympiacos,71,62,15,16,31,22,14,36,12,17,29,22,15,37,,,37,30,34,32,67,66,67,133,1,4,2,9,9
23.04.2014,Maccabi Tel Aviv,Olimpia Milano,Maccabi Tel Aviv,86,66,19,21,40,16,22,38,19,13,32,32,10,42,,,35,43,51,23,78,74,78,152,2,8,2,20,20
23.04.2014,Panathinaikos,CSKA Moscow,Panathinaikos,73,72,21,16,37,16,22,38,14,10,24,13,16,29,,,37,38,27,26,75,53,75,128,5,11,3,0,1
21.04.2014,Panathinaikos,CSKA Moscow,Panathinaikos,65,59,20,11,31,21,24,45,10,12,22,14,12,26,,,41,35,24,24,76,48,76,124,9,11,4,6,6
21.04.2014,Maccabi Tel Aviv,Olimpia Milano,Maccabi Tel Aviv,75,63,15,16,31,24,13,37,22,16,38,14,18,32,,,39,29,36,34,68,70,68,138,1,7,16,12,12
21.04.2014,Olympiacos,Real Madrid,Olympiacos,78,76,23,15,38,22,23,45,20,20,40,13,18,31,,,45,38,33,38,83,71,83,154,8,5,7,2,2
20.04.2014,Galatasaray CC,Barcelona,Barcelona,75,78,23,15,38,17,20,37,12,18,30,23,25,48,,,40,35,35,43,75,78,75,153,8,0,1,3,3
18.04.2014,Olimpia Milano,Maccabi Tel Aviv,Olimpia Milano,91,77,25,17,42,22,17,39,19,21,40,25,22,47,,,47,34,44,43,81,87,81,168,8,10,11,14,14
18.04.2014,CSKA Moscow,Panathinaikos,CSKA Moscow,77,51,21,19,40,18,6,24,11,14,25,27,12,39,,,39,25,38,26,64,64,64,128,2,13,11,26,26
17.04.2014,Barcelona,Galatasaray CC,Barcelona,84,63,21,8,29,22,17,39,18,16,34,23,22,45,,,43,25,41,38,68,79,68,147,13,16,20,21,21
17.04.2014,Real Madrid,Olympiacos,Real Madrid,82,77,30,23,53,23,21,44,17,18,35,12,15,27,,,53,44,29,33,97,62,97,159,7,15,8,5,5
16.04.2014,Olimpia Milano,Maccabi Tel Aviv,Maccabi Tel Aviv,99,101,23,19,42,24,23,47,23,16,39,17,29,46,,,47,42,40,45,89,85,89,174,4,2,12,0,2
16.04.2014,CSKA Moscow,Panathinaikos,CSKA Moscow,77,74,21,14,35,19,19,38,18,23,41,14,16,30,,,40,33,32,39,73,71,73,144,7,1,2,0,3
15.04.2014,Real Madrid,Olympiacos,Real Madrid,88,71,27,12,39,21,29,50,22,15,37,18,15,33,,,48,41,40,30,89,70,89,159,15,1,14,17,17
15.04.2014,Barcelona,Galatasaray CC,Barcelona,88,61,14,21,35,19,14,33,26,14,40,29,12,41,,,33,35,55,26,68,81,68,149,7,20,10,27,27
11.04.2014,Unicaja,Olimpia Milano,Unicaja,95,85,22,18,40,26,23,49,29,16,45,18,28,46,,,48,41,47,44,89,91,89,180,4,6,20,10,10
11.04.2014,Galatasaray CC,Partizan,Galatasaray CC,64,55,16,13,29,24,15,39,14,14,28,10,13,23,,,40,28,24,27,68,51,68,119,3,4,12,9,9
11.04.2014,Zalgiris Kaunas,Real Madrid,Zalgiris Kaunas,87,80,18,18,36,18,20,38,21,21,42,30,21,51,,,36,38,51,42,74,93,74,167,0,13,2,7,7
10.04.2014,Barcelona,Baskonia,Baskonia,86,97,28,22,50,22,13,35,10,31,41,26,31,57,,,50,35,36,62,85,98,85,183,6,1,6,11,11
10.04.2014,Olympiacos,Panathinaikos,Olympiacos,68,65,12,16,28,17,21,38,17,11,28,22,17,39,,,29,37,39,28,66,67,66,133,4,2,2,3,3
10.04.2014,Maccabi Tel Aviv,CSKA Moscow,CSKA Moscow,76,81,17,23,40,28,19,47,18,17,35,13,22,35,,,45,42,31,39,87,70,87,157,6,11,4,5,5
10.04.2014,Fenerbahce Ulker,Anadolu Efes SK,Fenerbahce Ulker,84,65,21,10,31,24,21,45,23,18,41,16,16,32,,,45,31,39,34,76,73,76,149,11,8,19,19,19
10.04.2014,Lokomotiv Kuban,Bayern,Lokomotiv Kuban,84,75,21,16,37,25,17,42,19,17,36,19,25,44,,,46,33,38,42,79,80,79,159,5,5,15,9,9
04.04.2014,Partizan,Zalgiris Kaunas,Partizan,77,67,24,13,37,17,21,38,18,15,33,18,18,36,,,41,34,36,33,75,69,75,144,11,2,10,10,10
04.04.2014,Real Madrid,Lokomotiv Kuban,Real Madrid,81,55,19,8,27,27,16,43,17,17,34,18,14,32,,,46,24,35,31,70,66,70,136,11,11,22,26,26
04.04.2014,Anadolu Efes SK,Olympiacos,Olympiacos,78,83,18,19,37,14,24,38,28,24,52,18,16,34,,,32,43,46,40,75,86,75,161,1,3,7,5,5
04.04.2014,CSKA Moscow,Galatasaray CC,CSKA Moscow,86,85,20,24,44,18,14,32,13,14,27,16,15,31,,,38,38,29,29,76,58,76,134,4,9,1,0,1
03.04.2014,Bayern,Maccabi Tel Aviv,Maccabi Tel Aviv,92,94,32,32,64,26,22,48,13,20,33,21,20,41,,,58,54,34,40,112,74,112,186,0,20,3,2,2
03.04.2014,Baskonia,Fenerbahce Ulker,Baskonia,95,73,20,18,38,27,20,47,31,16,47,17,19,36,,,47,38,48,35,85,83,85,168,2,10,24,22,22
03.04.2014,Panathinaikos,Unicaja,Panathinaikos,69,60,19,12,31,14,16,30,22,13,35,14,19,33,,,33,28,36,32,61,68,61,129,7,8,14,9,9
02.04.2014,Olimpia Milano,Barcelona,Olimpia Milano,91,63,21,20,41,22,14,36,26,6,32,22,23,45,,,43,34,48,29,77,77,77,154,1,14,29,28,28
28.03.2014,Barcelona,Panathinaikos,Barcelona,84,62,14,15,29,28,17,45,22,14,36,20,16,36,,,42,32,42,30,74,72,74,146,1,10,18,22,22
28.03.2014,Fenerbahce Ulker,Olimpia Milano,Olimpia Milano,73,82,15,14,29,14,24,38,25,30,55,19,14,33,,,29,38,44,44,67,88,67,155,1,6,14,9,9
28.03.2014,Lokomotiv Kuban,Partizan,Lokomotiv Kuban,84,73,16,10,26,22,20,42,25,15,40,21,28,49,,,38,30,46,43,68,89,68,157,6,16,18,11,11
27.03.2014,Unicaja,Olympiacos,Olympiacos,63,80,18,28,46,16,13,29,16,22,38,13,17,30,,,34,41,29,39,75,68,75,143,10,12,13,17,17
27.03.2014,Maccabi Tel Aviv,Real Madrid,Real Madrid,76,77,15,20,35,28,20,48,14,22,36,19,15,34,,,43,40,33,37,83,70,83,153,5,7,5,1,1
27.03.2014,Anadolu Efes SK,Baskonia,Baskonia,79,105,26,31,57,16,24,40,17,18,35,20,32,52,,,42,55,37,50,97,87,97,184,5,18,14,26,26
27.03.2014,Zalgiris Kaunas,Galatasaray CC,Galatasaray CC,72,84,12,20,32,23,18,41,22,28,50,15,18,33,,,35,38,37,46,73,83,73,156,8,1,9,12,12
27.03.2014,CSKA Moscow,Bayern,CSKA Moscow,77,70,23,19,42,15,15,30,28,15,43,11,21,32,,,38,34,39,36,72,75,72,147,4,5,17,7,7
21.03.2014,Olimpia Milano,Anadolu Efes SK,Olimpia Milano,76,69,19,19,38,18,20,38,12,14,26,27,16,43,,,37,39,39,30,76,69,76,145,0,0,4,7,7
21.03.2014,Unicaja,Barcelona,Barcelona,61,77,17,21,38,14,16,30,16,18,34,14,22,36,,,31,37,30,40,68,70,68,138,4,7,8,16,16
21.03.2014,Olympiacos,Baskonia,Olympiacos,89,59,23,20,43,22,7,29,22,19,41,22,13,35,,,45,27,44,32,72,76,72,148,3,17,21,30,30
21.03.2014,Galatasaray CC,Bayern,Galatasaray CC,76,69,21,20,41,21,14,35,18,20,38,16,15,31,,,42,34,34,35,76,69,76,145,1,0,6,7,7
20.03.2014,Panathinaikos,Fenerbahce Ulker,Panathinaikos,76,67,16,19,35,25,18,43,17,12,29,18,18,36,,,41,37,35,30,78,65,78,143,3,2,9,9,9
20.03.2014,Partizan,Maccabi Tel Aviv,Partizan,72,70,14,23,37,17,17,34,16,17,33,25,13,38,,,31,40,41,30,71,71,71,142,9,1,10,2,2
20.03.2014,Real Madrid,CSKA Moscow,Real Madrid,93,79,24,24,48,18,17,35,24,20,44,27,18,45,,,42,41,51,38,83,89,83,172,0,10,5,14,14
20.03.2014,Zalgiris Kaunas,Lokomotiv Kuban,Lokomotiv Kuban,85,86,22,23,45,19,27,46,20,15,35,24,21,45,,,41,50,44,36,91,80,91,171,1,6,4,1,1
14.03.2014,Barcelona,Olympiacos,Barcelona,70,58,18,13,31,15,14,29,22,17,39,15,14,29,,,33,27,37,31,60,68,60,128,5,10,11,12,12
14.03.2014,Anadolu Efes SK,Panathinaikos,Panathinaikos,60,65,10,11,21,16,17,33,16,16,32,12,10,22,,,26,28,28,26,54,54,54,108,1,0,2,0,5
14.03.2014,Lokomotiv Kuban,Galatasaray CC,Galatasaray CC,66,67,15,22,37,14,10,24,19,16,35,18,19,37,,,29,32,37,35,61,72,61,133,7,5,0,1,1
13.03.2014,Baskonia,Olimpia Milano,Olimpia Milano,65,83,19,25,44,17,25,42,19,17,36,10,16,26,,,36,50,29,33,86,62,86,148,6,21,12,18,18
13.03.2014,Bayern,Real Madrid,Bayern,85,83,20,19,39,14,23,37,22,18,40,29,23,52,,,34,42,51,41,76,92,76,168,1,9,4,2,2
13.03.2014,Maccabi Tel Aviv,Zalgiris Kaunas,Maccabi Tel Aviv,77,67,20,20,40,20,13,33,17,14,31,20,20,40,,,40,33,37,34,73,71,73,144,0,4,10,10,10
13.03.2014,Fenerbahce Ulker,Unicaja,Fenerbahce Ulker,69,67,14,11,25,19,19,38,13,19,32,23,18,41,,,33,30,36,37,63,73,63,136,3,6,3,2,2
13.03.2014,CSKA Moscow,Partizan,CSKA Moscow,84,52,16,15,31,22,7,29,32,19,51,14,11,25,,,38,22,46,30,60,76,60,136,1,24,29,32,32
07.03.2014,Panathinaikos,Baskonia,Baskonia,61,68,18,18,36,9,10,19,17,27,44,17,13,30,,,27,28,34,40,55,74,55,129,0,6,11,7,7
07.03.2014,Unicaja,Anadolu Efes SK,Unicaja,83,75,29,11,40,13,23,36,21,18,39,20,23,43,,,42,34,41,41,76,82,76,158,18,7,11,8,8
07.03.2014,Galatasaray CC,Real Madrid,Real Madrid,74,85,16,20,36,22,23,45,14,18,32,22,24,46,,,38,43,36,42,81,78,81,159,4,7,9,11,11
07.03.2014,Lokomotiv Kuban,Maccabi Tel Aviv,Lokomotiv Kuban,78,76,15,13,28,23,16,39,15,19,34,25,28,53,,,38,29,40,47,67,87,67,154,2,11,5,2,2
06.03.2014,Barcelona,Fenerbahce Ulker,Barcelona,93,73,18,19,37,27,19,46,19,10,29,29,25,54,,,45,38,48,35,83,83,83,166,1,10,16,20,20
06.03.2014,Partizan,Bayern,Partizan,70,55,19,9,28,25,19,44,16,17,33,10,10,20,,,44,28,26,27,72,53,72,125,10,2,15,15,15
06.03.2014,Olympiacos,Olimpia Milano,Olimpia Milano,86,88,29,23,52,18,27,45,16,15,31,23,23,46,,,47,50,39,38,97,77,97,174,6,11,2,2,2
06.03.2014,Zalgiris Kaunas,CSKA Moscow,CSKA Moscow,86,88,22,23,45,16,24,40,26,18,44,22,23,45,,,38,47,48,41,85,89,85,174,1,1,1,2,2
28.02.2014,Real Madrid,Partizan,Real Madrid,80,57,22,17,39,24,10,34,15,13,28,19,17,36,,,46,27,34,30,73,64,73,137,5,7,21,23,23
28.02.2014,Bayern,Zalgiris Kaunas,Bayern,79,73,20,24,44,18,16,34,14,19,33,27,14,41,,,38,40,41,33,78,74,78,152,4,1,7,6,6
28.02.2014,Fenerbahce Ulker,Olympiacos,Fenerbahce Ulker,78,74,21,22,43,20,16,36,18,13,31,19,23,42,,,41,38,37,36,79,73,79,152,1,1,8,4,4
28.02.2014,CSKA Moscow,Lokomotiv Kuban,CSKA Moscow,94,93,29,18,47,19,22,41,20,28,48,26,25,51,,,48,40,46,53,88,99,88,187,11,6,0,1,1
27.02.2014,Baskonia,Unicaja,Unicaja,71,81,16,26,42,8,21,29,26,13,39,21,21,42,,,24,47,47,34,71,81,71,152,10,0,10,10,10
27.02.2014,Maccabi Tel Aviv,Galatasaray CC,Maccabi Tel Aviv,97,81,23,23,46,26,15,41,21,18,39,27,25,52,,,49,38,48,43,87,91,87,178,0,10,14,16,16
27.02.2014,Olimpia Milano,Panathinaikos,Olimpia Milano,77,75,19,13,32,22,13,35,18,23,41,18,26,44,,,41,26,36,49,67,85,67,152,6,10,10,2,2
27.02.2014,Anadolu Efes SK,Barcelona,Barcelona,84,89,17,22,39,9,16,25,22,15,37,27,22,49,,,26,38,49,37,64,86,64,150,5,11,5,0,5
21.02.2014,Real Madrid,Zalgiris Kaunas,Real Madrid,108,72,34,21,55,26,16,42,32,13,45,16,22,38,,,60,37,48,35,97,83,97,180,13,11,42,36,36
21.02.2014,Bayern,Lokomotiv Kuban,Bayern,82,79,14,30,44,26,20,46,22,15,37,20,14,34,,,40,50,42,29,90,71,90,161,16,8,3,3,3
21.02.2014,Anadolu Efes SK,Fenerbahce Ulker,Fenerbahce Ulker,63,71,24,24,48,15,17,32,14,13,27,10,17,27,,,39,41,24,30,80,54,80,134,0,17,1,8,8
21.02.2014,CSKA Moscow,Maccabi Tel Aviv,CSKA Moscow,100,65,26,21,47,21,19,40,24,12,36,29,13,42,,,47,40,53,25,87,78,87,165,5,13,19,35,35
20.02.2014,Panathinaikos,Olympiacos,Panathinaikos,66,62,19,18,37,16,15,31,12,14,26,19,15,34,,,35,33,31,29,68,60,68,128,1,2,0,4,4
20.02.2014,Partizan,Galatasaray CC,Galatasaray CC,70,78,26,22,48,11,21,32,16,19,35,17,16,33,,,37,43,33,35,80,68,80,148,4,10,9,8,8
20.02.2014,Baskonia,Barcelona,Barcelona,68,80,17,27,44,14,6,20,18,26,44,19,21,40,,,31,33,37,47,64,84,64,148,10,4,10,12,12
20.02.2014,Olimpia Milano,Unicaja,Olimpia Milano,70,59,22,17,39,16,10,26,19,13,32,13,19,32,,,38,27,32,32,65,64,65,129,5,5,17,11,11
14.02.2014,Barcelona,Olimpia Milano,Barcelona,80,70,12,15,27,23,22,45,14,15,29,31,18,49,,,35,37,45,33,72,78,72,150,3,8,3,10,10
14.02.2014,Galatasaray CC,CSKA Moscow,CSKA Moscow,71,74,21,23,44,16,17,33,21,16,37,13,18,31,,,37,40,34,34,77,68,77,145,2,6,2,3,3
13.02.2014,Fenerbahce Ulker,Baskonia,Fenerbahce Ulker,98,64,30,24,54,29,14,43,23,17,40,16,9,25,,,59,38,39,26,97,65,97,162,6,1,27,34,34
13.02.2014,Unicaja,Panathinaikos,Unicaja,87,71,20,23,43,24,19,43,17,15,32,26,14,40,,,44,42,43,29,86,72,86,158,3,1,4,16,16
13.02.2014,Maccabi Tel Aviv,Bayern,Maccabi Tel Aviv,66,64,22,21,43,17,18,35,13,11,24,14,14,28,,,39,39,27,25,78,52,78,130,1,12,2,2,2
13.02.2014,Olympiacos,Anadolu Efes SK,Olympiacos,78,60,24,12,36,12,17,29,26,14,40,16,17,33,,,36,29,42,31,65,73,65,138,12,13,19,18,18
13.02.2014,Zalgiris Kaunas,Partizan,Zalgiris Kaunas,89,77,29,16,45,29,25,54,19,18,37,12,18,30,,,58,41,31,36,99,67,99,166,13,10,18,12,12
13.02.2014,Lokomotiv Kuban,Real Madrid,Real Madrid,74,78,23,18,41,13,22,35,18,18,36,20,20,40,,,36,40,38,38,76,76,76,152,5,2,4,4,4
31.01.2014,Baskonia,Anadolu Efes SK,Anadolu Efes SK,66,72,27,20,47,7,17,24,16,26,42,16,9,25,,,34,37,32,35,71,67,71,138,7,5,13,6,6
31.01.2014,Partizan,Lokomotiv Kuban,Lokomotiv Kuban,81,87,18,20,38,20,23,43,22,20,42,21,24,45,,,38,43,43,44,81,87,81,168,2,0,3,6,6
31.01.2014,Panathinaikos,Barcelona,Barcelona,56,63,23,24,47,9,20,29,15,8,23,9,11,20,,,32,44,24,19,76,43,76,119,1,20,5,7,7
31.01.2014,Galatasaray CC,Zalgiris Kaunas,Galatasaray CC,90,83,17,25,42,23,10,33,25,22,47,25,26,51,,,40,35,50,48,75,98,75,173,8,15,8,7,7
30.01.2014,Real Madrid,Maccabi Tel Aviv,Real Madrid,74,68,19,20,39,20,15,35,17,22,39,18,11,29,,,39,35,35,33,74,68,74,142,1,0,1,6,6
30.01.2014,Olimpia Milano,Fenerbahce Ulker,Olimpia Milano,90,85,18,25,43,31,15,46,15,18,33,26,27,53,,,49,40,41,45,89,86,89,175,7,1,6,5,5
30.01.2014,Bayern,CSKA Moscow,CSKA Moscow,61,86,14,23,37,9,17,26,20,22,42,18,24,42,,,23,40,38,46,63,84,63,147,9,2,19,25,25
30.01.2014,Olympiacos,Unicaja,Olympiacos,73,55,17,17,34,20,14,34,18,10,28,18,14,32,,,37,31,36,24,68,60,68,128,0,5,14,18,18
24.01.2014,Baskonia,Olympiacos,Olympiacos,70,89,15,26,41,23,33,56,15,19,34,17,11,28,,,38,59,32,30,97,62,97,159,11,27,25,19,19
24.01.2014,Anadolu Efes SK,Olimpia Milano,Anadolu Efes SK,61,60,14,17,31,16,17,33,13,11,24,18,15,33,,,30,34,31,26,64,57,64,121,3,3,2,1,1
24.01.2014,Lokomotiv Kuban,Zalgiris Kaunas,Lokomotiv Kuban,80,75,16,29,45,23,22,45,19,14,33,22,10,32,,,39,51,41,24,90,65,90,155,13,10,7,5,5
23.01.2014,Barcelona,Unicaja,Barcelona,83,79,25,24,49,19,18,37,22,26,48,17,11,28,,,44,42,39,37,86,76,86,162,1,3,2,4,4
23.01.2014,Bayern,Galatasaray CC,Galatasaray CC,66,72,18,30,48,18,12,30,15,19,34,15,11,26,,,36,42,30,30,78,60,78,138,12,12,10,6,6
23.01.2014,Maccabi Tel Aviv,Partizan,Maccabi Tel Aviv,88,67,20,11,31,27,8,35,21,28,49,20,20,40,,,47,19,41,48,66,89,66,155,9,22,21,21,21
23.01.2014,Fenerbahce Ulker,Panathinaikos,Fenerbahce Ulker,77,72,23,11,34,16,17,33,17,22,39,21,22,43,,,39,28,38,44,67,82,67,149,12,10,6,5,5
23.01.2014,CSKA Moscow,Real Madrid,CSKA Moscow,85,71,23,10,33,17,20,37,19,25,44,26,16,42,,,40,30,45,41,70,86,70,156,13,15,4,14,14
17.01.2014,Panathinaikos,Anadolu Efes SK,Panathinaikos,78,64,23,21,44,14,15,29,23,18,41,18,10,28,,,37,36,41,28,73,69,73,142,2,5,6,14,14
17.01.2014,Partizan,CSKA Moscow,Partizan,73,72,15,14,29,19,21,40,16,15,31,23,22,45,,,34,35,39,37,69,76,69,145,1,4,0,1,1
17.01.2014,Olimpia Milano,Baskonia,Olimpia Milano,83,76,26,18,44,22,20,42,15,12,27,20,26,46,,,48,38,35,38,86,73,86,159,8,3,13,7,7
17.01.2014,Unicaja,Fenerbahce Ulker,Unicaja,89,75,19,19,38,18,20,38,25,27,52,27,9,36,,,37,39,52,36,76,88,76,164,0,13,4,14,14
16.01.2014,Galatasaray CC,Lokomotiv Kuban,Lokomotiv Kuban,62,63,20,12,32,15,20,35,16,19,35,11,12,23,,,35,32,27,31,67,58,67,125,8,5,0,1,1
16.01.2014,Olympiacos,Barcelona,Barcelona,72,81,23,18,41,11,14,25,14,23,37,24,26,50,,,34,32,38,49,66,87,66,153,5,6,7,9,9
16.01.2014,Zalgiris Kaunas,Maccabi Tel Aviv,Maccabi Tel Aviv,78,87,25,19,44,21,19,40,17,25,42,15,24,39,,,46,38,32,49,84,81,84,165,6,6,0,9,9
15.01.2014,Real Madrid,Bayern,Real Madrid,111,87,17,24,41,31,23,54,41,21,62,22,19,41,,,48,47,63,40,95,103,95,198,7,16,21,24,24
10.01.2014,Real Madrid,Galatasaray CC,Real Madrid,89,84,20,19,39,25,14,39,21,19,40,23,32,55,,,45,33,44,51,78,95,78,173,1,11,14,5,5
10.01.2014,Baskonia,Panathinaikos,Panathinaikos,64,72,17,24,41,15,10,25,20,14,34,12,24,36,,,32,34,32,38,66,70,66,136,7,2,4,8,8
10.01.2014,Anadolu Efes SK,Unicaja,Unicaja,72,74,17,20,37,19,17,36,23,17,40,13,20,33,,,36,37,36,37,73,73,73,146,3,1,5,2,2
10.01.2014,CSKA Moscow,Zalgiris Kaunas,CSKA Moscow,77,62,22,14,36,15,17,32,25,13,38,15,18,33,,,37,31,40,31,68,71,68,139,8,9,18,15,15
09.01.2014,Olimpia Milano,Olympiacos,Olimpia Milano,81,51,16,21,37,23,11,34,24,8,32,18,11,29,,,39,32,42,19,71,61,71,132,5,10,23,30,30
09.01.2014,Bayern,Partizan,Bayern,71,65,17,20,37,17,22,39,18,14,32,19,9,28,,,34,42,37,23,76,60,76,136,3,5,4,6,6
09.01.2014,Maccabi Tel Aviv,Lokomotiv Kuban,Maccabi Tel Aviv,85,75,21,21,42,24,17,41,19,24,43,21,13,34,,,45,38,40,37,83,77,83,160,0,2,2,10,10
09.01.2014,Fenerbahce Ulker,Barcelona,Barcelona,73,76,18,23,41,21,16,37,17,19,36,17,18,35,,,39,39,34,37,78,71,78,149,5,5,2,3,3
03.01.2014,Olympiacos,Fenerbahce Ulker,Olympiacos,95,82,27,19,46,20,21,41,15,16,31,33,26,59,,,47,40,48,42,87,90,87,177,8,8,6,13,13
03.01.2014,Zalgiris Kaunas,Bayern,Bayern,66,84,10,15,25,26,33,59,12,24,36,18,12,30,,,36,48,30,36,84,66,84,150,5,18,24,18,18
03.01.2014,Lokomotiv Kuban,CSKA Moscow,CSKA Moscow,77,84,22,24,46,22,17,39,12,16,28,15,14,29,,,44,41,27,30,85,57,85,142,2,14,1,0,7
02.01.2014,Barcelona,Anadolu Efes SK,Barcelona,84,65,25,16,41,27,13,40,13,20,33,19,16,35,,,52,29,32,36,81,68,81,149,9,3,16,19,19
02.01.2014,Panathinaikos,Olimpia Milano,Panathinaikos,73,57,20,14,34,18,17,35,14,9,23,21,17,38,,,38,31,35,26,69,61,69,130,6,4,12,16,16
02.01.2014,Galatasaray CC,Maccabi Tel Aviv,Maccabi Tel Aviv,84,90,23,25,48,24,15,39,18,23,41,19,27,46,,,47,40,37,50,87,87,87,174,2,3,2,6,6
02.01.2014,Partizan,Real Madrid,Real Madrid,64,80,17,29,46,22,18,40,10,11,21,15,22,37,,,39,47,25,33,86,58,86,144,12,22,9,16,16
02.01.2014,Unicaja,Baskonia,Baskonia,79,93,24,13,37,11,20,31,21,30,51,23,30,53,,,35,33,44,60,68,104,68,172,11,11,7,14,14
20.12.2013,Strasbourg,Olimpia Milano,Strasbourg,76,67,22,15,37,16,15,31,25,22,47,13,15,28,,,38,30,38,37,68,75,68,143,7,8,11,9,9
20.12.2013,Baskonia,Lokomotiv Kuban,Baskonia,84,71,20,27,47,21,20,41,16,11,27,27,13,40,,,41,47,43,24,88,67,88,155,7,4,1,13,13
20.12.2013,Bayern,Galatasaray CC,Bayern,88,68,20,10,30,23,22,45,22,21,43,23,15,38,,,43,32,45,36,75,81,75,156,10,13,12,20,20
20.12.2013,Lietuvos Rytas,Crvena Zvezda,Crvena Zvezda,75,99,17,28,45,13,23,36,21,27,48,24,21,45,,,30,51,45,48,81,93,81,174,11,6,27,24,24
19.12.2013,Barcelona,Budivelnyk,Barcelona,96,77,25,15,40,29,23,52,19,24,43,23,15,38,,,54,38,42,39,92,81,92,173,10,4,11,19,19
19.12.2013,Montepaschi Siena,Unicaja,Unicaja,62,64,12,15,27,10,17,27,16,10,26,24,22,46,,,22,32,40,32,54,72,54,126,3,8,4,2,2
19.12.2013,Nanterre,Fenerbahce Ulker,Fenerbahce Ulker,76,95,21,27,48,20,24,44,18,22,40,17,22,39,,,41,51,35,44,92,79,92,171,6,16,14,19,19
19.12.2013,Panathinaikos,Maccabi Tel Aviv,Maccabi Tel Aviv,55,68,14,23,37,13,13,26,8,22,30,20,10,30,,,27,36,28,32,63,60,63,123,9,8,23,13,13
19.12.2013,Partizan,CSKA Moscow,CSKA Moscow,62,73,19,20,39,17,23,40,13,16,29,13,14,27,,,36,43,26,30,79,56,79,135,1,17,10,11,11
19.12.2013,Bamberg,Zalgiris Kaunas,Zalgiris Kaunas,80,84,28,21,49,15,23,38,26,16,42,11,24,35,,,43,44,37,40,87,77,87,164,7,7,9,4,4
19.12.2013,Anadolu Efes SK,Real Madrid,Real Madrid,61,86,20,18,38,14,20,34,15,16,31,12,32,44,,,34,38,27,48,72,75,72,147,2,11,5,25,25
19.12.2013,Zielona Gora,Olympiacos,Olympiacos,80,91,18,22,40,16,21,37,28,29,57,18,19,37,,,34,43,46,48,77,94,77,171,4,3,10,11,11
13.12.2013,Real Madrid,Strasbourg,Real Madrid,79,66,19,16,35,34,16,50,14,10,24,12,24,36,,,53,32,26,34,85,60,85,145,3,6,25,13,13
13.12.2013,Olimpia Milano,Bamberg,Olimpia Milano,74,73,20,23,43,17,11,28,14,18,32,23,21,44,,,37,34,37,39,71,76,71,147,3,3,1,1,1
13.12.2013,Galatasaray CC,Zielona Gora,Galatasaray CC,76,57,20,15,35,21,15,36,20,17,37,15,10,25,,,41,30,35,27,71,62,71,133,5,5,14,19,19
13.12.2013,Budivelnyk,Nanterre,Budivelnyk,97,87,21,19,40,29,24,53,21,19,40,26,25,51,,,50,43,47,44,93,91,93,184,2,4,9,10,10
13.12.2013,Lokomotiv Kuban,Panathinaikos,Panathinaikos,63,82,23,21,44,7,25,32,14,20,34,19,16,35,,,30,46,33,36,76,69,76,145,2,13,22,19,19
12.12.2013,Fenerbahce Ulker,Partizan,Partizan,77,79,17,30,47,20,9,29,23,20,43,17,20,37,,,37,39,40,40,76,80,76,156,13,1,1,2,2
12.12.2013,Maccabi Tel Aviv,Lietuvos Rytas,Maccabi Tel Aviv,78,71,11,19,30,26,13,39,24,19,43,17,20,37,,,37,32,41,39,69,80,69,149,8,9,10,7,7
12.12.2013,Unicaja,Bayern,Unicaja,77,72,29,20,49,14,17,31,13,23,36,21,12,33,,,43,37,34,35,80,69,80,149,9,3,4,5,5
12.12.2013,Olympiacos,Montepaschi Siena,Olympiacos,78,73,15,17,32,10,19,29,21,21,42,32,16,48,,,25,36,53,37,61,90,61,151,2,17,11,5,5
12.12.2013,Crvena Zvezda,Baskonia,Crvena Zvezda,81,65,25,6,31,20,20,40,16,25,41,20,14,34,,,45,26,36,39,71,75,71,146,19,10,10,16,16
12.12.2013,Zalgiris Kaunas,Anadolu Efes SK,Zalgiris Kaunas,65,63,16,16,32,18,20,38,28,16,44,3,11,14,,,34,36,31,27,70,58,70,128,0,5,10,2,2
12.12.2013,CSKA Moscow,Barcelona,CSKA Moscow,79,65,20,21,41,22,10,32,11,21,32,26,13,39,,,42,31,37,34,73,71,73,144,1,6,1,14,14
06.12.2013,Baskonia,Lietuvos Rytas,Baskonia,79,63,18,17,35,12,21,33,23,11,34,26,14,40,,,30,38,49,25,68,74,68,142,1,11,4,16,16
06.12.2013,Panathinaikos,Crvena Zvezda,Panathinaikos,69,63,20,21,41,17,13,30,15,14,29,17,15,32,,,37,34,32,29,71,61,71,132,1,2,4,6,6
06.12.2013,Nanterre,Barcelona,Barcelona,78,82,19,17,36,18,30,48,20,19,39,21,16,37,,,37,47,41,35,84,76,84,160,2,6,9,4,4
06.12.2013,Anadolu Efes SK,Bamberg,Bamberg,78,89,18,18,36,32,18,50,14,21,35,14,32,46,,,50,36,28,53,86,81,86,167,0,8,7,11,11
06.12.2013,CSKA Moscow,Fenerbahce Ulker,Fenerbahce Ulker,74,78,17,19,36,18,22,40,24,15,39,15,22,37,,,35,41,39,37,76,76,76,152,2,2,3,4,4
05.12.2013,Bayern,Olympiacos,Olympiacos,103,105,22,28,50,28,31,59,27,21,48,26,25,51,,,50,59,53,46,109,99,109,208,6,6,3,2,2
05.12.2013,Olimpia Milano,Real Madrid,Real Madrid,71,78,19,23,42,15,25,40,12,15,27,25,15,40,,,34,48,37,30,82,67,82,149,4,11,17,7,7
05.12.2013,Partizan,Budivelnyk,Partizan,76,61,17,13,30,25,14,39,17,10,27,17,24,41,,,42,27,34,34,69,68,69,137,4,7,22,15,15
05.12.2013,Strasbourg,Zalgiris Kaunas,Strasbourg,77,76,18,18,36,19,24,43,16,9,25,24,25,49,,,37,42,40,34,79,74,79,153,0,2,2,1,1
05.12.2013,Maccabi Tel Aviv,Lokomotiv Kuban,Maccabi Tel Aviv,75,73,18,17,35,21,23,44,24,13,37,12,20,32,,,39,40,36,33,79,69,79,148,1,4,10,2,2
05.12.2013,Galatasaray CC,Unicaja,Galatasaray CC,78,70,19,16,35,21,23,44,15,14,29,23,17,40,,,40,39,38,31,79,69,79,148,3,1,2,8,8
05.12.2013,Montepaschi Siena,Zielona Gora,Montepaschi Siena,60,59,18,17,35,12,13,25,17,19,36,13,10,23,,,30,30,30,29,60,59,60,119,1,0,2,1,1
29.11.2013,Barcelona,Fenerbahce Ulker,Barcelona,94,81,35,15,50,17,25,42,22,22,44,20,19,39,,,52,40,42,41,92,83,92,175,20,2,12,13,13
29.11.2013,Baskonia,Panathinaikos,Baskonia,79,77,34,19,53,21,25,46,10,18,28,14,15,29,,,55,44,24,33,99,57,99,156,15,20,3,2,2
29.11.2013,Montepaschi Siena,Bayern,Montepaschi Siena,71,62,21,18,39,20,16,36,11,10,21,19,18,37,,,41,34,30,28,75,58,75,133,3,4,8,9,9
29.11.2013,Anadolu Efes SK,Strasbourg,Anadolu Efes SK,88,65,24,12,36,22,17,39,23,20,43,19,16,35,,,46,29,42,36,75,78,75,153,12,13,20,23,23
29.11.2013,Zalgiris Kaunas,Olimpia Milano,Zalgiris Kaunas,73,71,17,17,34,22,14,36,21,19,40,13,21,34,,,39,31,34,40,70,74,70,144,0,3,10,2,2
29.11.2013,Budivelnyk,CSKA Moscow,CSKA Moscow,74,82,17,18,35,18,22,40,24,18,42,15,24,39,,,35,40,39,42,75,81,75,156,1,1,1,8,8
28.11.2013,Nanterre,Partizan,Nanterre,62,61,17,19,36,18,10,28,12,18,30,15,14,29,,,35,29,27,32,64,59,64,123,2,2,0,1,1
28.11.2013,Bamberg,Real Madrid,Real Madrid,69,89,20,20,40,18,23,41,11,17,28,20,29,49,,,38,43,31,46,81,77,81,158,0,12,11,20,20
28.11.2013,Olympiacos,Galatasaray CC,Olympiacos,72,54,18,10,28,17,14,31,24,11,35,13,19,32,,,35,24,37,30,59,67,59,126,8,13,24,18,18
28.11.2013,Crvena Zvezda,Maccabi Tel Aviv,Maccabi Tel Aviv,76,78,22,18,40,11,17,28,13,27,40,30,16,46,,,33,35,43,43,68,86,68,154,4,8,16,2,2
28.11.2013,Zielona Gora,Unicaja,Unicaja,67,84,18,26,44,19,13,32,12,20,32,18,25,43,,,37,39,30,45,76,75,76,151,8,9,10,17,17
28.11.2013,Lietuvos Rytas,Lokomotiv Kuban,Lokomotiv Kuban,53,84,24,16,40,7,23,30,9,22,31,13,23,36,,,31,39,22,45,70,67,70,137,8,17,21,31,31
22.11.2013,Olimpia Milano,Anadolu Efes SK,Olimpia Milano,77,73,21,23,44,11,18,29,19,21,40,26,11,37,,,32,41,45,32,73,77,73,150,2,4,11,4,4
22.11.2013,Real Madrid,Zalgiris Kaunas,Real Madrid,95,67,28,14,42,28,18,46,23,21,44,16,14,30,,,56,32,39,35,88,74,88,162,14,7,26,28,28
22.11.2013,Strasbourg,Bamberg,Strasbourg,83,72,17,14,31,20,23,43,25,15,40,21,20,41,,,37,37,46,35,74,81,74,155,3,9,10,11,11
22.11.2013,Fenerbahce Ulker,Budivelnyk,Fenerbahce Ulker,84,68,27,23,50,25,12,37,16,16,32,16,17,33,,,52,35,32,33,87,65,87,152,4,3,17,16,16
22.11.2013,Unicaja,Olympiacos,Olympiacos,74,82,23,20,43,23,21,44,19,21,40,9,20,29,,,46,41,28,41,87,69,87,156,3,13,3,8,8
22.11.2013,Lokomotiv Kuban,Crvena Zvezda,Lokomotiv Kuban,79,72,18,19,37,21,16,37,19,21,40,21,16,37,,,39,35,40,37,74,77,74,151,1,5,2,7,7
21.11.2013,Maccabi Tel Aviv,Baskonia,Baskonia,65,70,16,20,36,19,14,33,14,17,31,16,19,35,,,35,34,30,36,69,66,69,135,4,4,2,5,5
21.11.2013,Partizan,Barcelona,Barcelona,64,82,17,11,28,15,27,42,12,26,38,20,18,38,,,32,38,32,44,70,76,70,146,6,6,20,18,18
21.11.2013,Panathinaikos,Lietuvos Rytas,Panathinaikos,80,72,16,18,34,9,20,29,25,8,33,30,26,56,,,25,38,55,34,63,89,63,152,2,17,4,8,8
21.11.2013,Bayern,Zielona Gora,Zielona Gora,71,78,16,15,31,19,16,35,17,32,49,19,15,34,,,35,31,36,47,66,83,66,149,1,5,11,7,7
21.11.2013,Galatasaray CC,Montepaschi Siena,Galatasaray CC,54,52,11,11,22,11,11,22,18,16,34,14,14,28,,,22,22,32,30,44,62,44,106,0,10,2,2,2
21.11.2013,CSKA Moscow,Nanterre,CSKA Moscow,72,60,9,14,23,24,12,36,26,15,41,13,19,32,,,33,26,39,34,59,73,59,132,5,13,18,12,12
15.11.2013,Olimpia Milano,Strasbourg,Olimpia Milano,83,72,19,18,37,15,10,25,23,23,46,26,21,47,,,34,28,49,44,62,93,62,155,1,21,6,11,11
15.11.2013,Crvena Zvezda,Lietuvos Rytas,Crvena Zvezda,88,77,19,16,35,23,24,47,20,16,36,26,21,47,,,42,40,46,37,82,83,82,165,3,6,6,11,11
15.11.2013,Galatasaray CC,Bayern,Galatasaray CC,84,74,29,15,44,18,15,33,14,19,33,23,25,48,,,47,30,37,44,77,81,77,158,14,7,12,10,10
15.11.2013,Olympiacos,Zielona Gora,Olympiacos,79,77,11,22,33,22,20,42,22,21,43,24,14,38,,,33,42,46,35,75,81,75,156,11,4,8,2,2
15.11.2013,CSKA Moscow,Partizan,CSKA Moscow,88,46,21,10,31,21,8,29,27,13,40,19,15,34,,,42,18,46,28,60,74,60,134,11,28,38,42,42
14.11.2013,Budivelnyk,Barcelona,Barcelona,74,84,21,24,45,27,22,49,8,16,24,18,22,40,,,48,46,26,38,94,64,94,158,3,20,6,10,10
14.11.2013,Unicaja,Montepaschi Siena,Montepaschi Siena,73,75,18,23,41,23,16,39,23,24,47,9,12,21,,,41,39,32,36,80,68,80,148,5,7,1,2,2
14.11.2013,Maccabi Tel Aviv,Panathinaikos,Maccabi Tel Aviv,75,68,25,12,37,11,17,28,20,18,38,19,21,40,,,36,29,39,39,65,78,65,143,13,10,9,7,7
14.11.2013,Fenerbahce Ulker,Nanterre,Fenerbahce Ulker,83,66,23,19,42,21,13,34,14,18,32,25,16,41,,,44,32,39,34,76,73,76,149,4,7,8,17,17
14.11.2013,Zalgiris Kaunas,Bamberg,Zalgiris Kaunas,91,81,23,16,39,16,23,39,30,15,45,22,27,49,,,39,39,52,42,78,94,78,172,7,13,15,10,10
14.11.2013,Lokomotiv Kuban,Baskonia,Lokomotiv Kuban,85,84,21,13,34,19,29,48,21,16,37,24,26,50,,,40,42,45,42,82,87,82,169,8,3,3,1,1
13.11.2013,Real Madrid,Anadolu Efes SK,Real Madrid,103,57,19,13,32,28,10,38,23,23,46,33,11,44,,,47,23,56,34,70,90,70,160,6,33,24,46,46
08.11.2013,Barcelona,CSKA Moscow,Barcelona,79,70,18,20,38,17,20,37,27,14,41,17,16,33,,,35,40,44,30,75,74,75,149,2,4,8,9,9
08.11.2013,Nanterre,Budivelnyk,Nanterre,80,61,27,8,35,24,15,39,17,22,39,12,16,28,,,51,23,29,38,74,67,74,141,19,6,23,19,19
08.11.2013,Partizan,Fenerbahce Ulker,Fenerbahce Ulker,78,88,17,13,30,21,17,38,19,30,49,21,28,49,,,38,30,40,58,68,98,68,166,4,10,3,10,10
08.11.2013,Montepaschi Siena,Olympiacos,Olympiacos,62,70,11,20,31,12,16,28,19,18,37,20,16,36,,,23,36,39,34,59,73,59,132,9,3,12,8,8
08.11.2013,Bayern,Unicaja,Bayern,82,68,26,15,41,17,17,34,24,22,46,15,14,29,,,43,32,39,36,75,75,75,150,11,7,13,14,14
08.11.2013,Zielona Gora,Galatasaray CC,Galatasaray CC,75,78,22,25,47,14,18,32,16,18,34,23,17,40,,,36,43,39,35,79,74,79,153,3,4,9,3,3
07.11.2013,Strasbourg,Real Madrid,Real Madrid,66,85,17,22,39,14,24,38,14,25,39,21,14,35,,,31,46,35,39,77,74,77,151,5,11,26,19,19
07.11.2013,Baskonia,Crvena Zvezda,Crvena Zvezda,63,73,15,25,40,17,6,23,19,23,42,12,19,31,,,32,31,31,42,63,73,63,136,10,0,3,10,10
07.11.2013,Panathinaikos,Lokomotiv Kuban,Lokomotiv Kuban,69,72,12,17,29,19,19,38,10,17,27,28,19,47,,,31,36,38,36,67,74,67,141,5,2,12,3,3
07.11.2013,Anadolu Efes SK,Zalgiris Kaunas,Anadolu Efes SK,72,61,27,27,54,11,11,22,13,11,24,21,12,33,,,38,38,34,23,76,57,76,133,0,4,2,11,11
07.11.2013,Bamberg,Olimpia Milano,Olimpia Milano,62,76,18,20,38,15,23,38,18,13,31,11,20,31,,,33,43,29,33,76,62,76,138,2,14,5,14,14
07.11.2013,Lietuvos Rytas,Maccabi Tel Aviv,Maccabi Tel Aviv,74,76,18,26,44,15,19,34,22,14,36,19,17,36,,,33,45,41,31,78,72,78,150,8,4,4,2,2
01.11.2013,Real Madrid,Olimpia Milano,Real Madrid,93,74,25,20,45,27,11,38,21,18,39,20,25,45,,,52,31,41,43,83,84,83,167,5,10,24,19,19
01.11.2013,Crvena Zvezda,Panathinaikos,Panathinaikos,86,90,26,22,48,22,11,33,8,15,23,18,26,44,,,48,33,26,41,81,67,81,148,4,7,8,0,4
01.11.2013,Bamberg,Anadolu Efes SK,Bamberg,88,86,23,24,47,21,27,48,26,17,43,18,18,36,,,44,51,44,35,95,79,95,174,1,7,2,2,2
01.11.2013,Zielona Gora,Montepaschi Siena,Zielona Gora,73,65,16,13,29,19,14,33,14,17,31,24,21,45,,,35,27,38,38,62,76,62,138,3,11,5,8,8
01.11.2013,Lokomotiv Kuban,Maccabi Tel Aviv,Maccabi Tel Aviv,58,73,14,22,36,18,24,42,14,14,28,12,13,25,,,32,46,26,27,78,53,78,131,8,20,14,15,15
31.10.2013,Barcelona,Nanterre,Nanterre,67,71,25,15,40,14,22,36,21,14,35,7,20,27,,,39,37,28,34,76,62,76,138,10,9,9,4,4
31.10.2013,Fenerbahce Ulker,CSKA Moscow,Fenerbahce Ulker,86,60,26,16,42,18,17,35,17,14,31,25,13,38,,,44,33,42,27,77,69,77,146,10,9,14,26,26
31.10.2013,Olympiacos,Bayern,Olympiacos,88,83,25,20,45,22,19,41,19,27,46,22,17,39,,,47,39,41,44,86,85,86,171,5,2,0,5,5
31.10.2013,Unicaja,Galatasaray CC,Unicaja,84,57,20,12,32,21,30,51,20,8,28,23,7,30,,,41,42,43,15,83,58,83,141,8,1,11,27,27
31.10.2013,Zalgiris Kaunas,Strasbourg,Zalgiris Kaunas,88,64,19,16,35,25,19,44,26,16,42,18,13,31,,,44,35,44,29,79,73,79,152,3,9,19,24,24
31.10.2013,Budivelnyk,Partizan,Budivelnyk,74,69,17,17,34,27,25,52,8,11,19,22,16,38,,,44,42,30,27,86,57,86,143,0,12,1,5,5
30.10.2013,Lietuvos Rytas,Baskonia,Baskonia,64,85,20,25,45,21,20,41,13,17,30,10,23,33,,,41,45,23,40,86,63,86,149,5,22,8,21,21
25.10.2013,Strasbourg,Anadolu Efes SK,Anadolu Efes SK,66,76,12,22,34,17,21,38,20,15,35,17,18,35,,,29,43,37,33,72,70,72,142,10,6,9,10,10
25.10.2013,Unicaja,Zielona Gora,Unicaja,101,68,24,19,43,31,13,44,25,20,45,21,16,37,,,55,32,46,36,87,82,87,169,5,14,28,33,33
25.10.2013,Panathinaikos,Baskonia,Panathinaikos,95,74,26,16,42,24,19,43,27,21,48,18,18,36,,,50,35,45,39,85,84,85,169,10,10,21,21,21
25.10.2013,Bayern,Montepaschi Siena,Bayern,89,79,22,20,42,24,13,37,24,19,43,19,27,46,,,46,33,43,46,79,89,79,168,2,10,18,10,10
25.10.2013,Fenerbahce Ulker,Barcelona,Fenerbahce Ulker,75,70,24,17,41,20,18,38,22,17,39,9,18,27,,,44,35,31,35,79,66,79,145,7,4,14,5,5
25.10.2013,Partizan,Nanterre,Partizan,73,43,21,16,37,16,7,23,16,15,31,20,5,25,,,37,23,36,20,60,56,60,116,5,13,15,30,30
25.10.2013,CSKA Moscow,Budivelnyk,CSKA Moscow,72,67,17,18,35,15,9,24,17,17,34,23,23,46,,,32,27,40,40,59,80,59,139,1,13,5,5,5
24.10.2013,Galatasaray CC,Olympiacos,Olympiacos,67,78,11,22,33,19,20,39,27,17,44,10,19,29,,,30,42,37,36,72,73,72,145,11,5,2,11,11
24.10.2013,Real Madrid,Bamberg,Real Madrid,98,58,18,7,25,24,14,38,31,18,49,25,19,44,,,42,21,56,37,63,93,63,156,11,35,34,40,40
24.10.2013,Olimpia Milano,Zalgiris Kaunas,Olimpia Milano,82,75,25,19,44,18,12,30,20,27,47,19,17,36,,,43,31,39,44,74,83,74,157,6,8,5,7,7
24.10.2013,Maccabi Tel Aviv,Crvena Zvezda,Maccabi Tel Aviv,96,82,21,14,35,22,18,40,30,24,54,23,26,49,,,43,32,53,50,75,103,75,178,7,21,17,14,14
24.10.2013,Lokomotiv Kuban,Lietuvos Rytas,Lokomotiv Kuban,68,53,19,10,29,20,17,37,16,14,30,13,12,25,,,39,27,29,26,66,55,66,121,9,2,14,15,15
18.10.2013,Olympiacos,Unicaja,Olympiacos,69,61,18,22,40,8,11,19,18,12,30,25,16,41,,,26,33,43,28,59,71,59,130,4,10,1,8,8
18.10.2013,Zielona Gora,Bayern,Bayern,73,94,16,23,39,12,25,37,23,18,41,22,28,50,,,28,48,45,46,76,91,76,167,7,3,15,21,21
18.10.2013,Zalgiris Kaunas,Real Madrid,Real Madrid,63,83,13,16,29,11,19,30,20,29,49,19,19,38,,,24,35,39,48,59,87,59,146,3,4,20,20,20
17.10.2013,Barcelona,Partizan,Barcelona,67,60,17,18,35,11,8,19,17,14,31,22,20,42,,,28,26,39,34,54,73,54,127,1,13,5,7,7
17.10.2013,Baskonia,Maccabi Tel Aviv,Baskonia,84,80,24,18,42,24,20,44,14,23,37,22,19,41,,,48,38,36,42,86,78,86,164,6,2,1,4,4
17.10.2013,Lietuvos Rytas,Panathinaikos,Lietuvos Rytas,84,83,25,25,50,17,17,34,17,18,35,15,14,29,,,42,42,32,32,84,64,84,148,0,10,1,0,1
17.10.2013,Nanterre,CSKA Moscow,CSKA Moscow,59,62,20,11,31,15,17,32,13,22,35,11,12,23,,,35,28,24,34,63,58,63,121,9,4,2,3,3
17.10.2013,Anadolu Efes SK,Olimpia Milano,Anadolu Efes SK,87,67,25,17,42,17,18,35,24,17,41,21,15,36,,,42,35,45,32,77,77,77,154,8,10,14,20,20
17.10.2013,Crvena Zvezda,Lokomotiv Kuban,Lokomotiv Kuban,84,87,20,30,50,22,8,30,17,20,37,25,29,54,,,42,38,42,49,80,91,80,171,10,4,1,3,3
12.05.2013,Olympiacos,Real Madrid,Olympiacos,100,88,10,27,37,27,14,41,24,20,44,39,27,66,,,37,41,63,47,78,110,78,188,17,22,0,12,12
12.05.2013,CSKA Moscow,Barcelona,CSKA Moscow,74,73,15,12,27,20,23,43,24,19,43,15,19,34,,,35,35,39,38,70,77,70,147,3,4,5,1,1
10.05.2013,Barcelona,Real Madrid,Real Madrid,67,74,18,11,29,15,28,43,18,9,27,16,26,42,,,33,39,34,35,72,69,72,141,7,5,3,7,7
10.05.2013,CSKA Moscow,Olympiacos,Olympiacos,52,69,17,24,41,11,16,27,8,13,21,16,16,32,,,28,40,24,29,68,53,68,121,7,16,17,17,17
26.04.2013,Olympiacos,Anadolu Efes SK,Olympiacos,82,72,21,23,44,12,18,30,21,14,35,28,17,45,,,33,41,49,31,74,80,74,154,2,8,1,10,10
25.04.2013,Barcelona,Panathinaikos,Barcelona,64,53,28,14,42,16,19,35,7,10,17,13,10,23,,,44,33,20,20,77,40,77,117,14,13,8,11,11
19.04.2013,Baskonia,CSKA Moscow,CSKA Moscow,85,94,20,22,42,14,14,28,20,31,51,31,27,58,,,34,36,51,58,70,109,70,179,2,15,13,9,9
19.04.2013,Anadolu Efes SK,Olympiacos,Anadolu Efes SK,74,73,12,20,32,26,24,50,18,14,32,18,15,33,,,38,44,36,29,82,65,82,147,8,8,2,1,1
18.04.2013,Panathinaikos,Barcelona,Barcelona,60,70,10,20,30,17,11,28,11,20,31,22,19,41,,,27,31,33,39,58,72,58,130,10,2,13,10,10
17.04.2013,Baskonia,CSKA Moscow,Baskonia,93,72,15,14,29,28,10,38,27,15,42,23,33,56,,,43,24,50,48,67,98,67,165,1,26,31,21,21
17.04.2013,Anadolu Efes SK,Olympiacos,Anadolu Efes SK,83,72,19,17,36,18,12,30,28,21,49,18,22,40,,,37,29,46,43,66,89,66,155,2,17,15,11,11
16.04.2013,Panathinaikos,Barcelona,Panathinaikos,65,63,20,10,30,18,19,37,12,22,34,15,12,27,,,38,29,27,34,67,61,67,128,10,2,1,2,2
16.04.2013,Maccabi Tel Aviv,Real Madrid,Real Madrid,57,69,10,16,26,20,17,37,14,19,33,13,17,30,,,30,33,27,36,63,63,63,126,6,6,8,12,12
12.04.2013,Olympiacos,Anadolu Efes SK,Olympiacos,71,53,14,16,30,21,10,31,17,14,31,19,13,32,,,35,26,36,27,61,63,61,124,2,10,12,18,18
12.04.2013,Real Madrid,Maccabi Tel Aviv,Real Madrid,75,63,18,13,31,18,15,33,20,18,38,19,17,36,,,36,28,39,35,64,74,64,138,5,11,10,12,12
12.04.2013,CSKA Moscow,Baskonia,CSKA Moscow,90,68,20,26,46,24,11,35,25,13,38,21,18,39,,,44,37,46,31,81,77,81,158,6,9,19,22,22
11.04.2013,Barcelona,Panathinaikos,Panathinaikos,65,66,11,16,27,21,11,32,18,21,39,15,18,33,,,32,27,33,39,59,72,59,131,5,6,2,1,1
10.04.2013,Real Madrid,Maccabi Tel Aviv,Real Madrid,79,53,14,23,37,24,4,28,21,16,37,20,10,30,,,38,27,41,26,65,67,65,132,9,14,16,26,26
10.04.2013,Olympiacos,Anadolu Efes SK,Olympiacos,67,62,17,15,32,16,17,33,17,14,31,17,16,33,,,33,32,34,30,65,64,65,129,2,2,4,5,5
10.04.2013,CSKA Moscow,Baskonia,CSKA Moscow,89,78,26,19,45,24,16,40,23,23,46,16,20,36,,,50,35,39,43,85,82,85,167,7,4,15,11,11
09.04.2013,Barcelona,Panathinaikos,Barcelona,72,70,11,21,32,23,11,34,11,19,30,19,13,32,,,34,32,30,32,66,62,66,128,10,2,6,0,2
05.04.2013,Besiktas CT,Fenerbahce Ulker,Besiktas CT,80,73,17,27,44,16,19,35,26,13,39,21,14,35,,,33,46,47,27,79,74,79,153,10,1,0,7,7
04.04.2013,Barcelona,Maccabi Tel Aviv,Barcelona,74,71,19,19,38,17,13,30,15,24,39,23,15,38,,,36,32,38,39,68,77,68,145,0,6,5,3,3
04.04.2013,Baskonia,Montepaschi Siena,Baskonia,76,64,15,11,26,24,16,40,18,15,33,19,22,41,,,39,27,37,37,66,74,66,140,4,10,15,12,12
04.04.2013,Olympiacos,Khimki,Olympiacos,79,70,22,20,42,23,18,41,15,19,34,19,13,32,,,45,38,34,32,83,66,83,149,2,4,3,9,9
04.04.2013,Panathinaikos,CSKA Moscow,CSKA Moscow,63,69,11,14,25,23,19,42,16,14,30,13,22,35,,,34,33,29,36,67,65,67,132,3,4,3,6,6
04.04.2013,Real Madrid,Anadolu Efes SK,Real Madrid,86,66,25,14,39,22,16,38,18,18,36,21,18,39,,,47,30,39,36,77,75,77,152,11,9,17,20,20
04.04.2013,Unicaja,Alba Berlin,Alba Berlin,55,68,13,24,37,14,16,30,11,12,23,17,16,33,,,27,40,28,28,67,56,67,123,11,12,14,13,13
04.04.2013,Zalgiris Kaunas,Bamberg,Zalgiris Kaunas,90,81,26,25,51,24,20,44,16,18,34,24,18,42,,,50,45,40,36,95,76,95,171,1,5,3,9,9
29.03.2013,Montepaschi Siena,Barcelona,Barcelona,69,77,25,23,48,15,22,37,15,20,35,14,12,26,,,40,45,29,32,85,61,85,146,2,16,10,8,8
29.03.2013,Fenerbahce Ulker,Olympiacos,Olympiacos,73,78,13,19,32,21,14,35,19,23,42,20,22,42,,,34,33,39,45,67,84,67,151,6,6,3,5,5
29.03.2013,Alba Berlin,Zalgiris Kaunas,Alba Berlin,77,55,14,6,20,27,15,42,20,15,35,16,19,35,,,41,21,36,34,62,70,62,132,8,15,25,22,22
29.03.2013,Khimki,Baskonia,Baskonia,82,86,19,22,41,24,24,48,17,22,39,22,18,40,,,43,46,39,40,89,79,89,168,3,7,8,4,4
28.03.2013,Bamberg,Panathinaikos,Panathinaikos,60,82,16,26,42,11,16,27,14,17,31,19,23,42,,,27,42,33,40,69,73,69,142,10,9,18,22,22
28.03.2013,Maccabi Tel Aviv,Besiktas CT,Maccabi Tel Aviv,101,58,29,11,40,32,16,48,30,8,38,10,23,33,,,61,27,40,31,88,71,88,159,18,13,56,43,43
28.03.2013,Anadolu Efes SK,Unicaja,Unicaja,64,70,16,19,35,17,9,26,14,22,36,17,20,37,,,33,28,31,42,61,73,61,134,3,3,3,6,6
28.03.2013,CSKA Moscow,Real Madrid,CSKA Moscow,81,72,24,15,39,20,13,33,19,19,38,18,25,43,,,44,28,37,44,72,81,72,153,9,9,16,9,9
22.03.2013,Olympiacos,Maccabi Tel Aviv,Maccabi Tel Aviv,67,73,13,21,34,10,20,30,26,15,41,18,17,35,,,23,41,44,32,64,76,64,140,8,3,7,6,6
22.03.2013,Besiktas CT,Montepaschi Siena,Besiktas CT,72,70,18,16,34,17,19,36,13,18,31,24,17,41,,,35,35,37,35,70,72,70,142,2,2,5,2,2
22.03.2013,Khimki,Fenerbahce Ulker,Khimki,99,76,22,23,45,27,14,41,21,24,45,29,15,44,,,49,37,50,39,86,89,86,175,1,13,9,23,23
21.03.2013,Barcelona,Baskonia,Barcelona,83,74,18,12,30,24,20,44,19,24,43,22,18,40,,,42,32,41,42,74,83,74,157,6,9,5,9,9
21.03.2013,Real Madrid,Panathinaikos,Panathinaikos,73,74,14,17,31,19,21,40,20,11,31,20,25,45,,,33,38,40,36,71,76,71,147,3,2,4,1,1
21.03.2013,Unicaja,CSKA Moscow,CSKA Moscow,66,70,17,16,33,17,14,31,18,22,40,14,18,32,,,34,30,32,40,64,72,64,136,1,2,0,4,4
21.03.2013,Zalgiris Kaunas,Anadolu Efes SK,Zalgiris Kaunas,79,71,25,27,52,19,15,34,19,14,33,16,15,31,,,44,42,35,29,86,64,86,150,2,7,7,8,8
20.03.2013,Bamberg,Alba Berlin,Alba Berlin,72,75,19,21,40,23,21,44,16,17,33,14,16,30,,,42,42,30,33,84,63,84,147,2,12,1,3,3
15.03.2013,Barcelona,Besiktas CT,Barcelona,86,61,29,15,44,18,16,34,20,19,39,19,11,30,,,47,31,39,30,78,69,78,147,14,8,17,25,25
15.03.2013,Panathinaikos,Alba Berlin,Panathinaikos,82,58,21,11,32,29,17,46,17,9,26,15,21,36,,,50,28,32,30,78,62,78,140,10,4,30,24,24
15.03.2013,Real Madrid,Unicaja,Unicaja,74,77,21,15,36,19,17,36,13,28,41,21,17,38,,,40,32,34,45,72,79,72,151,6,2,7,3,3
15.03.2013,CSKA Moscow,Zalgiris Kaunas,CSKA Moscow,70,61,17,12,29,18,14,32,13,22,35,22,13,35,,,35,26,35,35,61,70,61,131,5,9,0,9,9
14.03.2013,Baskonia,Fenerbahce Ulker,Baskonia,87,67,16,10,26,30,12,42,21,17,38,20,28,48,,,46,22,41,45,68,86,68,154,6,19,28,20,20
14.03.2013,Maccabi Tel Aviv,Khimki,Maccabi Tel Aviv,80,79,19,18,37,17,22,39,24,16,40,20,23,43,,,36,40,44,39,76,83,76,159,1,4,4,1,1
14.03.2013,Montepaschi Siena,Olympiacos,Olympiacos,67,68,18,17,35,19,19,38,17,13,30,13,19,32,,,37,36,30,32,73,62,73,135,1,6,5,1,1
14.03.2013,Anadolu Efes SK,Bamberg,Anadolu Efes SK,89,86,23,14,37,21,23,44,15,21,36,17,18,35,,,44,37,32,39,81,71,81,152,9,5,1,0,3
08.03.2013,Unicaja,Panathinaikos,Unicaja,66,60,8,16,24,18,19,37,18,18,36,22,7,29,,,26,35,40,25,61,65,61,126,8,5,9,6,6
08.03.2013,Besiktas CT,Baskonia,Baskonia,73,83,10,18,28,13,25,38,27,15,42,23,25,48,,,23,43,50,40,66,90,66,156,8,7,8,10,10
08.03.2013,Khimki,Montepaschi Siena,Khimki,78,71,25,20,45,19,17,36,20,17,37,14,17,31,,,44,37,34,34,81,68,81,149,5,3,10,7,7
07.03.2013,Fenerbahce Ulker,Maccabi Tel Aviv,Maccabi Tel Aviv,85,94,22,22,44,18,27,45,20,22,42,25,23,48,,,40,49,45,45,89,90,89,179,0,4,11,9,9
07.03.2013,Olympiacos,Barcelona,Barcelona,77,90,20,17,37,16,29,45,26,17,43,15,27,42,,,36,46,41,44,82,85,82,167,3,5,1,13,13
07.03.2013,Zalgiris Kaunas,Real Madrid,Real Madrid,104,105,29,19,48,15,21,36,17,23,40,23,21,44,,,44,40,40,44,84,84,84,168,10,0,2,0,1
06.03.2013,Bamberg,CSKA Moscow,CSKA Moscow,58,78,18,23,41,17,23,40,12,16,28,11,16,27,,,35,46,23,32,81,55,81,136,5,23,15,20,20
06.03.2013,Alba Berlin,Anadolu Efes SK,Anadolu Efes SK,86,91,24,28,52,22,22,44,22,18,40,18,23,41,,,46,50,40,41,96,81,96,177,4,10,0,5,5
01.03.2013,Panathinaikos,Anadolu Efes SK,Panathinaikos,75,62,19,21,40,19,17,36,18,13,31,19,11,30,,,38,38,37,24,76,61,76,137,2,1,5,13,13
01.03.2013,Unicaja,Zalgiris Kaunas,Zalgiris Kaunas,67,83,19,16,35,12,22,34,25,21,46,11,24,35,,,31,38,36,45,69,81,69,150,3,2,3,16,16
01.03.2013,CSKA Moscow,Alba Berlin,CSKA Moscow,80,65,20,16,36,24,17,41,19,21,40,17,11,28,,,44,33,36,32,77,68,77,145,4,3,9,15,15
28.02.2013,Barcelona,Khimki,Barcelona,71,69,21,16,37,23,18,41,16,14,30,11,21,32,,,44,34,27,35,78,62,78,140,5,7,12,2,2
28.02.2013,Montepaschi Siena,Fenerbahce Ulker,Montepaschi Siena,87,69,21,18,39,28,17,45,16,18,34,22,16,38,,,49,35,38,34,84,72,84,156,3,3,12,18,18
28.02.2013,Real Madrid,Bamberg,Real Madrid,76,73,21,20,41,18,21,39,18,19,37,19,13,32,,,39,41,37,32,80,69,80,149,1,4,3,3,3
28.02.2013,Baskonia,Maccabi Tel Aviv,Maccabi Tel Aviv,62,66,10,11,21,21,17,38,16,15,31,15,23,38,,,31,28,31,38,59,69,59,128,1,3,4,4,4
28.02.2013,Besiktas CT,Olympiacos,Olympiacos,60,79,15,13,28,15,25,40,21,22,43,9,19,28,,,30,38,30,41,68,71,68,139,2,8,9,19,19
22.02.2013,Real Madrid,Alba Berlin,Real Madrid,77,72,20,14,34,14,19,33,14,17,31,29,22,51,,,34,33,43,39,67,82,67,149,6,10,2,5,5
22.02.2013,Olympiacos,Baskonia,Olympiacos,82,74,18,11,29,23,16,39,21,23,44,20,24,44,,,41,27,41,47,68,88,68,156,7,14,12,8,8
22.02.2013,Anadolu Efes SK,CSKA Moscow,Anadolu Efes SK,63,60,16,22,38,10,12,22,15,12,27,22,14,36,,,26,34,37,26,60,63,60,123,6,3,5,3,3
22.02.2013,Khimki,Besiktas CT,Khimki,87,56,16,11,27,22,16,38,25,19,44,24,10,34,,,38,27,49,29,65,78,65,143,5,22,17,31,31
21.02.2013,Bamberg,Unicaja,Unicaja,65,68,14,16,30,14,22,36,13,17,30,24,13,37,,,28,38,37,30,66,67,66,133,2,1,14,3,3
21.02.2013,Zalgiris Kaunas,Panathinaikos,Panathinaikos,73,78,22,19,41,21,21,42,15,16,31,15,22,37,,,43,40,30,38,83,68,83,151,3,10,2,5,5
21.02.2013,Maccabi Tel Aviv,Montepaschi Siena,Maccabi Tel Aviv,92,61,22,22,44,24,12,36,23,19,42,23,8,31,,,46,34,46,27,80,73,80,153,0,12,16,31,31
21.02.2013,Fenerbahce Ulker,Barcelona,Barcelona,60,99,13,23,36,6,27,33,21,26,47,20,23,43,,,19,50,41,49,69,90,69,159,10,9,36,39,39
15.02.2013,Montepaschi Siena,Baskonia,Montepaschi Siena,85,74,22,23,45,13,14,27,26,13,39,24,24,48,,,35,37,50,37,72,87,72,159,1,13,11,11,11
15.02.2013,Fenerbahce Ulker,Besiktas CT,Fenerbahce Ulker,78,72,19,15,34,13,27,40,16,13,29,30,17,47,,,32,42,46,30,74,76,74,150,4,4,7,6,6
15.02.2013,Khimki,Olympiacos,Olympiacos,82,87,23,19,42,20,16,36,17,19,36,22,33,55,,,43,35,39,52,78,91,78,169,4,4,6,5,5
14.02.2013,Anadolu Efes SK,Real Madrid,Anadolu Efes SK,74,72,23,19,42,23,17,40,13,18,31,15,18,33,,,46,36,28,36,82,64,82,146,4,8,5,2,2
14.02.2013,Bamberg,Zalgiris Kaunas,Zalgiris Kaunas,87,88,20,23,43,16,15,31,19,19,38,21,19,40,,,36,38,40,38,74,78,74,152,3,2,2,0,1
14.02.2013,Maccabi Tel Aviv,Barcelona,Barcelona,77,82,22,20,42,17,21,38,14,26,40,24,15,39,,,39,41,38,41,80,79,80,159,2,3,14,5,5
14.02.2013,Alba Berlin,Unicaja,Unicaja,65,67,20,22,42,22,12,34,9,21,30,14,12,26,,,42,34,23,33,76,56,76,132,2,11,4,2,2
14.02.2013,CSKA Moscow,Panathinaikos,CSKA Moscow,86,69,25,15,40,10,16,26,31,19,50,20,19,39,,,35,31,51,38,66,89,66,155,10,20,16,17,17
01.02.2013,Panathinaikos,Bamberg,Panathinaikos,76,73,19,19,38,17,14,31,15,16,31,25,24,49,,,36,33,40,40,69,80,69,149,0,7,2,3,3
01.02.2013,Baskonia,Khimki,Khimki,71,83,18,19,37,27,24,51,11,19,30,15,21,36,,,45,43,26,40,88,66,88,154,1,17,6,12,12
01.02.2013,Unicaja,Anadolu Efes SK,Anadolu Efes SK,73,78,16,22,38,12,16,28,26,17,43,19,23,42,,,28,38,45,40,66,85,66,151,6,7,1,5,5
31.01.2013,Barcelona,Montepaschi Siena,Barcelona,85,66,20,13,33,28,16,44,20,18,38,17,19,36,,,48,29,37,37,77,74,77,151,7,8,21,19,19
31.01.2013,Olympiacos,Fenerbahce Ulker,Olympiacos,82,71,23,24,47,20,13,33,25,12,37,14,22,36,,,43,37,39,34,80,73,80,153,1,2,19,11,11
31.01.2013,Real Madrid,CSKA Moscow,Real Madrid,86,78,14,15,29,19,12,31,10,17,27,23,22,45,,,33,27,33,39,60,72,60,132,1,6,1,0,8
31.01.2013,Besiktas CT,Maccabi Tel Aviv,Maccabi Tel Aviv,55,77,12,21,33,10,22,32,13,14,27,20,20,40,,,22,43,33,34,65,67,65,132,9,10,22,22,22
31.01.2013,Zalgiris Kaunas,Alba Berlin,Zalgiris Kaunas,92,56,26,21,47,18,16,34,26,9,35,22,10,32,,,44,37,48,19,81,67,81,148,5,11,24,36,36
25.01.2013,Montepaschi Siena,Besiktas CT,Montepaschi Siena,63,57,22,13,35,15,13,28,6,19,25,20,12,32,,,37,26,26,31,63,57,63,120,9,0,2,6,6
25.01.2013,Panathinaikos,Real Madrid,Real Madrid,54,58,20,11,31,17,16,33,12,17,29,5,14,19,,,37,27,17,31,64,48,64,112,9,10,5,4,4
25.01.2013,Anadolu Efes SK,Zalgiris Kaunas,Anadolu Efes SK,56,52,15,8,23,12,15,27,14,13,27,15,16,31,,,27,23,29,29,50,58,50,108,7,6,5,4,4
25.01.2013,CSKA Moscow,Unicaja,Unicaja,81,94,17,27,44,26,20,46,18,23,41,20,24,44,,,43,47,38,47,90,85,90,175,10,9,9,13,13
24.01.2013,Maccabi Tel Aviv,Olympiacos,Olympiacos,77,78,19,30,49,14,14,28,29,13,42,15,21,36,,,33,44,44,34,77,78,77,155,11,0,5,1,1
24.01.2013,Alba Berlin,Bamberg,Alba Berlin,82,63,26,14,40,10,20,30,28,13,41,18,16,34,,,36,34,46,29,70,75,70,145,12,12,17,19,19
24.01.2013,Baskonia,Barcelona,Barcelona,79,90,28,27,55,19,23,42,13,19,32,19,21,40,,,47,50,32,40,97,72,97,169,1,18,9,11,11
24.01.2013,Fenerbahce Ulker,Khimki,Fenerbahce Ulker,85,82,17,19,36,19,21,40,20,14,34,29,28,57,,,36,40,49,42,76,91,76,167,2,9,2,3,3
18.01.2013,Olympiacos,Montepaschi Siena,Montepaschi Siena,72,74,25,20,45,11,18,29,15,14,29,21,22,43,,,36,38,36,36,74,72,74,146,5,2,1,2,2
18.01.2013,Fenerbahce Ulker,Baskonia,Baskonia,75,97,19,20,39,13,28,41,19,23,42,24,26,50,,,32,48,43,49,80,92,80,172,1,5,20,22,22
18.01.2013,Khimki,Maccabi Tel Aviv,Khimki,88,67,19,25,44,27,9,36,24,16,40,18,17,35,,,46,34,42,33,80,75,80,155,6,8,20,21,21
17.01.2013,Besiktas CT,Barcelona,Barcelona,59,73,10,15,25,22,19,41,16,17,33,11,22,33,,,32,34,27,39,66,66,66,132,5,7,3,14,14
17.01.2013,Unicaja,Real Madrid,Real Madrid,64,72,16,19,35,20,11,31,14,13,27,14,29,43,,,36,30,28,42,66,70,66,136,3,2,7,8,8
17.01.2013,Zalgiris Kaunas,CSKA Moscow,CSKA Moscow,73,87,15,16,31,16,22,38,20,27,47,22,22,44,,,31,38,42,49,69,91,69,160,1,4,14,14,14
17.01.2013,Bamberg,Anadolu Efes SK,Anadolu Efes SK,76,94,27,23,50,19,24,43,13,18,31,17,29,46,,,46,47,30,47,93,77,93,170,4,17,6,18,18
16.01.2013,Alba Berlin,Panathinaikos,Panathinaikos,73,79,23,23,46,16,22,38,17,20,37,17,14,31,,,39,45,34,34,84,68,84,152,0,11,9,6,6
11.01.2013,Barcelona,Olympiacos,Barcelona,76,68,18,13,31,23,19,42,19,20,39,16,16,32,,,41,32,35,36,73,71,73,144,5,3,8,8,8
11.01.2013,Montepaschi Siena,Khimki,Montepaschi Siena,82,76,20,27,47,19,14,33,21,19,40,22,16,38,,,39,41,43,35,80,78,80,158,7,2,0,6,6
11.01.2013,Real Madrid,Zalgiris Kaunas,Real Madrid,75,74,18,23,41,22,17,39,14,12,26,21,22,43,,,40,40,35,34,80,69,80,149,5,5,2,1,1
11.01.2013,Anadolu Efes SK,Alba Berlin,Anadolu Efes SK,71,62,16,19,35,19,11,30,17,14,31,19,18,37,,,35,30,36,32,65,68,65,133,3,6,8,9,9
10.01.2013,Baskonia,Besiktas CT,Baskonia,77,51,27,7,34,18,17,35,18,11,29,14,16,30,,,45,24,32,27,69,59,69,128,20,8,28,26,26
10.01.2013,Maccabi Tel Aviv,Fenerbahce Ulker,Maccabi Tel Aviv,91,73,23,21,44,13,15,28,17,12,29,38,25,63,,,36,36,55,37,72,92,72,164,2,19,5,18,18
10.01.2013,Panathinaikos,Unicaja,Panathinaikos,78,73,23,19,42,16,18,34,17,21,38,22,15,37,,,39,37,39,36,76,75,76,151,4,2,2,5,5
10.01.2013,CSKA Moscow,Bamberg,CSKA Moscow,90,83,22,24,46,23,22,45,22,18,40,23,19,42,,,45,46,45,37,91,82,91,173,2,1,3,7,7
04.01.2013,Olympiacos,Besiktas CT,Olympiacos,77,64,20,13,33,17,14,31,20,19,39,20,18,38,,,37,27,40,37,64,77,64,141,7,13,11,13,13
04.01.2013,Alba Berlin,CSKA Moscow,CSKA Moscow,57,75,13,24,37,15,16,31,19,17,36,10,18,28,,,28,40,29,35,68,64,68,132,11,11,10,18,18
04.01.2013,Fenerbahce Ulker,Montepaschi Siena,Montepaschi Siena,92,98,26,26,52,25,19,44,22,24,46,19,29,48,,,51,45,41,53,96,94,96,190,0,4,4,6,6
04.01.2013,Zalgiris Kaunas,Unicaja,Zalgiris Kaunas,75,63,21,17,38,13,13,26,18,21,39,23,12,35,,,34,30,41,33,64,74,64,138,4,11,1,12,12
03.01.2013,Anadolu Efes SK,Panathinaikos,Anadolu Efes SK,78,64,24,17,41,21,15,36,19,11,30,14,21,35,,,45,32,33,32,77,65,77,142,7,1,21,14,14
03.01.2013,Bamberg,Real Madrid,Real Madrid,67,82,22,26,48,16,21,37,19,16,35,10,19,29,,,38,47,29,35,85,64,85,149,4,18,6,15,15
03.01.2013,Maccabi Tel Aviv,Baskonia,Baskonia,70,71,23,20,43,9,24,33,24,6,30,14,21,35,,,32,44,38,27,76,65,76,141,3,6,6,1,1
03.01.2013,Khimki,Barcelona,Khimki,78,65,21,18,39,25,23,48,16,14,30,16,10,26,,,46,41,32,24,87,56,87,143,3,9,7,13,13
28.12.2012,Panathinaikos,Zalgiris Kaunas,Panathinaikos,67,66,22,13,35,21,20,41,11,16,27,13,17,30,,,43,33,24,33,76,57,76,133,9,9,5,1,1
28.12.2012,Barcelona,Fenerbahce Ulker,Barcelona,100,78,24,13,37,30,22,52,25,25,50,21,18,39,,,54,35,46,43,89,89,89,178,11,11,19,22,22
28.12.2012,CSKA Moscow,Anadolu Efes SK,CSKA Moscow,90,71,25,24,49,17,18,35,21,16,37,27,13,40,,,42,42,48,29,84,77,84,161,1,6,5,19,19
27.12.2012,Montepaschi Siena,Maccabi Tel Aviv,Montepaschi Siena,79,69,20,15,35,24,20,44,19,18,37,16,16,32,,,44,35,35,34,79,69,79,148,5,0,10,10,10
27.12.2012,Unicaja,Bamberg,Unicaja,85,82,15,19,34,24,26,50,24,24,48,22,13,35,,,39,45,46,37,84,83,84,167,4,1,6,3,3
27.12.2012,Baskonia,Olympiacos,Baskonia,82,74,19,24,43,21,20,41,27,11,38,15,19,34,,,40,44,42,30,84,72,84,156,5,2,12,8,8
27.12.2012,Alba Berlin,Real Madrid,Real Madrid,63,77,20,26,46,14,12,26,20,22,42,9,17,26,,,34,38,29,39,72,68,72,140,6,9,6,14,14
27.12.2012,Besiktas CT,Khimki,Khimki,75,80,20,14,34,19,31,50,18,22,40,18,13,31,,,39,45,36,35,84,71,84,155,6,9,10,5,5
14.12.2012,Baskonia,Cedevita,Baskonia,97,70,15,17,32,34,13,47,20,19,39,28,21,49,,,49,30,48,40,79,88,79,167,2,18,20,27,27
14.12.2012,Olympiacos,Olimpia Milano,Olympiacos,82,81,16,19,35,29,19,48,17,24,41,20,19,39,,,45,38,37,43,83,80,83,163,3,1,0,1,1
14.12.2012,Zalgiris Kaunas,Anadolu Efes SK,Zalgiris Kaunas,71,53,20,15,35,15,15,30,23,7,30,13,16,29,,,35,30,36,23,65,59,65,124,5,6,21,18,18
13.12.2012,Bamberg,Partizan,Bamberg,92,90,25,13,38,22,22,44,21,27,48,12,18,30,,,47,35,33,45,82,78,82,160,12,2,6,0,2
13.12.2012,Barcelona,CSKA Moscow,CSKA Moscow,75,78,19,24,43,28,17,45,11,14,25,17,23,40,,,47,41,28,37,88,65,88,153,5,13,3,3,3
13.12.2012,Besiktas CT,Lietuvos Rytas,Besiktas CT,66,65,15,19,34,18,20,38,18,15,33,15,11,26,,,33,39,33,26,72,59,72,131,4,6,3,1,1
13.12.2012,Real Madrid,Petrol Olimpija,Real Madrid,91,60,22,15,37,26,12,38,20,19,39,23,14,37,,,48,27,43,33,75,76,75,151,7,16,22,31,31
13.12.2012,Maccabi Tel Aviv,Alba Berlin,Maccabi Tel Aviv,78,62,23,13,36,25,11,36,12,25,37,18,13,31,,,48,24,30,38,72,68,72,140,10,6,11,16,16
13.12.2012,Montepaschi Siena,Asseco Gdynia,Asseco Gdynia,88,95,26,13,39,25,15,40,12,24,36,13,24,37,,,51,28,25,48,79,73,79,152,13,3,11,0,7
13.12.2012,Unicaja,Chalon/Saone,Unicaja,86,62,24,11,35,22,12,34,21,20,41,19,19,38,,,46,23,40,39,69,79,69,148,13,17,24,24,24
13.12.2012,Fenerbahce Ulker,Cantu,Fenerbahce Ulker,77,69,18,22,40,25,16,41,17,17,34,17,14,31,,,43,38,34,31,81,65,81,146,4,4,5,8,8
13.12.2012,Khimki,Panathinaikos,Khimki,78,77,21,14,35,25,25,50,15,20,35,17,18,35,,,46,39,32,38,85,70,85,155,7,7,2,1,1
07.12.2012,Chalon/Saone,Montepaschi Siena,Chalon/Saone,108,103,27,24,51,22,24,46,21,27,48,23,18,41,,,49,48,44,45,97,89,97,186,3,4,5,0,5
07.12.2012,Panathinaikos,Fenerbahce Ulker,Panathinaikos,69,55,12,14,26,17,9,26,14,14,28,26,18,44,,,29,23,40,32,52,72,52,124,2,17,6,14,14
07.12.2012,Olimpia Milano,Zalgiris Kaunas,Zalgiris Kaunas,65,67,16,18,34,21,14,35,16,19,35,12,16,28,,,37,32,28,35,69,63,69,132,2,4,2,2,2
07.12.2012,Petrol Olimpija,Khimki,Petrol Olimpija,74,72,13,19,32,21,12,33,16,19,35,24,22,46,,,34,31,40,41,65,81,65,146,6,9,0,2,2
07.12.2012,Anadolu Efes SK,Baskonia,Baskonia,76,91,19,21,40,15,17,32,25,27,52,17,26,43,,,34,38,42,53,72,95,72,167,2,4,6,15,15
07.12.2012,Lietuvos Rytas,Bamberg,Lietuvos Rytas,67,62,15,15,30,20,13,33,15,15,30,17,19,36,,,35,28,32,34,63,66,63,129,0,4,7,5,5
06.12.2012,Cantu,Real Madrid,Cantu,76,70,20,18,38,22,17,39,13,21,34,21,14,35,,,42,35,34,35,77,69,77,146,2,1,1,6,6
06.12.2012,Partizan,Barcelona,Barcelona,67,68,14,13,27,16,12,28,14,18,32,14,15,29,,,30,25,28,33,55,61,55,116,1,3,1,0,1
06.12.2012,Alba Berlin,Unicaja,Unicaja,63,74,18,14,32,17,22,39,16,23,39,12,15,27,,,35,36,28,38,71,66,71,137,4,8,8,11,11
06.12.2012,Asseco Gdynia,Maccabi Tel Aviv,Maccabi Tel Aviv,73,89,19,15,34,23,20,43,23,25,48,8,29,37,,,42,35,31,54,77,85,77,162,4,4,5,16,16
06.12.2012,Cedevita,Olympiacos,Olympiacos,62,84,18,21,39,19,19,38,11,24,35,14,20,34,,,37,40,25,44,77,69,77,146,3,15,16,22,22
06.12.2012,CSKA Moscow,Besiktas CT,CSKA Moscow,87,72,24,28,52,22,23,45,21,10,31,20,11,31,,,46,51,41,21,97,62,97,159,4,10,6,15,15
30.11.2012,Real Madrid,Fenerbahce Ulker,Real Madrid,77,61,16,19,35,20,20,40,18,13,31,23,9,32,,,36,39,41,22,75,63,75,138,3,2,2,16,16
30.11.2012,Montepaschi Siena,Unicaja,Montepaschi Siena,91,72,30,20,50,26,20,46,18,19,37,17,13,30,,,56,40,35,32,96,67,96,163,10,5,15,19,19
30.11.2012,Besiktas CT,Barcelona,Barcelona,48,78,14,18,32,10,21,31,14,23,37,10,16,26,,,24,39,24,39,63,63,63,126,4,15,24,30,30
30.11.2012,Zalgiris Kaunas,Olympiacos,Olympiacos,63,77,18,21,39,9,10,19,23,17,40,13,29,42,,,27,31,36,46,58,82,58,140,3,5,2,14,14
29.11.2012,Bamberg,CSKA Moscow,CSKA Moscow,89,97,24,29,53,15,21,36,25,17,42,25,30,55,,,39,50,50,47,89,97,89,186,5,0,3,8,8
29.11.2012,Partizan,Lietuvos Rytas,Partizan,75,74,18,11,29,21,22,43,20,18,38,16,23,39,,,39,33,36,41,72,77,72,149,7,3,8,1,1
29.11.2012,Baskonia,Olimpia Milano,Baskonia,64,62,14,19,33,14,23,37,17,11,28,19,9,28,,,28,42,36,20,70,56,70,126,5,6,8,2,2
29.11.2012,Maccabi Tel Aviv,Chalon/Saone,Maccabi Tel Aviv,78,73,24,26,50,14,17,31,20,17,37,20,13,33,,,38,43,40,30,81,70,81,151,2,3,2,5,5
29.11.2012,Panathinaikos,Petrol Olimpija,Panathinaikos,80,72,17,11,28,18,22,40,27,16,43,18,23,41,,,35,33,45,39,68,84,68,152,6,12,13,8,8
29.11.2012,Alba Berlin,Asseco Gdynia,Alba Berlin,67,64,15,13,28,21,15,36,16,13,29,15,23,38,,,36,28,31,36,64,67,64,131,2,3,11,3,3
29.11.2012,Cedevita,Anadolu Efes SK,Anadolu Efes SK,73,81,24,21,45,11,23,34,20,15,35,18,22,40,,,35,44,38,37,79,75,79,154,3,6,4,8,8
29.11.2012,Khimki,Cantu,Khimki,77,53,23,24,47,21,7,28,18,12,30,15,10,25,,,44,31,33,22,75,55,75,130,1,2,19,24,24
23.11.2012,Montepaschi Siena,Maccabi Tel Aviv,Montepaschi Siena,89,87,21,23,44,23,18,41,15,24,39,30,22,52,,,44,41,45,46,85,91,85,176,2,4,6,2,2
23.11.2012,Real Madrid,Khimki,Real Madrid,104,81,21,23,44,25,22,47,33,19,52,25,17,42,,,46,45,58,36,91,94,91,185,2,13,15,23,23
23.11.2012,Cantu,Panathinaikos,Panathinaikos,69,71,15,19,34,19,15,34,16,20,36,19,17,36,,,34,34,35,37,68,72,68,140,4,1,4,2,2
23.11.2012,Besiktas CT,Bamberg,Besiktas CT,83,72,18,18,36,18,24,42,26,12,38,21,18,39,,,36,42,47,30,78,77,78,155,0,5,8,11,11
23.11.2012,Zalgiris Kaunas,Baskonia,Zalgiris Kaunas,82,45,22,15,37,21,9,30,16,9,25,23,12,35,,,43,24,39,21,67,60,67,127,7,15,26,37,37
22.11.2012,Barcelona,Lietuvos Rytas,Barcelona,90,66,27,18,45,15,27,42,26,15,41,22,6,28,,,42,45,48,21,87,69,87,156,9,3,8,24,24
22.11.2012,Olimpia Milano,Cedevita,Olimpia Milano,75,60,20,18,38,16,19,35,25,9,34,14,14,28,,,36,37,39,23,73,62,73,135,2,2,15,15,15
22.11.2012,Olympiacos,Anadolu Efes SK,Olympiacos,75,53,23,20,43,12,6,18,24,16,40,16,11,27,,,35,26,40,27,61,67,61,128,3,14,17,22,22
22.11.2012,Unicaja,Asseco Gdynia,Unicaja,63,48,13,13,26,21,10,31,13,8,21,16,17,33,,,34,23,29,25,57,54,57,111,0,6,16,15,15
22.11.2012,Chalon/Saone,Alba Berlin,Alba Berlin,82,87,20,15,35,13,20,33,20,18,38,29,34,63,,,33,35,49,52,68,101,68,169,5,14,0,5,5
22.11.2012,Fenerbahce Ulker,Petrol Olimpija,Fenerbahce Ulker,85,68,22,12,34,21,14,35,21,22,43,21,20,41,,,43,26,42,42,69,84,69,153,10,16,16,17,17
22.11.2012,CSKA Moscow,Partizan,CSKA Moscow,78,61,23,22,45,25,14,39,13,12,25,17,13,30,,,48,36,30,25,84,55,84,139,1,6,13,17,17
16.11.2012,Baskonia,Olympiacos,Olympiacos,72,89,19,22,41,21,25,46,11,22,33,21,20,41,,,40,47,32,42,87,74,87,161,3,15,18,17,17
16.11.2012,Anadolu Efes SK,Olimpia Milano,Anadolu Efes SK,77,71,20,18,38,7,18,25,27,16,43,23,19,42,,,27,36,50,35,63,85,63,148,2,14,2,6,6
15.11.2012,Alba Berlin,Montepaschi Siena,Montepaschi Siena,73,75,17,21,38,17,18,35,18,21,39,21,15,36,,,34,39,39,36,73,75,73,148,4,0,8,2,2
15.11.2012,Panathinaikos,Real Madrid,Panathinaikos,79,68,12,16,28,30,19,49,23,17,40,14,16,30,,,42,35,37,33,77,70,77,147,4,2,13,11,11
15.11.2012,Partizan,Besiktas CT,Partizan,87,72,24,19,43,27,24,51,19,22,41,17,7,24,,,51,43,36,29,94,65,94,159,5,7,5,15,15
15.11.2012,Cedevita,Zalgiris Kaunas,Cedevita,108,106,19,28,47,20,12,32,24,20,44,22,25,47,,,39,40,46,45,79,91,79,170,9,6,3,0,2
15.11.2012,Maccabi Tel Aviv,Unicaja,Unicaja,62,64,21,17,38,16,21,37,12,11,23,13,15,28,,,37,38,25,26,75,51,75,126,4,13,0,2,2
15.11.2012,Petrol Olimpija,Cantu,Petrol Olimpija,81,79,17,22,39,25,17,42,17,23,40,22,17,39,,,42,39,39,40,81,79,81,160,5,0,3,2,2
15.11.2012,Asseco Gdynia,Chalon/Saone,Chalon/Saone,70,76,20,13,33,17,21,38,17,17,34,16,25,41,,,37,34,33,42,71,75,71,146,7,1,3,6,6
15.11.2012,Bamberg,Barcelona,Barcelona,66,86,22,23,45,20,24,44,11,17,28,13,22,35,,,42,47,24,39,89,63,89,152,1,23,11,20,20
15.11.2012,Lietuvos Rytas,CSKA Moscow,CSKA Moscow,62,71,16,14,30,16,19,35,14,20,34,16,18,34,,,32,33,30,38,65,68,65,133,2,3,7,9,9
15.11.2012,Khimki,Fenerbahce Ulker,Khimki,71,70,17,18,35,22,11,33,17,22,39,15,19,34,,,39,29,32,41,68,73,68,141,1,3,5,1,1
09.11.2012,Partizan,Bamberg,Bamberg,72,77,16,16,32,25,17,42,21,22,43,10,22,32,,,41,33,31,44,74,75,74,149,0,2,7,5,5
09.11.2012,Petrol Olimpija,Real Madrid,Real Madrid,76,89,18,21,39,17,25,42,22,22,44,19,21,40,,,35,46,41,43,81,84,81,165,3,5,11,13,13
09.11.2012,Panathinaikos,Khimki,Khimki,67,79,23,17,40,18,21,39,17,20,37,9,21,30,,,41,38,26,41,79,67,79,146,6,12,0,12,12
09.11.2012,Anadolu Efes SK,Zalgiris Kaunas,Zalgiris Kaunas,64,77,23,25,48,14,12,26,14,23,37,13,17,30,,,37,37,27,40,74,67,74,141,2,10,9,13,13
09.11.2012,Asseco Gdynia,Montepaschi Siena,Montepaschi Siena,66,101,22,21,43,13,21,34,12,37,49,19,22,41,,,35,42,31,59,77,90,77,167,1,11,32,35,35
09.11.2012,Cedevita,Baskonia,Cedevita,76,69,24,24,48,15,10,25,19,12,31,18,23,41,,,39,34,37,35,73,72,73,145,0,3,12,7,7
08.11.2012,Alba Berlin,Maccabi Tel Aviv,Maccabi Tel Aviv,76,78,10,16,26,25,22,47,17,18,35,24,22,46,,,35,38,41,40,73,81,73,154,6,3,4,2,2
08.11.2012,Cantu,Fenerbahce Ulker,Cantu,82,58,23,12,35,18,15,33,16,14,30,25,17,42,,,41,27,41,31,68,72,68,140,11,14,16,24,24
08.11.2012,Olimpia Milano,Olympiacos,Olympiacos,71,84,17,24,41,19,17,36,14,18,32,21,25,46,,,36,41,35,43,77,78,77,155,7,6,9,13,13
08.11.2012,Chalon/Saone,Unicaja,Unicaja,78,88,21,24,45,11,20,31,29,24,53,17,20,37,,,32,44,46,44,76,90,76,166,3,2,7,10,10
08.11.2012,Lietuvos Rytas,Besiktas CT,Besiktas CT,67,73,20,17,37,13,16,29,15,16,31,19,24,43,,,33,33,34,40,66,74,66,140,3,1,1,6,6
08.11.2012,CSKA Moscow,Barcelona,Barcelona,60,81,19,17,36,16,21,37,13,25,38,12,18,30,,,35,38,25,43,73,68,73,141,2,13,15,21,21
02.11.2012,Montepaschi Siena,Chalon/Saone,Montepaschi Siena,93,90,23,30,53,27,25,52,23,20,43,20,15,35,,,50,55,43,35,105,78,105,183,7,12,2,3,3
02.11.2012,Bamberg,Lietuvos Rytas,Bamberg,84,78,20,21,41,25,14,39,17,29,46,22,14,36,,,45,35,39,43,80,82,80,162,1,4,2,6,6
02.11.2012,Olympiacos,Cedevita,Olympiacos,79,77,22,16,38,20,19,39,14,18,32,23,24,47,,,42,35,37,42,77,79,77,156,6,2,3,2,2
02.11.2012,Besiktas CT,CSKA Moscow,CSKA Moscow,58,85,18,22,40,14,22,36,9,24,33,17,17,34,,,32,44,26,41,76,67,76,143,4,18,27,27,27
02.11.2012,Khimki,Petrol Olimpija,Khimki,75,65,18,19,37,25,14,39,13,15,28,19,17,36,,,43,33,32,32,76,64,76,140,1,1,8,10,10
01.11.2012,Barcelona,Partizan,Barcelona,85,82,23,15,38,14,22,36,30,18,48,18,27,45,,,37,37,48,45,74,93,74,167,8,11,12,3,3
01.11.2012,Baskonia,Anadolu Efes SK,Anadolu Efes SK,64,76,19,15,34,29,15,44,7,22,29,9,24,33,,,48,30,16,46,78,62,78,140,4,14,3,12,12
01.11.2012,Real Madrid,Cantu,Real Madrid,80,66,18,12,30,23,14,37,22,22,44,17,18,35,,,41,26,39,40,67,79,67,146,6,13,15,14,14
01.11.2012,Unicaja,Alba Berlin,Unicaja,67,62,22,16,38,7,18,25,18,9,27,20,19,39,,,29,34,38,28,63,66,63,129,6,4,4,5,5
01.11.2012,Maccabi Tel Aviv,Asseco Gdynia,Maccabi Tel Aviv,93,62,27,13,40,23,17,40,22,17,39,21,15,36,,,50,30,43,32,80,75,80,155,14,13,25,31,31
01.11.2012,Fenerbahce Ulker,Panathinaikos,Fenerbahce Ulker,73,64,19,17,36,23,12,35,16,12,28,15,23,38,,,42,29,31,35,71,66,71,137,2,2,17,9,9
01.11.2012,Zalgiris Kaunas,Olimpia Milano,Zalgiris Kaunas,92,87,20,27,47,27,24,51,25,14,39,20,22,42,,,47,51,45,36,98,81,98,179,7,6,7,5,5
26.10.2012,Unicaja,Montepaschi Siena,Unicaja,91,89,20,16,36,22,27,49,15,25,40,23,12,35,,,42,43,38,37,85,75,85,160,4,5,11,0,2
26.10.2012,Petrol Olimpija,Panathinaikos,Panathinaikos,67,85,19,23,42,19,27,46,12,19,31,17,16,33,,,38,50,29,35,88,64,88,152,4,21,19,18,18
26.10.2012,Cantu,Khimki,Cantu,67,54,14,21,35,21,11,32,20,11,31,12,11,23,,,35,32,32,22,67,54,67,121,7,0,12,13,13
26.10.2012,Anadolu Efes SK,Cedevita,Anadolu Efes SK,85,66,23,14,37,21,14,35,22,19,41,19,19,38,,,44,28,41,38,72,79,72,151,9,13,19,19,19
25.10.2012,Asseco Gdynia,Alba Berlin,Asseco Gdynia,77,66,14,18,32,18,11,29,19,21,40,26,16,42,,,32,29,45,37,61,82,61,143,4,16,1,11,11
25.10.2012,Olympiacos,Zalgiris Kaunas,Zalgiris Kaunas,61,79,17,14,31,22,19,41,10,26,36,12,20,32,,,39,33,22,46,72,68,72,140,3,11,10,18,18
25.10.2012,Barcelona,Besiktas CT,Barcelona,72,60,20,18,38,16,16,32,17,12,29,19,14,33,,,36,34,36,26,70,62,70,132,2,2,7,12,12
25.10.2012,Chalon/Saone,Maccabi Tel Aviv,Maccabi Tel Aviv,61,90,12,24,36,16,29,45,21,24,45,12,13,25,,,28,53,33,37,81,70,81,151,12,20,28,29,29
25.10.2012,Olimpia Milano,Baskonia,Baskonia,85,95,19,18,37,25,25,50,22,22,44,19,30,49,,,44,43,41,52,87,93,87,180,1,2,1,10,10
25.10.2012,Fenerbahce Ulker,Real Madrid,Real Madrid,75,83,13,21,34,23,21,44,21,24,45,18,17,35,,,36,42,39,41,78,80,78,158,8,3,9,8,8
25.10.2012,Lietuvos Rytas,Partizan,Lietuvos Rytas,69,61,23,20,43,17,11,28,15,17,32,14,13,27,,,40,31,29,30,71,59,71,130,3,2,7,8,8
25.10.2012,CSKA Moscow,Bamberg,CSKA Moscow,76,67,25,20,45,11,15,26,15,18,33,25,14,39,,,36,35,40,32,71,72,71,143,5,5,2,9,9
19.10.2012,Petrol Olimpija,Fenerbahce Ulker,Fenerbahce Ulker,75,81,20,25,45,26,18,44,15,20,35,14,18,32,,,46,43,29,38,89,67,89,156,5,14,2,6,6
19.10.2012,Baskonia,Zalgiris Kaunas,Zalgiris Kaunas,71,77,25,23,48,10,17,27,16,17,33,20,20,40,,,35,40,36,37,75,73,75,148,2,4,6,6,6
19.10.2012,Anadolu Efes SK,Olympiacos,Anadolu Efes SK,98,72,30,13,43,24,19,43,20,25,45,24,15,39,,,54,32,44,40,86,84,86,170,17,12,17,26,26
19.10.2012,Cedevita,Olimpia Milano,Olimpia Milano,71,83,16,19,35,21,21,42,16,16,32,18,27,45,,,37,40,34,43,77,77,77,154,3,6,3,12,12
19.10.2012,Khimki,Real Madrid,Khimki,86,85,25,18,43,17,17,34,27,20,47,17,30,47,,,42,35,44,50,77,94,77,171,7,9,14,1,1
18.10.2012,Maccabi Tel Aviv,Montepaschi Siena,Maccabi Tel Aviv,70,68,14,20,34,17,13,30,22,19,41,17,16,33,,,31,33,39,35,64,74,64,138,6,6,1,2,2
18.10.2012,Panathinaikos,Cantu,Panathinaikos,78,76,23,17,40,21,26,47,17,12,29,17,21,38,,,44,43,34,33,87,67,87,154,6,9,6,2,2
18.10.2012,Alba Berlin,Chalon/Saone,Alba Berlin,74,71,24,25,49,12,15,27,15,19,34,23,12,35,,,36,40,38,31,76,69,76,145,1,2,8,3,3
18.10.2012,Partizan,CSKA Moscow,CSKA Moscow,71,76,13,14,27,18,25,43,15,10,25,16,13,29,,,31,39,31,23,70,54,70,124,1,8,3,0,5
18.10.2012,Bamberg,Besiktas CT,Besiktas CT,71,86,19,24,43,12,23,35,11,20,31,29,19,48,,,31,47,40,39,78,79,78,157,5,7,25,15,15
18.10.2012,Lietuvos Rytas,Barcelona,Barcelona,49,67,8,13,21,17,14,31,11,20,31,13,20,33,,,25,27,24,40,52,64,52,116,5,3,11,18,18
17.10.2012,Asseco Gdynia,Unicaja,Unicaja,75,77,22,28,50,17,17,34,20,18,38,16,14,30,,,39,45,36,32,84,68,84,152,6,9,4,2,2
12.10.2012,Real Madrid,Panathinaikos,Real Madrid,85,78,22,20,42,13,24,37,24,16,40,26,18,44,,,35,44,50,34,79,84,79,163,2,6,1,7,7
12.10.2012,Montepaschi Siena,Alba Berlin,Alba Berlin,82,92,25,25,50,14,17,31,20,27,47,23,23,46,,,39,42,43,50,81,93,81,174,0,1,10,10,10
12.10.2012,Olimpia Milano,Anadolu Efes SK,Olimpia Milano,80,75,18,15,33,22,19,41,24,16,40,16,25,41,,,40,34,40,41,74,81,74,155,3,6,14,5,5
12.10.2012,Besiktas CT,Partizan,Besiktas CT,81,65,19,14,33,20,16,36,22,23,45,20,12,32,,,39,30,42,35,69,77,69,146,5,12,8,16,16
12.10.2012,Barcelona,Bamberg,Barcelona,72,60,26,9,35,17,17,34,21,18,39,8,16,24,,,43,26,29,34,69,63,69,132,17,3,20,12,12
11.10.2012,Cantu,Petrol Olimpija,Petrol Olimpija,71,84,17,20,37,23,21,44,13,18,31,18,25,43,,,40,41,31,43,81,74,81,155,3,10,6,13,13
11.10.2012,Fenerbahce Ulker,Khimki,Fenerbahce Ulker,92,80,25,25,50,21,11,32,16,18,34,30,26,56,,,46,36,46,44,82,90,82,172,0,10,8,12,12
11.10.2012,Unicaja,Maccabi Tel Aviv,Maccabi Tel Aviv,80,85,20,25,45,16,22,38,27,18,45,17,20,37,,,36,47,44,38,83,82,83,165,5,3,2,5,5
11.10.2012,Chalon/Saone,Asseco Gdynia,Chalon/Saone,81,74,11,12,23,22,16,38,24,20,44,24,26,50,,,33,28,48,46,61,94,61,155,1,20,9,7,7
13.05.2012,CSKA Moscow,Olympiacos,Olympiacos,61,62,10,7,17,24,13,37,19,20,39,8,22,30,,,34,20,27,42,54,69,54,123,3,7,13,1,1
13.05.2012,Panathinaikos,Barcelona,Barcelona,69,74,20,21,41,17,27,44,15,10,25,17,16,33,,,37,48,32,26,85,58,85,143,1,16,6,5,5
11.05.2012,Olympiacos,Barcelona,Olympiacos,68,64,17,11,28,16,18,34,17,18,35,18,17,35,,,33,29,35,35,62,70,62,132,6,6,3,4,4
11.05.2012,CSKA Moscow,Panathinaikos,CSKA Moscow,66,64,15,29,44,17,5,22,19,21,40,15,9,24,,,32,34,34,30,66,64,66,130,14,0,4,2,2
05.04.2012,Panathinaikos,Maccabi Tel Aviv,Panathinaikos,86,85,18,20,38,23,12,35,21,21,42,24,32,56,,,41,32,45,53,73,98,73,171,2,13,9,1,1
30.03.2012,Olympiacos,Montepaschi Siena,Olympiacos,76,69,21,21,42,17,18,35,16,16,32,22,14,36,,,38,39,38,30,77,68,77,145,0,1,1,7,7
30.03.2012,Bilbao Basket,CSKA Moscow,CSKA Moscow,71,73,15,21,36,13,18,31,19,17,36,24,17,41,,,28,39,43,34,67,77,67,144,6,4,9,2,2
29.03.2012,Maccabi Tel Aviv,Panathinaikos,Panathinaikos,69,78,19,17,36,17,24,41,14,13,27,19,24,43,,,36,41,33,37,77,70,77,147,2,8,4,9,9
28.03.2012,Olympiacos,Montepaschi Siena,Olympiacos,75,55,14,12,26,18,9,27,16,9,25,27,25,52,,,32,21,43,34,53,77,53,130,2,22,18,20,20
28.03.2012,Bilbao Basket,CSKA Moscow,Bilbao Basket,94,81,25,24,49,22,16,38,24,17,41,23,24,47,,,47,40,47,41,87,88,87,175,1,7,14,13,13
27.03.2012,Maccabi Tel Aviv,Panathinaikos,Maccabi Tel Aviv,65,62,24,13,37,17,15,32,9,16,25,15,18,33,,,41,28,24,34,69,58,69,127,11,4,6,3,3
27.03.2012,Unics Kazan,Barcelona,Barcelona,56,67,19,17,36,15,11,26,11,18,29,11,21,32,,,34,28,22,39,62,61,62,123,2,6,1,11,11
23.03.2012,Montepaschi Siena,Olympiacos,Montepaschi Siena,81,80,22,18,40,26,17,43,19,18,37,14,27,41,,,48,35,33,45,83,78,83,161,4,2,14,1,1
23.03.2012,CSKA Moscow,Bilbao Basket,CSKA Moscow,79,60,26,15,41,15,21,36,17,16,33,21,8,29,,,41,36,38,24,77,62,77,139,11,2,6,19,19
22.03.2012,Barcelona,Unics Kazan,Barcelona,66,63,17,13,30,16,17,33,18,18,36,15,15,30,,,33,30,33,33,63,66,63,129,4,3,3,3,3
22.03.2012,Panathinaikos,Maccabi Tel Aviv,Maccabi Tel Aviv,92,94,24,20,44,19,21,40,15,20,35,25,22,47,,,43,41,40,42,84,82,84,166,4,1,3,0,2
21.03.2012,Montepaschi Siena,Olympiacos,Olympiacos,75,82,26,21,47,22,21,43,18,16,34,9,24,33,,,48,42,27,40,90,67,90,157,5,15,8,7,7
21.03.2012,CSKA Moscow,Bilbao Basket,CSKA Moscow,98,71,27,26,53,23,14,37,34,11,45,14,20,34,,,50,40,48,31,90,79,90,169,1,8,33,27,27
20.03.2012,Panathinaikos,Maccabi Tel Aviv,Panathinaikos,93,73,28,18,46,27,16,43,24,18,42,14,21,35,,,55,34,38,39,89,77,89,166,10,4,27,20,20
20.03.2012,Barcelona,Unics Kazan,Barcelona,78,66,22,14,36,23,19,42,17,20,37,16,13,29,,,45,33,33,33,78,66,78,144,8,0,9,12,12
01.03.2012,Montepaschi Siena,Real Madrid,Real Madrid,90,102,28,26,54,25,26,51,22,24,46,15,26,41,,,53,52,37,50,105,87,105,192,2,15,1,12,12
01.03.2012,Olympiacos,Galatasaray CC,Olympiacos,88,81,24,14,38,19,21,40,24,23,47,21,23,44,,,43,35,45,46,78,91,78,169,10,10,9,7,7
01.03.2012,Unicaja,Bilbao Basket,Bilbao Basket,55,59,16,15,31,6,9,15,14,18,32,19,17,36,,,22,24,33,35,46,68,46,114,1,9,6,4,4
01.03.2012,Anadolu Efes SK,CSKA Moscow,CSKA Moscow,65,82,20,22,42,17,25,42,17,17,34,11,18,29,,,37,47,28,35,84,63,84,147,2,19,10,17,17
29.02.2012,Barcelona,Maccabi Tel Aviv,Barcelona,70,67,19,21,40,15,12,27,17,11,28,19,23,42,,,34,33,36,34,67,70,67,137,2,3,7,3,3
29.02.2012,Zalgiris Kaunas,Cantu,Cantu,71,77,23,18,41,12,21,33,15,11,26,21,27,48,,,35,39,36,38,74,74,74,148,5,3,0,6,6
29.02.2012,Olimpia Milano,Fenerbahce Ulker,Olimpia Milano,85,72,20,21,41,26,19,45,20,15,35,19,17,36,,,46,40,39,32,86,71,86,157,1,1,11,13,13
29.02.2012,Unics Kazan,Panathinaikos,Panathinaikos,63,68,21,22,43,17,18,35,10,12,22,15,16,31,,,38,40,25,28,78,53,78,131,1,15,4,5,5
23.02.2012,Panathinaikos,Olimpia Milano,Olimpia Milano,58,67,11,16,27,21,18,39,14,19,33,12,14,26,,,32,34,26,33,66,59,66,125,5,8,7,9,9
23.02.2012,Cantu,Barcelona,Barcelona,62,63,18,18,36,15,17,32,17,17,34,12,11,23,,,33,35,29,28,68,57,68,125,0,6,2,1,1
23.02.2012,Real Madrid,Unicaja,Real Madrid,86,65,14,22,36,27,19,46,18,12,30,27,12,39,,,41,41,45,24,82,69,82,151,8,4,6,21,21
23.02.2012,Maccabi Tel Aviv,Zalgiris Kaunas,Maccabi Tel Aviv,70,66,11,25,36,22,12,34,11,12,23,26,17,43,,,33,37,37,29,70,66,70,136,14,0,5,4,4
23.02.2012,Fenerbahce Ulker,Unics Kazan,Fenerbahce Ulker,94,87,21,26,47,21,18,39,13,24,37,24,11,35,,,42,44,37,35,86,72,86,158,5,7,13,0,7
22.02.2012,Galatasaray CC,Anadolu Efes SK,Galatasaray CC,64,56,20,13,33,19,19,38,11,13,24,14,11,25,,,39,32,25,24,71,49,71,120,7,7,5,8,8
22.02.2012,Bilbao Basket,Montepaschi Siena,Bilbao Basket,60,59,7,8,15,14,14,28,18,17,35,21,20,41,,,21,22,39,37,43,76,43,119,1,17,0,1,1
22.02.2012,CSKA Moscow,Olympiacos,CSKA Moscow,96,64,30,16,46,24,10,34,18,18,36,24,20,44,,,54,26,42,38,80,80,80,160,14,16,28,32,32
09.02.2012,Panathinaikos,Fenerbahce Ulker,Panathinaikos,72,62,24,13,37,16,14,30,18,16,34,14,19,33,,,40,27,32,35,67,67,67,134,11,5,15,10,10
09.02.2012,Maccabi Tel Aviv,Cantu,Maccabi Tel Aviv,75,60,17,14,31,22,27,49,23,5,28,13,14,27,,,39,41,36,19,80,55,80,135,3,5,16,15,15
09.02.2012,Galatasaray CC,CSKA Moscow,Galatasaray CC,68,64,15,13,28,16,23,39,24,18,42,13,10,23,,,31,36,37,28,67,65,67,132,2,1,1,4,4
09.02.2012,Zalgiris Kaunas,Barcelona,Barcelona,58,67,19,13,32,13,17,30,11,17,28,15,20,35,,,32,30,26,37,62,63,62,125,6,4,4,9,9
08.02.2012,Olimpia Milano,Unics Kazan,Olimpia Milano,63,58,20,13,33,12,15,27,17,15,32,14,15,29,,,32,28,31,30,60,61,60,121,7,3,6,5,5
08.02.2012,Bilbao Basket,Real Madrid,Bilbao Basket,93,69,34,14,48,18,12,30,20,25,45,21,18,39,,,52,26,41,43,78,84,78,162,20,15,21,24,24
08.02.2012,Montepaschi Siena,Unicaja,Montepaschi Siena,84,69,23,19,42,29,27,56,15,14,29,17,9,26,,,52,46,32,23,98,55,98,153,4,14,7,15,15
08.02.2012,Anadolu Efes SK,Olympiacos,Olympiacos,65,67,9,16,25,23,21,44,10,11,21,23,19,42,,,32,37,33,30,69,63,69,132,7,4,6,2,2
02.02.2012,Barcelona,Zalgiris Kaunas,Barcelona,94,80,23,18,41,19,25,44,21,16,37,31,21,52,,,42,43,52,37,85,89,85,174,5,9,4,14,14
02.02.2012,Cantu,Maccabi Tel Aviv,Cantu,82,74,23,20,43,26,24,50,17,16,33,16,14,30,,,49,44,33,30,93,63,93,156,3,11,6,8,8
02.02.2012,Unicaja,Montepaschi Siena,Montepaschi Siena,68,91,19,27,46,21,23,44,17,21,38,11,20,31,,,40,50,28,41,90,69,90,159,8,22,14,23,23
02.02.2012,Fenerbahce Ulker,Panathinaikos,Panathinaikos,56,77,9,24,33,13,12,25,21,22,43,13,19,32,,,22,36,34,41,58,75,58,133,15,2,15,21,21
02.02.2012,CSKA Moscow,Galatasaray CC,CSKA Moscow,85,70,19,12,31,25,25,50,22,15,37,19,18,37,,,44,37,41,33,81,74,81,155,7,4,14,15,15
01.02.2012,Real Madrid,Bilbao Basket,Real Madrid,89,73,26,16,42,24,20,44,19,19,38,20,18,38,,,50,36,39,37,86,76,86,162,10,3,14,16,16
01.02.2012,Olympiacos,Anadolu Efes SK,Olympiacos,83,65,20,12,32,21,24,45,12,17,29,30,12,42,,,41,36,42,29,77,71,77,148,8,6,0,18,18
01.02.2012,Unics Kazan,Olimpia Milano,Unics Kazan,59,44,20,12,32,16,8,24,9,7,16,14,17,31,,,36,20,23,24,56,47,56,103,8,3,18,15,15
26.01.2012,Maccabi Tel Aviv,Barcelona,Barcelona,57,71,19,12,31,10,17,27,13,15,28,15,27,42,,,29,29,28,42,58,70,58,128,7,1,2,14,14
26.01.2012,Galatasaray CC,Olympiacos,Galatasaray CC,78,77,15,15,30,27,13,40,15,19,34,12,22,34,,,42,28,27,41,70,68,70,138,0,1,10,0,1
25.01.2012,Cantu,Zalgiris Kaunas,Cantu,79,78,21,17,38,11,19,30,17,23,40,30,19,49,,,32,36,47,42,68,89,68,157,4,11,10,1,1
25.01.2012,Panathinaikos,Unics Kazan,Unics Kazan,83,89,22,17,39,20,24,44,14,22,36,27,26,53,,,42,41,41,48,83,89,83,172,5,0,7,6,6
25.01.2012,Bilbao Basket,Unicaja,Bilbao Basket,85,70,22,17,39,14,17,31,22,18,40,27,18,45,,,36,34,49,36,70,85,70,155,5,15,6,15,15
25.01.2012,Fenerbahce Ulker,Olimpia Milano,Fenerbahce Ulker,65,63,12,10,22,18,18,36,16,15,31,19,20,39,,,30,28,35,35,58,70,58,128,2,7,3,2,2
25.01.2012,Real Madrid,Montepaschi Siena,Montepaschi Siena,69,88,15,31,46,19,16,35,14,18,32,21,23,44,,,34,47,35,41,81,76,81,157,16,12,17,19,19
25.01.2012,CSKA Moscow,Anadolu Efes SK,CSKA Moscow,96,68,23,21,44,25,15,40,26,17,43,22,15,37,,,48,36,48,32,84,80,84,164,2,12,21,28,28
19.01.2012,Barcelona,Cantu,Barcelona,65,60,15,18,33,13,12,25,21,19,40,16,11,27,,,28,30,37,30,58,67,58,125,3,7,0,5,5
19.01.2012,Olimpia Milano,Panathinaikos,Panathinaikos,57,78,10,24,34,13,19,32,10,15,25,24,20,44,,,23,43,34,35,66,69,66,135,14,9,25,21,21
19.01.2012,Unicaja,Real Madrid,Real Madrid,80,81,20,15,35,19,22,41,19,25,44,22,19,41,,,39,37,41,44,76,85,76,161,5,4,4,1,1
19.01.2012,Anadolu Efes SK,Galatasaray CC,Anadolu Efes SK,68,62,29,19,48,16,15,31,15,18,33,8,10,18,,,45,34,23,28,79,51,79,130,10,11,8,6,6
19.01.2012,Zalgiris Kaunas,Maccabi Tel Aviv,Maccabi Tel Aviv,76,84,16,23,39,21,25,46,24,16,40,15,20,35,,,37,48,39,36,85,75,85,160,7,9,3,8,8
18.01.2012,Montepaschi Siena,Bilbao Basket,Montepaschi Siena,81,67,14,18,32,18,14,32,24,17,41,25,18,43,,,32,32,49,35,64,84,64,148,4,17,7,14,14
18.01.2012,Olympiacos,CSKA Moscow,CSKA Moscow,78,86,21,22,43,23,18,41,14,22,36,20,24,44,,,44,40,34,46,84,80,84,164,1,6,4,8,8
18.01.2012,Unics Kazan,Fenerbahce Ulker,Unics Kazan,76,71,15,18,33,9,23,32,29,15,44,23,15,38,,,24,41,52,30,65,82,65,147,3,11,3,5,5
22.12.2011,Partizan,Olimpia Milano,Olimpia Milano,66,72,18,14,32,18,15,33,14,22,36,16,21,37,,,36,29,30,43,65,73,65,138,4,1,1,6,6
22.12.2011,Spirou Charleroi,Maccabi Tel Aviv,Maccabi Tel Aviv,69,86,16,22,38,18,16,34,15,30,45,20,18,38,,,34,38,35,48,72,83,72,155,6,3,19,17,17
22.12.2011,Bilbao Basket,Baskonia,Bilbao Basket,77,72,20,20,40,20,14,34,18,18,36,19,20,39,,,40,34,37,38,74,75,74,149,0,3,6,5,5
22.12.2011,Cantu,Fenerbahce Ulker,Fenerbahce Ulker,76,83,16,17,33,15,14,29,24,24,48,21,28,49,,,31,31,45,52,62,97,62,159,1,14,0,7,7
22.12.2011,Nancy,Olympiacos,Olympiacos,74,79,27,21,48,17,26,43,20,14,34,10,18,28,,,44,47,30,32,91,62,91,153,6,17,3,5,5
22.12.2011,Anadolu Efes SK,Real Madrid,Real Madrid,66,75,21,15,36,22,21,43,13,21,34,10,18,28,,,43,36,23,39,79,62,79,141,6,13,1,9,9
21.12.2011,Asseco Gdynia,Montepaschi Siena,Montepaschi Siena,53,79,16,18,34,7,19,26,21,13,34,9,29,38,,,23,37,30,42,60,72,60,132,2,7,6,26,26
21.12.2011,Barcelona,Galatasaray CC,Barcelona,79,50,23,13,36,28,17,45,17,11,28,11,9,20,,,51,30,28,20,81,48,81,129,10,2,27,29,29
21.12.2011,Petrol Olimpija,Unics Kazan,Unics Kazan,63,76,11,25,36,18,16,34,12,13,25,22,22,44,,,29,41,34,35,70,69,70,139,14,7,13,13,13
21.12.2011,Panathinaikos,Bamberg,Panathinaikos,71,66,12,22,34,18,16,34,26,15,41,15,13,28,,,30,38,41,28,68,69,68,137,10,3,3,5,5
21.12.2011,Unicaja,CSKA Moscow,CSKA Moscow,83,91,23,22,45,18,22,40,22,27,49,20,20,40,,,41,44,42,47,85,89,85,174,1,2,8,8,8
21.12.2011,Zalgiris Kaunas,Zagreb,Zalgiris Kaunas,87,76,28,18,46,18,11,29,20,21,41,21,26,47,,,46,29,41,47,75,88,75,163,10,12,16,11,11
15.12.2011,Maccabi Tel Aviv,Anadolu Efes SK,Maccabi Tel Aviv,96,57,17,20,37,19,11,30,29,15,44,31,11,42,,,36,31,60,26,67,86,67,153,3,29,19,39,39
15.12.2011,Montepaschi Siena,Barcelona,Montepaschi Siena,77,74,23,20,43,13,15,28,11,24,35,30,15,45,,,36,35,41,39,71,80,71,151,3,6,12,3,3
15.12.2011,Bamberg,Zalgiris Kaunas,Zalgiris Kaunas,68,82,13,20,33,17,24,41,19,14,33,19,24,43,,,30,44,38,38,74,76,74,150,7,6,9,14,14
15.12.2011,Olympiacos,Cantu,Olympiacos,86,61,18,12,30,20,17,37,25,15,40,23,17,40,,,38,29,48,32,67,80,67,147,6,19,19,25,25
15.12.2011,Fenerbahce Ulker,Bilbao Basket,Bilbao Basket,70,80,14,25,39,19,19,38,17,23,40,20,13,33,,,33,44,37,36,77,73,77,150,11,7,17,10,10
15.12.2011,Unics Kazan,Asseco Gdynia,Unics Kazan,68,41,19,6,25,16,5,21,19,16,35,14,14,28,,,35,11,33,30,46,63,46,109,13,22,27,27,27
14.12.2011,Baskonia,Nancy,Baskonia,90,55,22,11,33,20,10,30,29,9,38,19,25,44,,,42,21,48,34,63,82,63,145,11,27,41,35,35
14.12.2011,Olimpia Milano,Spirou Charleroi,Olimpia Milano,88,53,23,18,41,25,12,37,17,16,33,23,7,30,,,48,30,40,23,78,63,78,141,5,10,19,35,35
14.12.2011,Real Madrid,Partizan,Real Madrid,101,83,27,15,42,25,22,47,24,19,43,25,27,52,,,52,37,49,46,89,95,89,184,12,12,20,18,18
14.12.2011,Zagreb,Unicaja,Unicaja,67,82,22,20,42,17,25,42,13,20,33,15,17,32,,,39,45,28,37,84,65,84,149,2,17,13,15,15
14.12.2011,Galatasaray CC,Petrol Olimpija,Galatasaray CC,80,59,18,16,34,21,19,40,20,9,29,21,15,36,,,39,35,41,24,74,65,74,139,2,6,15,21,21
14.12.2011,CSKA Moscow,Panathinaikos,CSKA Moscow,91,75,26,24,50,21,25,46,28,14,42,16,12,28,,,47,49,44,26,96,70,96,166,2,5,12,16,16
08.12.2011,Olympiacos,Baskonia,Olympiacos,84,82,19,26,45,27,15,42,19,21,40,19,20,39,,,46,41,38,41,87,79,87,166,7,3,3,2,2
08.12.2011,Barcelona,Unics Kazan,Barcelona,63,50,21,15,36,12,13,25,14,15,29,16,7,23,,,33,28,30,22,61,52,61,113,6,2,4,13,13
08.12.2011,Real Madrid,Maccabi Tel Aviv,Real Madrid,88,64,22,15,37,26,25,51,18,11,29,22,13,35,,,48,40,40,24,88,64,88,152,7,0,15,24,24
08.12.2011,Spirou Charleroi,Partizan,Spirou Charleroi,84,79,13,18,31,24,20,44,32,23,55,15,18,33,,,37,38,47,41,75,88,75,163,5,9,8,5,5
08.12.2011,Galatasaray CC,Montepaschi Siena,Montepaschi Siena,63,67,18,19,37,15,13,28,10,18,28,20,17,37,,,33,32,30,35,65,65,65,130,1,2,7,4,4
08.12.2011,Unicaja,Bamberg,Bamberg,79,90,23,24,47,17,22,39,21,21,42,18,23,41,,,40,46,39,44,86,83,86,169,1,7,6,11,11
07.12.2011,Nancy,Fenerbahce Ulker,Fenerbahce Ulker,53,73,15,22,37,10,10,20,15,17,32,13,24,37,,,25,32,28,41,57,69,57,126,7,4,9,20,20
07.12.2011,Asseco Gdynia,Petrol Olimpija,Asseco Gdynia,67,52,13,15,28,14,15,29,23,3,26,17,19,36,,,27,30,40,22,57,62,57,119,2,10,17,15,15
07.12.2011,Bilbao Basket,Cantu,Cantu,64,67,14,17,31,13,23,36,20,14,34,17,13,30,,,27,40,37,27,67,64,67,131,3,3,7,3,3
07.12.2011,Anadolu Efes SK,Olimpia Milano,Anadolu Efes SK,84,70,22,13,35,23,14,37,21,25,46,18,18,36,,,45,27,39,43,72,82,72,154,9,12,14,14,14
07.12.2011,Zalgiris Kaunas,Panathinaikos,Panathinaikos,59,94,14,15,29,5,26,31,19,24,43,21,29,50,,,19,41,40,53,60,93,60,153,1,1,27,35,35
07.12.2011,CSKA Moscow,Zagreb,CSKA Moscow,87,74,18,23,41,25,11,36,17,24,41,27,16,43,,,43,34,44,40,77,84,77,161,5,10,2,13,13
01.12.2011,Asseco Gdynia,Barcelona,Barcelona,45,76,14,14,28,12,22,34,4,23,27,15,17,32,,,26,36,19,40,62,59,62,121,0,17,29,31,31
01.12.2011,Cantu,Baskonia,Cantu,71,68,12,21,33,23,9,32,17,6,23,19,32,51,,,35,30,36,38,65,74,65,139,9,6,16,3,3
01.12.2011,Olimpia Milano,Real Madrid,Real Madrid,65,72,15,20,35,15,16,31,17,17,34,18,19,37,,,30,36,35,36,66,71,66,137,5,1,6,7,7
01.12.2011,Partizan,Maccabi Tel Aviv,Partizan,74,71,24,17,41,15,20,35,15,11,26,20,23,43,,,39,37,35,34,76,69,76,145,7,2,6,3,3
01.12.2011,Fenerbahce Ulker,Olympiacos,Fenerbahce Ulker,86,70,16,17,33,26,19,45,17,20,37,27,14,41,,,42,36,44,34,78,78,78,156,1,8,3,16,16
01.12.2011,Petrol Olimpija,Montepaschi Siena,Montepaschi Siena,57,63,15,21,36,18,16,34,16,16,32,8,10,18,,,33,37,24,26,70,50,70,120,6,13,4,6,6
01.12.2011,Unics Kazan,Galatasaray CC,Unics Kazan,72,61,21,23,44,14,11,25,22,15,37,15,12,27,,,35,34,37,27,69,64,69,133,2,3,8,11,11
30.11.2011,Bilbao Basket,Nancy,Bilbao Basket,97,75,22,22,44,18,17,35,29,23,52,28,13,41,,,40,39,57,36,79,93,79,172,0,18,7,22,22
30.11.2011,Panathinaikos,Zagreb,Panathinaikos,94,76,24,22,46,24,27,51,23,13,36,23,14,37,,,48,49,46,27,97,73,97,170,2,3,9,18,18
30.11.2011,Bamberg,CSKA Moscow,CSKA Moscow,78,81,18,25,43,19,19,38,25,23,48,16,14,30,,,37,44,41,37,81,78,81,159,7,3,5,3,3
30.11.2011,Spirou Charleroi,Anadolu Efes SK,Anadolu Efes SK,62,66,14,18,32,8,19,27,21,15,36,19,14,33,,,22,37,40,29,59,69,59,128,4,3,9,4,4
30.11.2011,Zalgiris Kaunas,Unicaja,Zalgiris Kaunas,67,65,19,11,30,16,13,29,15,18,33,17,23,40,,,35,24,32,41,59,73,59,132,8,8,8,2,2
24.11.2011,Zagreb,Bamberg,Zagreb,86,74,21,20,41,15,14,29,26,24,50,24,16,40,,,36,34,50,40,70,90,70,160,1,16,4,12,12
24.11.2011,Barcelona,Petrol Olimpija,Barcelona,72,46,23,16,39,17,10,27,23,6,29,9,14,23,,,40,26,32,20,66,52,66,118,7,6,31,26,26
24.11.2011,Baskonia,Fenerbahce Ulker,Baskonia,90,85,16,14,30,22,28,50,16,18,34,19,13,32,,,38,42,35,31,80,66,80,146,2,7,6,0,5
24.11.2011,Nancy,Cantu,Nancy,76,75,16,20,36,29,13,42,11,29,40,20,13,33,,,45,33,31,42,78,73,78,151,4,2,6,1,1
24.11.2011,Unicaja,Panathinaikos,Panathinaikos,76,77,17,27,44,26,18,44,14,13,27,19,19,38,,,43,45,33,32,88,65,88,153,10,12,1,1,1
24.11.2011,Maccabi Tel Aviv,Olimpia Milano,Maccabi Tel Aviv,85,76,25,14,39,27,24,51,15,24,39,18,14,32,,,52,38,33,38,90,71,90,161,11,5,5,9,9
24.11.2011,Galatasaray CC,Asseco Gdynia,Galatasaray CC,78,76,12,14,26,22,17,39,12,26,38,24,13,37,,,34,31,36,39,65,75,65,140,2,5,11,0,2
24.11.2011,Real Madrid,Spirou Charleroi,Real Madrid,93,89,21,27,48,27,19,46,22,23,45,23,20,43,,,48,46,45,43,94,88,94,182,6,1,1,4,4
23.11.2011,Montepaschi Siena,Unics Kazan,Unics Kazan,73,79,16,21,37,25,20,45,20,16,36,12,22,34,,,41,41,32,38,82,70,82,152,5,9,4,6,6
23.11.2011,Anadolu Efes SK,Partizan,Anadolu Efes SK,67,58,15,17,32,15,11,26,19,8,27,18,22,40,,,30,28,37,30,58,67,58,125,2,9,13,9,9
23.11.2011,Olympiacos,Bilbao Basket,Olympiacos,88,81,27,24,51,18,18,36,15,19,34,28,20,48,,,45,42,43,39,87,82,87,169,3,1,1,7,7
23.11.2011,CSKA Moscow,Zalgiris Kaunas,CSKA Moscow,95,82,24,25,49,27,20,47,22,21,43,22,16,38,,,51,45,44,37,96,81,96,177,1,1,7,13,13
17.11.2011,Bamberg,Panathinaikos,Bamberg,79,76,16,19,35,21,21,42,23,19,42,19,17,36,,,37,40,42,36,77,78,77,155,3,2,1,3,3
17.11.2011,Olimpia Milano,Partizan,Partizan,65,69,12,14,26,19,5,24,25,20,45,9,30,39,,,31,19,34,50,50,84,50,134,2,15,17,4,4
17.11.2011,Real Madrid,Anadolu Efes SK,Real Madrid,104,84,24,18,42,26,18,44,31,26,57,23,22,45,,,50,36,54,48,86,102,86,188,6,18,19,20,20
17.11.2011,Maccabi Tel Aviv,Spirou Charleroi,Maccabi Tel Aviv,69,59,22,11,33,13,24,37,15,19,34,19,5,24,,,35,35,34,24,70,58,70,128,11,1,4,10,10
17.11.2011,Montepaschi Siena,Asseco Gdynia,Montepaschi Siena,84,73,16,15,31,16,16,32,33,20,53,19,22,41,,,32,31,52,42,63,94,63,157,1,21,14,11,11
17.11.2011,Galatasaray CC,Barcelona,Barcelona,66,70,19,19,38,10,25,35,19,17,36,18,9,27,,,29,44,37,26,73,63,73,136,0,7,13,4,4
17.11.2011,Unics Kazan,Petrol Olimpija,Unics Kazan,81,51,18,20,38,21,14,35,22,5,27,20,12,32,,,39,34,42,17,73,59,73,132,2,8,22,30,30
16.11.2011,Olympiacos,Nancy,Olympiacos,91,78,30,22,52,10,14,24,27,16,43,24,26,50,,,40,36,51,42,76,93,76,169,8,15,15,13,13
16.11.2011,Zagreb,Zalgiris Kaunas,Zagreb,80,78,21,20,41,19,16,35,17,24,41,23,18,41,,,40,36,40,42,76,82,76,158,1,4,3,2,2
16.11.2011,Baskonia,Bilbao Basket,Bilbao Basket,84,89,17,25,42,19,16,35,26,25,51,22,23,45,,,36,41,48,48,77,96,77,173,8,7,4,5,5
16.11.2011,Fenerbahce Ulker,Cantu,Fenerbahce Ulker,85,83,17,19,36,15,16,31,24,17,41,17,21,38,,,32,35,41,38,67,79,67,146,2,6,4,0,2
16.11.2011,CSKA Moscow,Unicaja,CSKA Moscow,77,66,12,14,26,22,15,37,28,12,40,15,25,40,,,34,29,43,37,63,80,63,143,2,14,21,11,11
10.11.2011,Panathinaikos,CSKA Moscow,CSKA Moscow,76,78,22,19,41,19,13,32,16,22,38,14,17,31,,,41,32,30,39,73,69,73,142,3,2,3,0,2
10.11.2011,Barcelona,Montepaschi Siena,Barcelona,92,75,24,12,36,16,16,32,23,22,45,29,25,54,,,40,28,52,47,68,99,68,167,12,24,13,17,17
10.11.2011,Nancy,Baskonia,Nancy,90,85,28,20,48,21,27,48,21,17,38,20,21,41,,,49,47,41,38,96,79,96,175,8,6,6,5,5
10.11.2011,Partizan,Real Madrid,Partizan,80,79,22,16,38,23,24,47,12,21,33,23,18,41,,,45,40,35,39,85,74,85,159,6,5,4,1,1
10.11.2011,Spirou Charleroi,Olimpia Milano,Olimpia Milano,76,81,11,14,25,23,16,39,24,23,47,18,28,46,,,34,30,42,51,64,93,64,157,3,12,5,5,5
10.11.2011,Anadolu Efes SK,Maccabi Tel Aviv,Maccabi Tel Aviv,72,79,13,14,27,22,24,46,18,21,39,19,20,39,,,35,38,37,41,73,78,73,151,1,1,6,7,7
10.11.2011,Zalgiris Kaunas,Bamberg,Zalgiris Kaunas,81,70,28,21,49,18,22,40,14,10,24,21,17,38,,,46,43,35,27,89,62,89,151,7,8,7,11,11
09.11.2011,Asseco Gdynia,Unics Kazan,Unics Kazan,68,72,12,17,29,18,12,30,16,16,32,22,27,49,,,30,29,38,43,59,81,59,140,5,9,1,4,4
09.11.2011,Bilbao Basket,Fenerbahce Ulker,Fenerbahce Ulker,70,73,21,26,47,15,6,21,22,21,43,12,20,32,,,36,32,34,41,68,75,68,143,5,2,5,3,3
09.11.2011,Cantu,Olympiacos,Cantu,64,63,12,16,28,19,18,37,14,15,29,19,14,33,,,31,34,33,29,65,62,65,127,4,1,4,1,1
09.11.2011,Unicaja,Zagreb,Unicaja,99,85,19,27,46,30,14,44,24,16,40,26,28,54,,,49,41,50,44,90,94,90,184,8,9,16,14,14
09.11.2011,Petrol Olimpija,Galatasaray CC,Galatasaray CC,70,79,23,27,50,14,17,31,19,13,32,14,22,36,,,37,44,33,35,81,68,81,149,4,11,1,9,9
04.11.2011,Panathinaikos,Zalgiris Kaunas,Panathinaikos,92,75,25,21,46,13,21,34,26,13,39,28,20,48,,,38,42,54,33,80,87,80,167,4,12,9,17,17
03.11.2011,Bamberg,Unicaja,Unicaja,78,79,27,22,49,11,20,31,23,21,44,17,16,33,,,38,42,40,37,80,77,80,157,5,2,2,1,1
03.11.2011,Cantu,Bilbao Basket,Cantu,78,69,18,15,33,24,16,40,18,19,37,18,19,37,,,42,31,36,38,73,74,73,147,3,5,10,9,9
03.11.2011,Maccabi Tel Aviv,Real Madrid,Maccabi Tel Aviv,88,82,21,21,42,25,20,45,28,21,49,14,20,34,,,46,41,42,41,87,83,87,170,0,1,12,6,6
03.11.2011,Olimpia Milano,Anadolu Efes SK,Anadolu Efes SK,54,62,9,22,31,12,11,23,15,14,29,18,15,33,,,21,33,33,29,54,62,54,116,13,0,11,8,8
03.11.2011,Partizan,Spirou Charleroi,Partizan,91,81,22,17,39,30,27,57,21,26,47,18,11,29,,,52,44,39,37,96,76,96,172,5,5,3,10,10
03.11.2011,Fenerbahce Ulker,Nancy,Fenerbahce Ulker,90,86,23,17,40,32,17,49,15,27,42,20,25,45,,,55,34,35,52,89,87,89,176,6,1,9,4,4
03.11.2011,Unics Kazan,Barcelona,Barcelona,65,93,14,23,37,18,21,39,16,25,41,17,24,41,,,32,44,33,49,76,82,76,158,9,11,21,28,28
02.11.2011,Montepaschi Siena,Galatasaray CC,Montepaschi Siena,103,77,30,16,46,20,21,41,26,17,43,27,23,50,,,50,37,53,40,87,93,87,180,14,16,22,26,26
02.11.2011,Petrol Olimpija,Asseco Gdynia,Petrol Olimpija,70,62,25,16,41,15,17,32,18,14,32,12,15,27,,,40,33,30,29,73,59,73,132,9,3,11,8,8
02.11.2011,Zagreb,CSKA Moscow,CSKA Moscow,47,89,13,22,35,11,23,34,11,21,32,12,23,35,,,24,45,23,44,69,67,69,136,9,22,31,42,42
02.11.2011,Baskonia,Olympiacos,Baskonia,81,79,13,22,35,19,18,37,28,26,54,21,13,34,,,32,40,49,39,72,88,72,160,9,9,6,2,2
27.10.2011,Maccabi Tel Aviv,Partizan,Maccabi Tel Aviv,70,66,19,12,31,22,17,39,15,11,26,14,26,40,,,41,29,29,37,70,66,70,136,7,0,16,4,4
27.10.2011,Barcelona,Asseco Gdynia,Barcelona,88,61,23,18,41,24,18,42,17,10,27,24,15,39,,,47,36,41,25,83,66,83,149,5,5,18,27,27
27.10.2011,Nancy,Bilbao Basket,Nancy,87,73,17,18,35,21,20,41,23,20,43,26,15,41,,,38,38,49,35,76,84,76,160,1,11,3,14,14
27.10.2011,Olympiacos,Fenerbahce Ulker,Olympiacos,81,74,12,14,26,14,23,37,27,17,44,28,20,48,,,26,37,55,37,63,92,63,155,2,18,1,7,7
27.10.2011,Real Madrid,Olimpia Milano,Real Madrid,85,78,14,18,32,22,21,43,27,23,50,22,16,38,,,36,39,49,39,75,88,75,163,4,10,1,7,7
27.10.2011,Montepaschi Siena,Petrol Olimpija,Montepaschi Siena,79,57,26,4,30,12,25,37,23,11,34,18,17,35,,,38,29,41,28,67,69,67,136,22,12,21,22,22
27.10.2011,Galatasaray CC,Unics Kazan,Unics Kazan,64,68,21,12,33,14,16,30,15,17,32,14,23,37,,,35,28,29,40,63,69,63,132,9,1,5,4,4
26.10.2011,Baskonia,Cantu,Baskonia,81,69,26,27,53,18,17,35,17,15,32,20,10,30,,,44,44,37,25,88,62,88,150,1,7,2,12,12
26.10.2011,Anadolu Efes SK,Spirou Charleroi,Spirou Charleroi,79,80,15,24,39,17,14,31,24,22,46,23,20,43,,,32,38,47,42,70,89,70,159,9,9,4,1,1
26.10.2011,Zagreb,Panathinaikos,Panathinaikos,62,81,14,24,38,8,21,29,11,16,27,29,20,49,,,22,45,40,36,67,76,67,143,10,5,28,19,19
26.10.2011,CSKA Moscow,Bamberg,CSKA Moscow,94,74,24,14,38,23,16,39,24,22,46,23,22,45,,,47,30,47,44,77,91,77,168,10,17,19,20,20
25.10.2011,Unicaja,Zalgiris Kaunas,Unicaja,85,78,22,19,41,8,20,28,19,13,32,18,15,33,,,30,39,37,28,69,65,69,134,3,2,3,0,7
21.10.2011,Bilbao Basket,Olympiacos,Bilbao Basket,76,61,18,11,29,19,20,39,23,18,41,16,12,28,,,37,31,39,30,68,69,68,137,7,8,11,15,15
20.10.2011,Bamberg,Zagreb,Bamberg,96,65,26,16,42,26,14,40,28,20,48,16,15,31,,,52,30,44,35,82,79,82,161,10,14,30,31,31
20.10.2011,Olimpia Milano,Maccabi Tel Aviv,Olimpia Milano,89,82,14,19,33,27,19,46,24,14,38,24,30,54,,,41,38,48,44,79,92,79,171,5,10,13,7,7
20.10.2011,Panathinaikos,Unicaja,Panathinaikos,98,77,25,16,41,27,33,60,25,12,37,21,16,37,,,52,49,46,28,101,74,101,175,9,3,16,21,21
20.10.2011,Petrol Olimpija,Barcelona,Barcelona,64,86,19,24,43,11,17,28,21,20,41,13,25,38,,,30,41,34,45,71,79,71,150,5,7,10,22,22
20.10.2011,Spirou Charleroi,Real Madrid,Real Madrid,76,100,16,23,39,21,22,43,18,26,44,21,29,50,,,37,45,39,55,82,94,82,176,7,6,16,24,24
20.10.2011,Partizan,Anadolu Efes SK,Anadolu Efes SK,73,84,28,27,55,17,21,38,6,20,26,22,16,38,,,45,48,28,36,93,64,93,157,1,20,17,11,11
19.10.2011,Asseco Gdynia,Galatasaray CC,Galatasaray CC,72,76,19,21,40,18,11,29,11,27,38,24,17,41,,,37,32,35,44,69,79,69,148,2,3,11,4,4
19.10.2011,Cantu,Nancy,Cantu,80,69,17,21,38,27,23,50,13,8,21,23,17,40,,,44,44,36,25,88,61,88,149,4,8,5,11,11
19.10.2011,Fenerbahce Ulker,Baskonia,Baskonia,66,69,20,12,32,16,22,38,12,19,31,18,16,34,,,36,34,30,35,70,65,70,135,8,4,5,3,3
19.10.2011,Unics Kazan,Montepaschi Siena,Montepaschi Siena,71,79,24,20,44,20,23,43,11,21,32,16,15,31,,,44,43,27,36,87,63,87,150,4,16,9,8,8
17.10.2011,Zalgiris Kaunas,CSKA Moscow,CSKA Moscow,74,87,16,25,41,15,19,34,21,23,44,22,20,42,,,31,44,43,43,75,86,75,161,9,1,15,13,13
02.10.2011,Spirou Charleroi,CEZ Nymburk,Spirou Charleroi,79,53,15,13,28,19,8,27,20,15,35,25,17,42,,,34,21,45,32,55,77,55,132,2,24,18,26,26
02.10.2011,Lietuvos Rytas,Galatasaray CC,Galatasaray CC,63,71,21,13,34,7,17,24,12,22,34,23,19,42,,,28,30,35,41,58,76,58,134,8,5,12,8,8
01.10.2011,Khimki,CEZ Nymburk,CEZ Nymburk,79,86,5,21,26,17,28,45,28,9,37,29,28,57,,,22,49,57,37,71,94,71,165,16,8,8,7,7
01.10.2011,Galatasaray CC,ASVEL,Galatasaray CC,93,83,28,23,51,24,28,52,17,15,32,24,17,41,,,52,51,41,32,103,73,103,176,5,10,3,10,10
01.10.2011,Alba Berlin,Spirou Charleroi,Spirou Charleroi,63,74,16,24,40,16,12,28,14,17,31,17,21,38,,,32,36,31,38,68,69,68,137,8,5,7,11,11
01.10.2011,Cibona,Lietuvos Rytas,Lietuvos Rytas,71,88,17,24,41,24,17,41,17,28,45,13,19,32,,,41,41,30,47,82,77,82,159,7,11,11,17,17
30.09.2011,CEZ Nymburk,Banvitspor,CEZ Nymburk,69,57,19,12,31,15,9,24,19,19,38,16,17,33,,,34,21,35,36,55,71,55,126,7,14,13,12,12
30.09.2011,ASVEL,Gravelines Dunkerque,ASVEL,80,72,19,14,33,14,19,33,27,19,46,20,20,40,,,33,33,47,39,66,86,66,152,5,14,8,8,8
30.09.2011,Khimki,PGE Turow Zgorzelec,Khimki,74,67,15,13,28,16,16,32,27,16,43,16,22,38,,,31,29,43,38,60,81,60,141,2,14,13,7,7
30.09.2011,PAOK,Galatasaray CC,Galatasaray CC,64,77,18,15,33,14,19,33,19,26,45,13,17,30,,,32,34,32,43,66,75,66,141,3,2,9,13,13
29.09.2011,Spirou Charleroi,Donetsk,Spirou Charleroi,61,59,10,14,24,11,14,25,19,15,34,21,16,37,,,21,28,40,31,49,71,49,120,4,12,3,2,2
29.09.2011,Lietuvos Rytas,Buducnost,Lietuvos Rytas,83,64,21,22,43,19,10,29,16,17,33,27,15,42,,,40,32,43,32,72,75,72,147,1,11,7,19,19
08.05.2011,Maccabi Tel Aviv,Panathinaikos,Panathinaikos,70,78,15,22,37,15,11,26,13,21,34,27,24,51,,,30,33,40,45,63,85,63,148,7,7,11,8,8
08.05.2011,Real Madrid,Montepaschi Siena,Montepaschi Siena,62,80,11,19,30,21,17,38,13,21,34,17,23,40,,,32,36,30,44,68,74,68,142,8,6,12,18,18
06.05.2011,Maccabi Tel Aviv,Real Madrid,Maccabi Tel Aviv,82,63,14,12,26,18,17,35,23,18,41,27,16,43,,,32,29,50,34,61,84,61,145,2,21,8,19,19
06.05.2011,Panathinaikos,Montepaschi Siena,Panathinaikos,77,69,17,21,38,23,15,38,16,11,27,21,22,43,,,40,36,37,33,76,70,76,146,4,1,9,8,8
07.04.2011,Real Madrid,Valencia,Real Madrid,66,58,11,17,28,29,25,54,18,9,27,8,7,15,,,40,42,26,16,82,42,82,124,6,16,7,8,8
31.03.2011,Montepaschi Siena,Olympiacos,Montepaschi Siena,88,76,29,18,47,21,18,39,18,25,43,20,15,35,,,50,36,38,40,86,78,86,164,11,2,7,12,12
31.03.2011,Maccabi Tel Aviv,Baskonia,Maccabi Tel Aviv,99,77,25,23,48,26,29,55,28,10,38,20,15,35,,,51,52,48,25,103,73,103,176,2,4,17,22,22
31.03.2011,Panathinaikos,Barcelona,Panathinaikos,78,67,16,12,28,18,21,39,22,14,36,22,20,42,,,34,33,44,34,67,78,67,145,4,11,9,11,11
31.03.2011,Valencia,Real Madrid,Valencia,81,72,17,14,31,23,24,47,19,17,36,22,17,39,,,40,38,41,34,78,75,78,153,3,3,4,9,9
29.03.2011,Maccabi Tel Aviv,Baskonia,Maccabi Tel Aviv,81,60,24,23,47,17,7,24,28,15,43,12,15,27,,,41,30,40,30,71,70,71,141,1,10,24,21,21
29.03.2011,Panathinaikos,Barcelona,Panathinaikos,76,74,16,13,29,17,16,33,22,20,42,21,25,46,,,33,29,43,45,62,88,62,150,3,14,6,2,2
29.03.2011,Valencia,Real Madrid,Real Madrid,66,75,19,17,36,15,14,29,17,17,34,15,27,42,,,34,31,32,44,65,76,65,141,2,1,3,9,9
29.03.2011,Montepaschi Siena,Olympiacos,Montepaschi Siena,81,72,21,14,35,18,23,41,21,13,34,21,22,43,,,39,37,42,35,76,77,76,153,7,5,10,9,9
24.03.2011,Barcelona,Panathinaikos,Panathinaikos,71,75,17,10,27,21,18,39,19,28,47,14,19,33,,,38,28,33,47,66,80,66,146,7,5,1,4,4
24.03.2011,Olympiacos,Montepaschi Siena,Montepaschi Siena,65,82,12,20,32,19,19,38,20,22,42,14,21,35,,,31,39,34,43,70,77,70,147,8,5,10,17,17
24.03.2011,Real Madrid,Valencia,Valencia,75,81,19,17,36,19,18,37,16,24,40,21,22,43,,,38,35,37,46,73,83,73,156,2,2,5,6,6
24.03.2011,Baskonia,Maccabi Tel Aviv,Maccabi Tel Aviv,81,83,22,19,41,24,19,43,20,27,47,15,18,33,,,46,38,35,45,84,80,84,164,3,3,1,2,2
22.03.2011,Barcelona,Panathinaikos,Barcelona,83,82,14,14,28,23,21,44,20,25,45,26,22,48,,,37,35,46,47,72,93,72,165,0,11,3,1,1
22.03.2011,Real Madrid,Valencia,Real Madrid,71,65,20,18,38,13,14,27,19,21,40,19,12,31,,,33,32,38,33,65,71,65,136,2,6,1,6,6
22.03.2011,Baskonia,Maccabi Tel Aviv,Baskonia,76,70,26,14,40,20,18,38,15,23,38,15,15,30,,,46,32,30,38,78,68,78,146,12,2,6,6,6
22.03.2011,Olympiacos,Montepaschi Siena,Olympiacos,89,41,24,4,28,23,5,28,14,13,27,28,19,47,,,47,9,42,32,56,74,56,130,20,33,39,48,48
03.03.2011,Barcelona,Petrol Olimpija,Barcelona,76,58,21,19,40,14,12,26,16,13,29,25,14,39,,,35,31,41,27,66,68,66,134,2,10,7,18,18
03.03.2011,Lietuvos Rytas,Baskonia,Baskonia,68,77,16,27,43,23,13,36,16,18,34,13,19,32,,,39,40,29,37,79,66,79,145,11,11,3,9,9
03.03.2011,Unicaja,Panathinaikos,Panathinaikos,61,77,18,23,41,15,15,30,8,15,23,20,24,44,,,33,38,28,39,71,67,71,138,5,10,12,16,16
03.03.2011,Virtus Roma,Maccabi Tel Aviv,Virtus Roma,82,69,21,17,38,21,25,46,18,6,24,22,21,43,,,42,42,40,27,84,67,84,151,4,2,12,13,13
03.03.2011,Anadolu Efes SK,Partizan,Partizan,65,67,12,21,33,22,16,38,13,12,25,18,18,36,,,34,37,31,30,71,61,71,132,9,6,2,2,2
03.03.2011,Olympiacos,Zalgiris Kaunas,Olympiacos,78,64,19,20,39,22,14,36,17,15,32,20,15,35,,,41,34,37,30,75,67,75,142,1,3,9,14,14
03.03.2011,Real Madrid,Montepaschi Siena,Montepaschi Siena,77,95,19,26,45,13,29,42,19,23,42,26,17,43,,,32,55,45,40,87,85,87,172,7,10,27,18,18
03.03.2011,Valencia,Fenerbahce Ulker,Valencia,82,68,15,15,30,24,17,41,20,20,40,23,16,39,,,39,32,43,36,71,79,71,150,0,11,7,14,14
24.02.2011,Montepaschi Siena,Anadolu Efes SK,Montepaschi Siena,88,76,25,23,48,24,24,48,21,11,32,18,18,36,,,49,47,39,29,96,68,96,164,2,8,12,12,12
24.02.2011,Partizan,Real Madrid,Real Madrid,56,61,12,15,27,6,18,24,18,11,29,20,17,37,,,18,33,38,28,51,66,51,117,3,5,8,5,5
24.02.2011,Baskonia,Unicaja,Baskonia,78,63,24,14,38,16,17,33,18,18,36,20,14,34,,,40,31,38,32,71,70,71,141,10,7,9,15,15
24.02.2011,Maccabi Tel Aviv,Barcelona,Barcelona,85,92,24,16,40,15,14,29,21,24,45,13,19,32,,,39,30,34,43,69,77,69,146,8,4,6,0,7
24.02.2011,Fenerbahce Ulker,Olympiacos,Olympiacos,65,80,18,20,38,18,14,32,19,20,39,10,26,36,,,36,34,29,46,70,75,70,145,2,5,1,15,15
24.02.2011,Zalgiris Kaunas,Valencia,Valencia,74,80,17,18,35,20,17,37,17,23,40,20,22,42,,,37,35,37,45,72,82,72,154,1,2,4,6,6
23.02.2011,Petrol Olimpija,Virtus Roma,Virtus Roma,76,87,14,20,34,27,17,44,14,28,42,21,22,43,,,41,37,35,50,78,85,78,163,6,2,10,11,11
23.02.2011,Panathinaikos,Lietuvos Rytas,Lietuvos Rytas,67,68,20,23,43,19,11,30,14,14,28,14,20,34,,,39,34,28,34,73,62,73,135,3,6,5,1,1
17.02.2011,Petrol Olimpija,Maccabi Tel Aviv,Maccabi Tel Aviv,62,83,19,22,41,22,11,33,8,23,31,13,27,40,,,41,33,21,50,74,71,74,145,3,12,7,21,21
17.02.2011,Valencia,Olympiacos,Olympiacos,79,85,17,20,37,20,17,37,18,16,34,24,32,56,,,37,37,42,48,74,90,74,164,3,5,2,6,6
17.02.2011,Virtus Roma,Barcelona,Barcelona,65,74,14,14,28,13,11,24,24,21,45,14,28,42,,,27,25,38,49,52,87,52,139,0,13,5,9,9
17.02.2011,Anadolu Efes SK,Real Madrid,Real Madrid,60,77,12,13,25,12,22,34,13,21,34,23,21,44,,,24,35,36,42,59,78,59,137,1,1,19,17,17
17.02.2011,Lietuvos Rytas,Unicaja,Lietuvos Rytas,70,65,17,17,34,22,18,40,14,13,27,17,17,34,,,39,35,31,30,74,61,74,135,0,4,5,5,5
17.02.2011,Panathinaikos,Baskonia,Panathinaikos,76,74,21,18,39,19,21,40,19,11,30,17,24,41,,,40,39,36,35,79,71,79,150,3,3,9,2,2
16.02.2011,Montepaschi Siena,Partizan,Montepaschi Siena,77,74,12,20,32,26,17,43,15,16,31,24,21,45,,,38,37,39,37,75,76,75,151,8,2,0,3,3
16.02.2011,Zalgiris Kaunas,Fenerbahce Ulker,Zalgiris Kaunas,85,84,15,11,26,15,20,35,19,18,37,20,20,40,,,30,31,39,38,61,77,61,138,4,8,0,0,1
03.02.2011,Barcelona,Virtus Roma,Barcelona,80,56,21,17,38,24,19,43,16,9,25,19,11,30,,,45,36,35,20,81,55,81,136,4,1,16,24,24
03.02.2011,Partizan,Montepaschi Siena,Montepaschi Siena,58,66,15,19,34,11,12,23,15,19,34,17,16,33,,,26,31,32,35,57,67,57,124,4,1,9,8,8
03.02.2011,Real Madrid,Anadolu Efes SK,Real Madrid,89,86,18,19,37,22,27,49,25,19,44,14,14,28,,,40,46,39,33,86,72,86,158,1,7,0,0,3
03.02.2011,Unicaja,Lietuvos Rytas,Unicaja,98,91,18,23,41,27,29,56,17,18,35,36,21,57,,,45,52,53,39,97,92,97,189,5,1,8,7,7
03.02.2011,Baskonia,Panathinaikos,Baskonia,77,70,19,18,37,17,15,32,23,16,39,18,21,39,,,36,33,41,37,69,78,69,147,1,8,10,7,7
03.02.2011,Maccabi Tel Aviv,Petrol Olimpija,Maccabi Tel Aviv,104,67,28,10,38,21,16,37,22,23,45,33,18,51,,,49,26,55,41,75,96,75,171,18,29,22,37,37
02.02.2011,Olympiacos,Valencia,Olympiacos,77,62,18,12,30,20,12,32,19,18,37,20,20,40,,,38,24,39,38,62,77,62,139,6,15,15,15,15
02.02.2011,Fenerbahce Ulker,Zalgiris Kaunas,Fenerbahce Ulker,80,72,22,19,41,19,22,41,17,13,30,22,18,40,,,41,41,39,31,82,70,82,152,3,2,4,8,8
27.01.2011,Fenerbahce Ulker,Valencia,Fenerbahce Ulker,75,73,21,20,41,16,13,29,17,19,36,21,21,42,,,37,33,38,40,70,78,70,148,1,5,2,2,2
27.01.2011,Panathinaikos,Unicaja,Panathinaikos,82,56,26,13,39,19,12,31,23,14,37,14,17,31,,,45,25,37,31,70,68,70,138,13,12,29,26,26
27.01.2011,Petrol Olimpija,Barcelona,Barcelona,67,68,11,19,30,15,17,32,28,16,44,13,16,29,,,26,36,41,32,62,73,62,135,8,5,2,1,1
27.01.2011,Maccabi Tel Aviv,Virtus Roma,Maccabi Tel Aviv,99,58,30,18,48,27,13,40,18,13,31,24,14,38,,,57,31,42,27,88,69,88,157,12,11,31,41,41
26.01.2011,Baskonia,Lietuvos Rytas,Lietuvos Rytas,86,89,17,26,43,23,11,34,16,18,34,30,34,64,,,40,37,46,52,77,98,77,175,9,9,1,3,3
26.01.2011,Montepaschi Siena,Real Madrid,Real Madrid,68,78,20,13,33,20,15,35,22,24,46,6,26,32,,,40,28,28,50,68,78,68,146,7,0,10,10,10
26.01.2011,Partizan,Anadolu Efes SK,Anadolu Efes SK,76,79,21,19,40,13,21,34,18,19,37,24,20,44,,,34,40,42,39,74,81,74,155,2,2,7,3,3
26.01.2011,Zalgiris Kaunas,Olympiacos,Olympiacos,64,71,16,23,39,6,17,23,21,16,37,21,15,36,,,22,40,42,31,62,73,62,135,7,2,13,7,7
20.01.2011,Virtus Roma,Petrol Olimpija,Petrol Olimpija,63,64,19,18,37,16,15,31,14,14,28,14,17,31,,,35,33,28,31,68,59,68,127,1,5,2,1,1
20.01.2011,Barcelona,Maccabi Tel Aviv,Barcelona,81,71,21,16,37,20,21,41,22,16,38,18,18,36,,,41,37,40,34,78,74,78,152,5,3,10,10,10
20.01.2011,Olympiacos,Fenerbahce Ulker,Fenerbahce Ulker,70,84,18,16,34,15,17,32,25,22,47,12,29,41,,,33,33,37,51,66,88,66,154,2,4,3,14,14
20.01.2011,Unicaja,Baskonia,Baskonia,71,76,19,21,40,16,20,36,18,17,35,18,18,36,,,35,41,36,35,76,71,76,147,2,5,5,5,5
19.01.2011,Real Madrid,Partizan,Real Madrid,78,58,17,18,35,26,9,35,15,13,28,20,18,38,,,43,27,35,31,70,66,70,136,1,8,18,20,20
19.01.2011,Valencia,Zalgiris Kaunas,Valencia,73,59,20,21,41,19,10,29,15,19,34,19,9,28,,,39,31,34,28,70,62,70,132,1,3,4,14,14
19.01.2011,Anadolu Efes SK,Montepaschi Siena,Anadolu Efes SK,60,58,18,17,35,11,10,21,18,13,31,13,18,31,,,29,27,31,31,56,62,56,118,1,4,7,2,2
19.01.2011,Lietuvos Rytas,Panathinaikos,Panathinaikos,59,80,21,18,39,12,11,23,8,24,32,18,27,45,,,33,29,26,51,62,77,62,139,3,3,12,21,21
23.12.2010,Barcelona,Montepaschi Siena,Barcelona,73,72,13,17,30,18,20,38,25,18,43,17,17,34,,,31,37,42,35,68,77,68,145,4,5,1,1,1
23.12.2010,Baskonia,Partizan,Baskonia,87,71,21,16,37,20,14,34,28,19,47,18,22,40,,,41,30,46,41,71,87,71,158,5,16,20,16,16
23.12.2010,Cibona,Lietuvos Rytas,Lietuvos Rytas,77,94,20,21,41,17,23,40,27,23,50,13,27,40,,,37,44,40,50,81,90,81,171,1,4,3,17,17
23.12.2010,Fenerbahce Ulker,Cholet,Fenerbahce Ulker,93,61,16,16,32,22,14,36,21,13,34,34,18,52,,,38,30,55,31,68,86,68,154,0,25,16,32,32
23.12.2010,Olympiacos,Virtus Roma,Olympiacos,89,82,22,22,44,23,17,40,19,14,33,25,29,54,,,45,39,44,43,84,87,84,171,0,5,11,7,7
23.12.2010,Unicaja,Bamberg,Bamberg,70,72,26,16,42,14,16,30,13,11,24,17,29,46,,,40,32,30,40,72,70,72,142,10,2,10,2,2
23.12.2010,Asseco Gdynia,Maccabi Tel Aviv,Maccabi Tel Aviv,72,83,11,25,36,18,27,45,28,15,43,15,16,31,,,29,52,43,31,81,74,81,155,14,9,10,11,11
23.12.2010,Khimki,Zalgiris Kaunas,Khimki,93,89,22,23,45,20,25,45,19,15,34,20,18,38,,,42,48,39,33,90,72,90,162,1,9,2,0,4
22.12.2010,CSKA Moscow,Anadolu Efes SK,CSKA Moscow,78,69,22,17,39,15,8,23,21,22,43,20,22,42,,,37,25,41,44,62,85,62,147,5,16,11,9,9
22.12.2010,Panathinaikos,Olimpia Milano,Panathinaikos,93,62,24,15,39,22,17,39,21,14,35,26,16,42,,,46,32,47,30,78,77,78,155,9,15,21,31,31
22.12.2010,Valencia,Petrol Olimpija,Valencia,78,77,29,17,46,7,21,28,18,16,34,24,23,47,,,36,38,42,39,74,81,74,155,12,4,0,1,1
16.12.2010,Montepaschi Siena,Fenerbahce Ulker,Montepaschi Siena,94,65,27,14,41,22,16,38,23,19,42,22,16,38,,,49,30,45,35,79,80,79,159,13,15,23,29,29
16.12.2010,Olimpia Milano,Valencia,Valencia,60,75,11,14,25,16,18,34,16,24,40,17,19,36,,,27,32,33,43,59,76,59,135,3,1,13,15,15
16.12.2010,Maccabi Tel Aviv,Khimki,Maccabi Tel Aviv,80,76,18,15,33,12,22,34,29,18,47,21,21,42,,,30,37,50,39,67,89,67,156,3,13,4,4,4
16.12.2010,Lietuvos Rytas,Barcelona,Lietuvos Rytas,88,87,19,13,32,21,21,42,20,21,41,28,32,60,,,40,34,48,53,74,101,74,175,6,14,5,1,1
15.12.2010,Bamberg,Real Madrid,Bamberg,82,75,20,17,37,17,14,31,25,20,45,20,24,44,,,37,31,45,44,68,89,68,157,3,14,11,7,7
15.12.2010,Partizan,Asseco Gdynia,Partizan,61,59,15,8,23,12,18,30,12,15,27,22,18,40,,,27,26,34,33,53,67,53,120,7,8,2,2,2
15.12.2010,Petrol Olimpija,CSKA Moscow,Petrol Olimpija,81,72,19,15,34,26,17,43,12,24,36,24,16,40,,,45,32,36,40,77,76,77,153,4,4,1,9,9
15.12.2010,Virtus Roma,Unicaja,Virtus Roma,81,75,20,15,35,22,25,47,20,20,40,19,15,34,,,42,40,39,35,82,74,82,156,5,1,2,6,6
15.12.2010,Cholet,Cibona,Cholet,81,65,22,15,37,16,18,34,21,19,40,22,13,35,,,38,33,43,32,71,75,71,146,7,10,7,16,16
15.12.2010,Anadolu Efes SK,Panathinaikos,Anadolu Efes SK,79,78,21,7,28,21,17,38,17,32,49,20,22,42,,,42,24,37,54,66,91,66,157,14,13,3,1,1
15.12.2010,Zalgiris Kaunas,Baskonia,Baskonia,89,95,16,27,43,17,25,42,27,18,45,20,10,30,,,33,52,47,28,85,75,85,160,11,5,10,0,6
13.12.2010,Spirou Charleroi,Olympiacos,Olympiacos,67,80,14,25,39,20,17,37,16,19,35,17,19,36,,,34,42,33,38,76,71,76,147,11,9,11,13,13
09.12.2010,Baskonia,Khimki,Baskonia,89,81,27,20,47,20,17,37,25,18,43,17,26,43,,,47,37,42,44,84,86,84,170,7,5,17,8,8
09.12.2010,Real Madrid,Virtus Roma,Real Madrid,72,50,14,11,25,16,11,27,24,17,41,18,11,29,,,30,22,42,28,52,70,52,122,3,20,15,22,22
09.12.2010,Unicaja,Olympiacos,Unicaja,76,74,17,17,34,25,20,45,20,13,33,14,24,38,,,42,37,34,37,79,71,79,150,0,3,12,2,2
09.12.2010,Asseco Gdynia,Zalgiris Kaunas,Zalgiris Kaunas,69,72,13,20,33,21,13,34,15,16,31,20,23,43,,,34,33,35,39,67,74,67,141,7,2,0,3,3
09.12.2010,Maccabi Tel Aviv,Partizan,Maccabi Tel Aviv,76,62,23,11,34,19,13,32,18,16,34,16,22,38,,,42,24,34,38,66,72,66,138,12,10,20,14,14
09.12.2010,Fenerbahce Ulker,Barcelona,Barcelona,69,75,14,21,35,14,19,33,23,16,39,18,19,37,,,28,40,41,35,68,76,68,144,7,1,5,6,6
09.12.2010,Panathinaikos,Petrol Olimpija,Panathinaikos,95,88,23,17,40,14,16,30,13,21,34,29,25,54,,,37,33,42,46,70,88,70,158,6,9,4,0,7
09.12.2010,Lietuvos Rytas,Cholet,Lietuvos Rytas,92,80,28,20,48,22,21,43,22,21,43,20,18,38,,,50,41,42,39,91,81,91,172,8,1,10,12,12
08.12.2010,Olimpia Milano,Anadolu Efes SK,Olimpia Milano,84,70,20,18,38,17,15,32,26,19,45,21,18,39,,,37,33,47,37,70,84,70,154,2,14,11,14,14
08.12.2010,Spirou Charleroi,Bamberg,Spirou Charleroi,75,61,16,20,36,19,19,38,19,10,29,21,12,33,,,35,39,40,22,74,62,74,136,4,1,5,14,14
08.12.2010,Cibona,Montepaschi Siena,Montepaschi Siena,66,82,15,15,30,11,23,34,19,21,40,21,23,44,,,26,38,40,44,64,84,64,148,0,2,14,16,16
08.12.2010,CSKA Moscow,Valencia,CSKA Moscow,73,63,20,12,32,14,18,32,14,19,33,25,14,39,,,34,30,39,33,64,72,64,136,8,9,1,10,10
02.12.2010,Barcelona,Cholet,Barcelona,76,62,18,20,38,26,8,34,17,16,33,15,18,33,,,44,28,32,34,72,66,72,138,2,4,17,14,14
02.12.2010,Olympiacos,Bamberg,Olympiacos,86,69,18,18,36,30,16,46,18,17,35,20,18,38,,,48,34,38,35,82,73,82,155,0,4,15,17,17
02.12.2010,Petrol Olimpija,Olimpia Milano,Petrol Olimpija,82,75,21,9,30,21,23,44,9,25,34,31,18,49,,,42,32,40,43,74,83,74,157,12,8,6,7,7
02.12.2010,Unicaja,Real Madrid,Unicaja,75,71,16,20,36,17,19,36,14,16,30,28,16,44,,,33,39,42,32,72,74,72,146,4,3,8,4,4
02.12.2010,Valencia,Anadolu Efes SK,Valencia,62,56,14,9,23,10,19,29,19,20,39,19,8,27,,,24,28,38,28,52,66,52,118,5,10,5,6,6
02.12.2010,Zalgiris Kaunas,Maccabi Tel Aviv,Maccabi Tel Aviv,68,71,21,18,39,13,17,30,22,18,40,12,18,30,,,34,35,34,36,69,70,69,139,3,1,3,3,3
01.12.2010,Montepaschi Siena,Lietuvos Rytas,Montepaschi Siena,90,72,31,16,47,17,17,34,20,18,38,22,21,43,,,48,33,42,39,81,81,81,162,15,9,17,18,18
01.12.2010,Baskonia,Asseco Gdynia,Asseco Gdynia,75,81,24,20,44,15,14,29,17,21,38,19,26,45,,,39,34,36,47,73,83,73,156,4,2,1,6,6
01.12.2010,Fenerbahce Ulker,Cibona,Fenerbahce Ulker,100,70,30,13,43,19,16,35,25,22,47,26,19,45,,,49,29,51,41,78,92,78,170,17,22,23,30,30
01.12.2010,CSKA Moscow,Panathinaikos,Panathinaikos,68,72,18,23,41,17,18,35,16,19,35,17,12,29,,,35,41,33,31,76,64,76,140,5,8,9,4,4
01.12.2010,Khimki,Partizan,Khimki,92,65,26,13,39,24,24,48,19,14,33,23,14,37,,,50,37,42,28,87,70,87,157,13,5,18,27,27
25.11.2010,Maccabi Tel Aviv,Baskonia,Maccabi Tel Aviv,81,70,21,15,36,17,17,34,17,19,36,26,19,45,,,38,32,43,38,70,81,70,151,6,11,4,11,11
25.11.2010,Partizan,Zalgiris Kaunas,Partizan,68,62,23,14,37,21,15,36,10,14,24,14,19,33,,,44,29,24,33,73,57,73,130,9,5,11,6,6
25.11.2010,Real Madrid,Olympiacos,Real Madrid,82,68,24,14,38,18,20,38,16,16,32,24,18,42,,,42,34,40,34,76,74,76,150,10,6,8,14,14
25.11.2010,Spirou Charleroi,Unicaja,Spirou Charleroi,79,74,19,16,35,22,19,41,15,22,37,23,17,40,,,41,35,38,39,76,77,76,153,3,3,1,5,5
25.11.2010,Bamberg,Virtus Roma,Virtus Roma,67,68,9,19,28,21,12,33,21,22,43,16,15,31,,,30,31,37,37,61,74,61,135,10,6,2,1,1
25.11.2010,Anadolu Efes SK,Petrol Olimpija,Anadolu Efes SK,84,78,22,16,38,14,19,33,16,19,35,32,24,56,,,36,35,48,43,71,91,71,162,6,13,2,6,6
25.11.2010,Panathinaikos,Valencia,Valencia,69,73,22,22,44,17,15,32,18,11,29,12,25,37,,,39,37,30,36,76,66,76,142,0,7,9,4,4
25.11.2010,Cibona,Barcelona,Barcelona,75,94,13,24,37,23,20,43,21,27,48,18,23,41,,,36,44,39,50,80,89,80,169,11,5,14,19,19
24.11.2010,Olimpia Milano,CSKA Moscow,Olimpia Milano,71,65,11,16,27,20,12,32,17,17,34,23,20,43,,,31,28,40,37,59,77,59,136,5,12,3,6,6
24.11.2010,Cholet,Montepaschi Siena,Montepaschi Siena,61,70,18,14,32,17,19,36,12,14,26,14,23,37,,,35,33,26,37,68,63,68,131,4,7,0,9,9
24.11.2010,Asseco Gdynia,Khimki,Asseco Gdynia,71,67,12,12,24,20,24,44,16,12,28,23,19,42,,,32,36,39,31,68,70,68,138,0,3,0,4,4
24.11.2010,Lietuvos Rytas,Fenerbahce Ulker,Fenerbahce Ulker,75,81,13,18,31,23,22,45,14,25,39,25,16,41,,,36,40,39,41,76,80,76,156,5,1,15,6,6
18.11.2010,Anadolu Efes SK,CSKA Moscow,Anadolu Efes SK,86,72,26,16,42,22,19,41,15,25,40,23,12,35,,,48,35,38,37,83,75,83,158,10,3,3,14,14
18.11.2010,Olimpia Milano,Panathinaikos,Panathinaikos,71,81,21,25,46,13,21,34,21,19,40,16,16,32,,,34,46,37,35,80,72,80,152,4,9,10,10,10
18.11.2010,Bamberg,Unicaja,Unicaja,65,69,20,18,38,17,15,32,14,10,24,14,26,40,,,37,33,28,36,70,64,70,134,2,5,8,4,4
18.11.2010,Maccabi Tel Aviv,Asseco Gdynia,Maccabi Tel Aviv,99,58,29,19,48,19,12,31,22,16,38,29,11,40,,,48,31,51,27,79,78,79,157,10,20,23,41,41
18.11.2010,Zalgiris Kaunas,Khimki,Zalgiris Kaunas,73,65,22,19,41,16,14,30,16,21,37,19,11,30,,,38,33,35,32,71,67,71,138,3,2,0,8,8
17.11.2010,Montepaschi Siena,Barcelona,Montepaschi Siena,76,67,26,23,49,17,17,34,21,15,36,12,12,24,,,43,40,33,27,83,60,83,143,3,7,9,9,9
17.11.2010,Partizan,Baskonia,Partizan,74,71,18,25,43,24,13,37,14,18,32,18,15,33,,,42,38,32,33,80,65,80,145,7,6,0,3,3
17.11.2010,Petrol Olimpija,Valencia,Petrol Olimpija,72,68,13,21,34,22,11,33,19,18,37,18,18,36,,,35,32,37,36,67,73,67,140,8,5,4,4,4
17.11.2010,Cholet,Fenerbahce Ulker,Cholet,82,78,20,24,44,21,10,31,19,18,37,22,26,48,,,41,34,41,44,75,85,75,160,4,7,8,4,4
17.11.2010,Virtus Roma,Olympiacos,Olympiacos,71,86,18,24,42,22,29,51,15,15,30,16,18,34,,,40,53,31,33,93,64,93,157,6,22,13,15,15
17.11.2010,Spirou Charleroi,Real Madrid,Spirou Charleroi,67,49,15,12,27,18,13,31,19,12,31,15,12,27,,,33,25,34,24,58,58,58,116,3,9,15,18,18
17.11.2010,Lietuvos Rytas,Cibona,Lietuvos Rytas,90,62,23,12,35,15,17,32,23,9,32,29,24,53,,,38,29,52,33,67,85,67,152,11,23,23,28,28
11.11.2010,Barcelona,Lietuvos Rytas,Barcelona,69,55,10,11,21,24,14,38,17,12,29,18,18,36,,,34,25,35,30,59,65,59,124,1,10,14,14,14
11.11.2010,Panathinaikos,Anadolu Efes SK,Panathinaikos,84,61,15,12,27,26,17,43,20,11,31,23,21,44,,,41,29,43,32,70,75,70,145,3,14,21,23,23
11.11.2010,Real Madrid,Bamberg,Real Madrid,83,81,14,20,34,23,16,39,18,18,36,18,19,37,,,37,36,36,37,73,73,73,146,6,0,1,0,2
11.11.2010,Valencia,Olimpia Milano,Olimpia Milano,69,80,14,23,37,14,21,35,15,22,37,26,14,40,,,28,44,41,36,72,77,72,149,9,3,23,11,11
11.11.2010,Cibona,Cholet,Cholet,71,84,20,27,47,20,19,39,18,17,35,13,21,34,,,40,46,31,38,86,69,86,155,7,15,5,13,13
11.11.2010,Khimki,Maccabi Tel Aviv,Maccabi Tel Aviv,76,78,10,19,29,21,23,44,27,14,41,18,22,40,,,31,42,45,36,73,81,73,154,9,3,2,2,2
10.11.2010,Unicaja,Virtus Roma,Unicaja,104,83,17,16,33,26,9,35,27,28,55,34,30,64,,,43,25,61,58,68,119,68,187,1,36,17,21,21
10.11.2010,Baskonia,Zalgiris Kaunas,Zalgiris Kaunas,88,92,22,24,46,19,19,38,22,21,43,25,28,53,,,41,43,47,49,84,96,84,180,2,4,1,4,4
10.11.2010,Asseco Gdynia,Partizan,Partizan,62,69,18,20,38,18,19,37,15,13,28,11,17,28,,,36,39,26,30,75,56,75,131,2,13,1,7,7
10.11.2010,Fenerbahce Ulker,Montepaschi Siena,Fenerbahce Ulker,81,68,19,15,34,21,19,40,18,14,32,23,20,43,,,40,34,41,34,74,75,74,149,4,7,10,13,13
10.11.2010,CSKA Moscow,Petrol Olimpija,CSKA Moscow,65,55,20,5,25,14,14,28,17,20,37,14,16,30,,,34,19,31,36,53,67,53,120,15,12,12,10,10
04.11.2010,Barcelona,Fenerbahce Ulker,Fenerbahce Ulker,61,69,13,14,27,15,18,33,17,12,29,16,25,41,,,28,32,33,37,60,70,60,130,1,1,1,8,8
04.11.2010,Partizan,Maccabi Tel Aviv,Maccabi Tel Aviv,54,67,10,23,33,12,8,20,15,20,35,17,16,33,,,22,31,32,36,53,68,53,121,13,1,14,13,13
04.11.2010,Petrol Olimpija,Panathinaikos,Petrol Olimpija,85,84,16,22,38,23,6,29,9,20,29,24,24,48,,,39,28,33,44,67,77,67,144,6,5,0,0,1
04.11.2010,Virtus Roma,Real Madrid,Real Madrid,56,74,15,13,28,6,26,32,12,21,33,23,14,37,,,21,39,35,35,60,70,60,130,2,4,27,18,18
04.11.2010,Cholet,Lietuvos Rytas,Cholet,73,69,16,18,34,21,15,36,16,16,32,20,20,40,,,37,33,36,36,70,72,70,142,2,3,4,4,4
03.11.2010,Montepaschi Siena,Cibona,Montepaschi Siena,80,57,21,13,34,19,22,41,17,9,26,23,13,36,,,40,35,40,22,75,62,75,137,8,5,13,23,23
03.11.2010,Valencia,CSKA Moscow,Valencia,82,57,30,18,48,12,11,23,23,10,33,17,18,35,,,42,29,40,28,71,68,71,139,12,11,26,25,25
03.11.2010,Anadolu Efes SK,Olimpia Milano,Anadolu Efes SK,82,74,22,10,32,21,23,44,26,22,48,13,19,32,,,43,33,39,41,76,80,76,156,12,6,14,8,8
03.11.2010,Zalgiris Kaunas,Asseco Gdynia,Zalgiris Kaunas,74,68,27,14,41,14,16,30,5,17,22,15,14,29,,,41,30,20,31,71,51,71,122,13,10,1,0,6
03.11.2010,Olympiacos,Unicaja,Olympiacos,93,66,27,11,38,20,14,34,21,20,41,25,21,46,,,47,25,46,41,72,87,72,159,16,21,23,27,27
03.11.2010,Khimki,Baskonia,Khimki,64,60,11,17,28,18,14,32,24,16,40,11,13,24,,,29,31,35,29,60,64,60,124,6,4,6,4,4
28.10.2010,Maccabi Tel Aviv,Zalgiris Kaunas,Maccabi Tel Aviv,86,70,25,11,36,22,16,38,18,24,42,21,19,40,,,47,27,39,43,74,82,74,156,14,12,14,16,16
28.10.2010,Olimpia Milano,Petrol Olimpija,Petrol Olimpija,72,76,16,16,32,24,16,40,18,28,46,14,16,30,,,40,32,32,44,72,76,72,148,0,0,2,4,4
28.10.2010,Panathinaikos,CSKA Moscow,Panathinaikos,74,60,15,14,29,16,17,33,27,16,43,16,13,29,,,31,31,43,29,62,72,62,134,1,12,11,14,14
28.10.2010,Real Madrid,Unicaja,Real Madrid,68,56,17,18,35,17,14,31,19,11,30,15,13,28,,,34,32,34,24,66,58,66,124,1,2,10,12,12
28.10.2010,Cibona,Fenerbahce Ulker,Fenerbahce Ulker,68,73,19,19,38,21,23,44,11,16,27,17,15,32,,,40,42,28,31,82,59,82,141,0,14,7,5,5
27.10.2010,Spirou Charleroi,Virtus Roma,Virtus Roma,55,64,21,14,35,10,16,26,12,16,28,12,18,30,,,31,30,24,34,61,58,61,119,7,6,3,9,9
27.10.2010,Cholet,Barcelona,Barcelona,77,84,14,24,38,15,14,29,22,20,42,26,26,52,,,29,38,48,46,67,94,67,161,10,10,7,7,7
27.10.2010,Partizan,Khimki,Partizan,72,68,21,19,40,15,18,33,13,16,29,23,15,38,,,36,37,36,31,73,67,73,140,2,1,4,4,4
27.10.2010,Bamberg,Olympiacos,Bamberg,73,61,16,16,32,18,12,30,16,19,35,23,14,37,,,34,28,39,33,62,72,62,134,0,11,3,12,12
27.10.2010,Asseco Gdynia,Baskonia,Baskonia,73,80,15,20,35,23,21,44,16,21,37,19,18,37,,,38,41,35,39,79,74,79,153,5,6,8,7,7
27.10.2010,Anadolu Efes SK,Valencia,Anadolu Efes SK,79,63,14,16,30,20,13,33,23,16,39,22,18,40,,,34,29,45,34,63,79,63,142,2,16,12,16,16
27.10.2010,Lietuvos Rytas,Montepaschi Siena,Montepaschi Siena,75,79,21,15,36,18,24,42,19,21,40,17,19,36,,,39,39,36,40,78,76,78,154,6,3,2,4,4
21.10.2010,Montepaschi Siena,Cholet,Montepaschi Siena,76,44,22,12,34,11,16,27,22,12,34,21,4,25,,,33,28,43,16,61,59,61,120,10,15,15,32,32
21.10.2010,Barcelona,Cibona,Barcelona,80,66,17,12,29,18,8,26,21,21,42,24,25,49,,,35,20,45,46,55,91,55,146,5,25,15,14,14
21.10.2010,Valencia,Panathinaikos,Panathinaikos,56,72,15,17,32,12,25,37,20,13,33,9,17,26,,,27,42,29,30,69,59,69,128,2,13,8,16,16
21.10.2010,Baskonia,Maccabi Tel Aviv,Baskonia,94,78,31,11,42,26,21,47,19,17,36,18,29,47,,,57,32,37,46,89,83,89,172,20,5,27,16,16
21.10.2010,Zalgiris Kaunas,Partizan,Zalgiris Kaunas,73,62,19,17,36,24,12,36,19,16,35,11,17,28,,,43,29,30,33,72,63,72,135,2,1,17,11,11
21.10.2010,CSKA Moscow,Olimpia Milano,Olimpia Milano,73,88,17,26,43,12,26,38,25,20,45,19,16,35,,,29,52,44,36,81,80,81,161,9,8,18,15,15
20.10.2010,Virtus Roma,Bamberg,Virtus Roma,83,65,20,16,36,19,20,39,24,10,34,20,19,39,,,39,36,44,29,75,73,75,148,4,8,17,18,18
20.10.2010,Petrol Olimpija,Anadolu Efes SK,Petrol Olimpija,95,90,22,16,38,8,13,21,23,26,49,18,16,34,,,30,29,41,42,59,83,59,142,6,12,2,0,5
20.10.2010,Fenerbahce Ulker,Lietuvos Rytas,Fenerbahce Ulker,86,69,24,16,40,16,11,27,22,18,40,24,24,48,,,40,27,46,42,67,88,67,155,8,19,17,17,17
20.10.2010,Khimki,Asseco Gdynia,Khimki,82,76,18,14,32,19,21,40,26,20,46,19,21,40,,,37,35,45,41,72,86,72,158,4,10,8,6,6
18.10.2010,Olympiacos,Real Madrid,Olympiacos,82,66,17,17,34,19,18,37,26,21,47,20,10,30,,,36,35,46,31,71,77,71,148,0,11,6,16,16
10.10.2010,Alba Berlin,Spirou Charleroi,Spirou Charleroi,70,70,16,12,28,18,17,35,12,23,35,24,18,42,,,34,29,36,41,63,77,63,140,4,7,6,0,0
08.10.2010,Khimki,Le Mans,Khimki,87,66,24,15,39,12,20,32,28,16,44,23,15,38,,,36,35,51,31,71,82,71,153,9,16,13,21,21
05.10.2010,Le Mans,Khimki,Khimki,56,70,12,16,28,18,16,34,8,17,25,18,21,39,,,30,32,26,38,62,64,62,126,4,6,11,14,14
05.10.2010,Spirou Charleroi,Alba Berlin,Spirou Charleroi,81,77,20,24,44,15,13,28,24,19,43,22,21,43,,,35,37,46,40,72,86,72,158,4,9,3,4,4
01.10.2010,ASVEL,Le Mans,ASVEL,71,63,14,12,26,16,10,26,19,13,32,22,28,50,,,30,22,41,41,52,82,52,134,2,19,14,8,8
01.10.2010,Vrsac,Alba Berlin,Vrsac,78,73,21,23,44,16,17,33,18,13,31,23,20,43,,,37,40,41,33,77,74,77,151,2,1,2,5,5
01.10.2010,Khimki,Budivelnyk,Khimki,74,67,21,18,39,14,21,35,19,14,33,20,14,34,,,35,39,39,28,74,67,74,141,3,0,1,7,7
01.10.2010,Unics Kazan,Spirou Charleroi,Unics Kazan,75,71,18,8,26,17,18,35,20,28,48,20,17,37,,,35,26,40,45,61,85,61,146,10,14,1,4,4
28.09.2010,Le Mans,ASVEL,Le Mans,85,75,18,22,40,22,16,38,26,24,50,19,13,32,,,40,38,45,37,78,82,78,160,4,7,4,10,10
28.09.2010,Spirou Charleroi,Unics Kazan,Spirou Charleroi,75,69,15,7,22,24,20,44,14,19,33,22,23,45,,,39,27,36,42,66,78,66,144,8,9,7,6,6
28.09.2010,Alba Berlin,Vrsac,Alba Berlin,73,67,21,21,42,22,12,34,21,15,36,9,19,28,,,43,33,30,34,76,64,76,140,0,3,16,6,6
28.09.2010,Budivelnyk,Khimki,Khimki,58,87,10,21,31,18,18,36,15,24,39,15,24,39,,,28,39,30,48,67,78,67,145,11,9,20,29,29
24.09.2010,ASVEL,Buducnost,ASVEL,85,76,21,16,37,12,9,21,17,16,33,20,24,44,,,33,25,37,40,58,77,58,135,5,12,9,5,9
24.09.2010,Le Mans,Banvitspor,Le Mans,78,66,18,17,35,20,16,36,20,16,36,20,17,37,,,38,33,40,33,71,73,71,144,1,7,9,12,12
24.09.2010,Alba Berlin,Chorale de Roanne,Alba Berlin,95,82,25,23,48,23,21,44,25,11,36,22,27,49,,,48,44,47,38,92,85,92,177,2,3,18,13,13
24.09.2010,Budivelnyk,Maroussi BC,Maroussi BC,0,0,0,0,0,0,0,0,0,0,0,0,0,0,,,0,0,0,0,0,0,0,0,0,0,0,0,0
09.05.2010,Barcelona,Olympiacos,Barcelona,86,68,28,19,47,19,17,36,17,14,31,22,18,40,,,47,36,39,32,83,71,83,154,9,3,14,18,18
09.05.2010,CSKA Moscow,Partizan,CSKA Moscow,90,88,25,20,45,22,24,46,14,18,32,17,16,33,,,47,44,31,34,91,65,91,156,5,13,1,0,2
07.05.2010,Partizan,Olympiacos,Olympiacos,80,83,17,15,32,11,18,29,24,19,43,15,15,30,,,28,33,39,34,61,73,61,134,2,6,0,0,3
07.05.2010,Barcelona,CSKA Moscow,Barcelona,64,54,12,11,23,17,10,27,18,20,38,17,13,30,,,29,21,35,33,50,68,50,118,1,14,6,10,10
01.04.2010,Partizan,Maccabi Tel Aviv,Partizan,76,67,18,16,34,20,19,39,17,17,34,21,15,36,,,38,35,38,32,73,70,73,143,2,3,3,9,9
01.04.2010,Baskonia,CSKA Moscow,CSKA Moscow,70,74,11,22,33,27,8,35,15,15,30,17,29,46,,,38,30,32,44,68,76,68,144,11,2,8,4,4
01.04.2010,Asseco Gdynia,Olympiacos,Olympiacos,70,86,20,28,48,12,22,34,16,16,32,22,20,42,,,32,50,38,36,82,74,82,156,8,12,18,16,16
01.04.2010,Real Madrid,Barcelona,Barcelona,78,84,19,20,39,22,25,47,21,20,41,16,19,35,,,41,45,37,39,86,76,86,162,1,8,3,6,6
30.03.2010,Real Madrid,Barcelona,Barcelona,73,84,14,25,39,17,21,38,19,15,34,23,23,46,,,31,46,42,38,77,80,77,157,11,4,11,11,11
30.03.2010,Partizan,Maccabi Tel Aviv,Partizan,81,73,26,17,43,21,17,38,17,16,33,17,23,40,,,47,34,34,39,81,73,81,154,9,0,14,8,8
30.03.2010,Asseco Gdynia,Olympiacos,Asseco Gdynia,81,78,22,18,40,23,15,38,19,24,43,17,21,38,,,45,33,36,45,78,81,78,159,4,3,7,3,3
30.03.2010,Baskonia,CSKA Moscow,Baskonia,66,53,16,12,28,15,12,27,11,17,28,24,12,36,,,31,24,35,29,55,64,55,119,4,11,1,13,13
25.03.2010,Barcelona,Real Madrid,Real Madrid,63,70,8,15,23,19,17,36,13,18,31,23,20,43,,,27,32,36,38,59,74,59,133,7,4,10,7,7
25.03.2010,Maccabi Tel Aviv,Partizan,Maccabi Tel Aviv,98,78,26,24,50,28,15,43,19,19,38,25,20,45,,,54,39,44,39,93,83,93,176,2,5,15,20,20
25.03.2010,Olympiacos,Asseco Gdynia,Olympiacos,90,73,25,14,39,21,24,45,16,20,36,28,15,43,,,46,38,44,35,84,79,84,163,11,6,4,17,17
25.03.2010,CSKA Moscow,Baskonia,CSKA Moscow,83,63,19,18,37,16,12,28,24,11,35,24,22,46,,,35,30,48,33,65,81,65,146,1,18,18,20,20
23.03.2010,Olympiacos,Asseco Gdynia,Olympiacos,83,79,18,19,37,17,20,37,25,15,40,23,25,48,,,35,39,48,40,74,88,74,162,1,9,6,4,4
23.03.2010,Barcelona,Real Madrid,Barcelona,68,61,19,17,36,18,19,37,14,15,29,17,10,27,,,37,36,31,25,73,56,73,129,2,5,0,7,7
23.03.2010,Maccabi Tel Aviv,Partizan,Partizan,77,85,27,12,39,19,20,39,20,26,46,11,27,38,,,46,32,31,53,78,84,78,162,15,1,8,8,8
23.03.2010,CSKA Moscow,Baskonia,CSKA Moscow,86,63,24,19,43,25,10,35,21,15,36,16,19,35,,,49,29,37,34,78,71,78,149,5,8,26,23,23
11.03.2010,Barcelona,Partizan,Barcelona,82,64,22,16,38,14,14,28,25,12,37,21,22,43,,,36,30,46,34,66,80,66,146,6,16,19,18,18
11.03.2010,Montepaschi Siena,Anadolu Efes SK,Montepaschi Siena,93,87,26,18,44,24,22,46,23,28,51,20,19,39,,,50,40,43,47,90,90,90,180,8,3,5,6,6
11.03.2010,Real Madrid,Maccabi Tel Aviv,Maccabi Tel Aviv,64,66,17,10,27,14,11,25,14,15,29,19,30,49,,,31,21,33,45,52,78,52,130,7,12,9,2,2
11.03.2010,Asseco Gdynia,Unicaja,Unicaja,63,82,21,20,41,18,19,37,16,23,39,8,20,28,,,39,39,24,43,78,67,78,145,1,15,7,19,19
11.03.2010,Baskonia,Cibona,Baskonia,102,90,18,19,37,14,18,32,17,18,35,29,23,52,,,32,37,46,41,69,87,69,156,1,9,6,0,12
11.03.2010,Khimki,Olympiacos,Khimki,96,83,32,19,51,23,21,44,23,19,42,18,24,42,,,55,40,41,43,95,84,95,179,13,1,19,13,13
11.03.2010,Panathinaikos,Maroussi BC,Panathinaikos,82,79,22,20,42,19,19,38,20,21,41,21,19,40,,,41,39,41,40,80,81,80,161,2,2,1,3,3
10.03.2010,CSKA Moscow,Zalgiris Kaunas,CSKA Moscow,84,71,15,14,29,23,17,40,29,20,49,17,20,37,,,38,31,46,40,69,86,69,155,1,15,16,13,13
04.03.2010,Olympiacos,Baskonia,Olympiacos,102,85,22,29,51,27,16,43,31,16,47,22,24,46,,,49,45,53,40,94,93,94,187,7,8,19,17,17
04.03.2010,Partizan,Panathinaikos,Panathinaikos,66,82,19,19,38,13,16,29,18,25,43,16,22,38,,,32,35,34,47,67,81,67,148,0,1,10,16,16
04.03.2010,Anadolu Efes SK,Real Madrid,Real Madrid,75,77,19,23,42,10,21,31,23,12,35,23,21,44,,,29,44,46,33,73,79,73,152,4,2,4,2,2
04.03.2010,Maccabi Tel Aviv,Montepaschi Siena,Maccabi Tel Aviv,97,82,19,21,40,24,16,40,11,20,31,43,25,68,,,43,37,54,45,80,99,80,179,2,17,3,15,15
03.03.2010,Unicaja,CSKA Moscow,CSKA Moscow,70,76,10,24,34,8,9,17,22,16,38,30,27,57,,,18,33,52,43,51,95,51,146,14,19,9,6,6
03.03.2010,Maroussi BC,Barcelona,Barcelona,58,85,20,18,38,15,24,39,3,17,20,20,26,46,,,35,42,23,43,77,66,77,143,2,19,21,27,27
03.03.2010,Zalgiris Kaunas,Asseco Gdynia,Zalgiris Kaunas,93,88,22,18,40,28,16,44,23,29,52,20,25,45,,,50,34,43,54,84,97,84,181,4,9,10,5,5
03.03.2010,Cibona,Khimki,Cibona,82,63,20,17,37,20,8,28,18,18,36,24,20,44,,,40,25,42,38,65,80,65,145,3,17,15,19,19
25.02.2010,Panathinaikos,Barcelona,Barcelona,67,70,20,16,36,17,17,34,18,11,29,12,26,38,,,37,33,30,37,70,67,70,137,4,3,11,3,3
25.02.2010,Partizan,Maroussi BC,Partizan,79,76,21,24,45,19,21,40,18,11,29,21,20,41,,,40,45,39,31,85,70,85,155,3,6,2,3,3
25.02.2010,Real Madrid,Montepaschi Siena,Real Madrid,77,69,13,16,29,19,21,40,16,16,32,29,16,45,,,32,37,45,32,69,77,69,146,3,8,5,8,8
25.02.2010,Zalgiris Kaunas,Unicaja,Zalgiris Kaunas,89,84,26,19,45,24,22,46,18,24,42,21,19,40,,,50,41,39,43,91,82,91,173,7,2,3,5,5
25.02.2010,Khimki,Baskonia,Baskonia,83,94,18,24,42,21,22,43,26,24,50,18,24,42,,,39,46,44,48,85,92,85,177,6,2,5,11,11
24.02.2010,Asseco Gdynia,CSKA Moscow,Asseco Gdynia,88,81,20,25,45,28,18,46,16,26,42,24,12,36,,,48,43,40,38,91,78,91,169,5,3,5,7,7
24.02.2010,Anadolu Efes SK,Maccabi Tel Aviv,Anadolu Efes SK,63,56,21,14,35,14,16,30,12,14,26,16,12,28,,,35,30,28,26,65,54,65,119,7,2,3,7,7
24.02.2010,Cibona,Olympiacos,Olympiacos,94,97,25,18,43,20,25,45,20,27,47,29,27,56,,,45,43,49,54,88,103,88,191,7,6,5,3,3
11.02.2010,Barcelona,Panathinaikos,Barcelona,83,71,29,18,47,18,20,38,21,16,37,15,17,32,,,47,38,36,33,85,69,85,154,11,2,14,12,12
11.02.2010,Baskonia,Khimki,Khimki,71,82,16,26,42,20,18,38,14,19,33,21,19,40,,,36,44,35,38,80,73,80,153,10,9,13,11,11
11.02.2010,Montepaschi Siena,Real Madrid,Montepaschi Siena,83,76,26,16,42,19,19,38,19,24,43,19,17,36,,,45,35,38,41,80,79,80,159,10,3,5,7,7
11.02.2010,Maccabi Tel Aviv,Anadolu Efes SK,Maccabi Tel Aviv,72,62,18,13,31,18,20,38,15,16,31,21,13,34,,,36,33,36,29,69,65,69,134,5,3,2,10,10
11.02.2010,Maroussi BC,Partizan,Maroussi BC,57,49,20,7,27,2,11,13,22,19,41,13,12,25,,,22,18,35,31,40,66,40,106,13,17,7,8,8
10.02.2010,Unicaja,Zalgiris Kaunas,Unicaja,86,68,21,6,27,19,23,42,24,18,42,22,21,43,,,40,29,46,39,69,85,69,154,15,17,17,18,18
10.02.2010,Olympiacos,Cibona,Olympiacos,78,75,16,15,31,18,20,38,24,26,50,20,14,34,,,34,35,44,40,69,84,69,153,1,9,3,3,3
10.02.2010,CSKA Moscow,Asseco Gdynia,CSKA Moscow,84,73,22,21,43,18,15,33,24,21,45,20,16,36,,,40,36,44,37,76,81,76,157,1,8,7,11,11
04.02.2010,Maroussi BC,Panathinaikos,Maroussi BC,80,78,21,21,42,16,19,35,18,17,35,25,21,46,,,37,40,43,38,77,81,77,158,0,3,2,2,2
04.02.2010,Maccabi Tel Aviv,Real Madrid,Maccabi Tel Aviv,81,76,18,18,36,23,16,39,23,20,43,17,22,39,,,41,34,40,42,75,82,75,157,0,6,10,5,5
04.02.2010,Cibona,Baskonia,Baskonia,75,78,23,13,36,18,20,38,19,25,44,15,20,35,,,41,33,34,45,74,79,74,153,10,1,2,3,3
03.02.2010,Partizan,Barcelona,Partizan,67,66,23,12,35,12,12,24,8,23,31,18,14,32,,,35,24,26,37,59,63,59,122,11,2,4,0,1
03.02.2010,Unicaja,Asseco Gdynia,Asseco Gdynia,50,70,13,17,30,20,20,40,7,12,19,10,21,31,,,33,37,17,33,70,50,70,120,4,20,9,20,20
03.02.2010,Olympiacos,Khimki,Olympiacos,87,69,22,10,32,16,18,34,23,24,47,26,17,43,,,38,28,49,41,66,90,66,156,12,21,9,18,18
03.02.2010,Anadolu Efes SK,Montepaschi Siena,Anadolu Efes SK,88,78,27,17,44,18,17,35,22,18,40,21,26,47,,,45,34,43,44,79,87,79,166,10,9,15,10,10
03.02.2010,Zalgiris Kaunas,CSKA Moscow,CSKA Moscow,68,83,26,17,43,19,18,37,11,22,33,12,26,38,,,45,35,23,48,80,71,80,151,9,12,1,15,15
28.01.2010,Barcelona,Maroussi BC,Barcelona,79,69,19,5,24,22,22,44,16,20,36,22,22,44,,,41,27,38,42,68,80,68,148,14,11,10,10,10
28.01.2010,Baskonia,Olympiacos,Olympiacos,85,89,18,25,43,21,20,41,24,20,44,22,24,46,,,39,45,46,44,84,90,84,174,7,1,2,4,4
28.01.2010,Montepaschi Siena,Maccabi Tel Aviv,Montepaschi Siena,76,72,17,12,29,16,14,30,21,23,44,22,23,45,,,33,26,43,46,59,89,59,148,5,17,5,4,4
28.01.2010,Asseco Gdynia,Zalgiris Kaunas,Asseco Gdynia,89,65,25,18,43,20,18,38,22,16,38,22,13,35,,,45,36,44,29,81,73,81,154,7,8,15,24,24
28.01.2010,Khimki,Cibona,Khimki,83,70,17,17,34,19,18,37,16,18,34,31,17,48,,,36,35,47,35,71,82,71,153,0,12,1,13,13
27.01.2010,Real Madrid,Anadolu Efes SK,Real Madrid,77,70,13,19,32,17,14,31,26,20,46,21,17,38,,,30,33,47,37,63,84,63,147,6,14,3,7,7
27.01.2010,Panathinaikos,Partizan,Partizan,59,64,22,20,42,20,16,36,10,10,20,7,18,25,,,42,36,17,28,78,45,78,123,2,19,6,5,5
27.01.2010,CSKA Moscow,Unicaja,CSKA Moscow,86,78,20,15,35,22,23,45,23,19,42,21,21,42,,,42,38,44,40,80,84,80,164,5,6,8,8,8
14.01.2010,Barcelona,Montepaschi Siena,Barcelona,85,70,22,15,37,18,20,38,20,14,34,25,21,46,,,40,35,45,35,75,80,75,155,7,10,11,15,15
14.01.2010,Cibona,ASVEL,Cibona,73,71,26,18,44,20,18,38,15,17,32,12,18,30,,,46,36,27,35,82,62,82,144,8,9,8,2,2
14.01.2010,Fenerbahce Ulker,Zalgiris Kaunas,Zalgiris Kaunas,68,76,19,23,42,18,20,38,14,25,39,17,8,25,,,37,43,31,33,80,64,80,144,4,12,17,8,8
14.01.2010,CSKA Moscow,Baskonia,CSKA Moscow,84,83,18,24,42,23,15,38,27,24,51,16,20,36,,,41,39,43,44,80,87,80,167,6,4,5,1,1
14.01.2010,Maroussi BC,Maccabi Tel Aviv,Maroussi BC,83,75,12,19,31,19,15,34,22,19,41,30,22,52,,,31,34,52,41,65,93,65,158,7,18,0,8,8
14.01.2010,Virtus Roma,Petrol Olimpija,Virtus Roma,69,48,13,5,18,15,10,25,21,13,34,20,20,40,,,28,15,41,33,43,74,43,117,8,26,21,21,21
13.01.2010,Asseco Gdynia,Khimki,Asseco Gdynia,75,70,22,21,43,23,8,31,10,23,33,20,18,38,,,45,29,30,41,74,71,74,145,1,1,3,5,5
13.01.2010,Oldenburg,Panathinaikos,Panathinaikos,64,67,10,20,30,15,13,28,24,17,41,15,17,32,,,25,33,39,34,58,73,58,131,10,6,1,3,3
13.01.2010,Olimpia Milano,Real Madrid,Real Madrid,66,75,19,16,35,20,16,36,13,22,35,14,21,35,,,39,32,27,43,71,70,71,141,3,5,2,9,9
13.01.2010,Lietuvos Rytas,Unicaja,Unicaja,71,73,13,20,33,22,13,35,12,22,34,24,18,42,,,35,33,36,40,68,76,68,144,7,3,8,2,2
13.01.2010,Olympiacos,Partizan,Olympiacos,81,60,20,15,35,16,18,34,27,16,43,18,11,29,,,36,33,45,27,69,72,69,141,5,12,14,21,21
13.01.2010,Orleans,Anadolu Efes SK,Anadolu Efes SK,60,75,15,23,38,16,14,30,12,18,30,17,20,37,,,31,37,29,38,68,67,68,135,8,8,12,15,15
07.01.2010,Unicaja,Orleans,Orleans,72,88,21,14,35,15,17,32,21,25,46,15,32,47,,,36,31,36,57,67,93,67,160,7,5,1,16,16
07.01.2010,ASVEL,Barcelona,Barcelona,64,90,15,22,37,19,23,42,20,20,40,10,25,35,,,34,45,30,45,79,75,79,154,7,15,11,26,26
07.01.2010,Petrol Olimpija,CSKA Moscow,CSKA Moscow,77,80,15,18,33,13,14,27,21,6,27,13,24,37,,,28,32,34,30,60,64,60,124,3,2,11,0,3
07.01.2010,Maccabi Tel Aviv,Virtus Roma,Maccabi Tel Aviv,79,59,22,20,42,13,15,28,21,13,34,23,11,34,,,35,35,44,24,70,68,70,138,2,9,8,20,20
07.01.2010,Anadolu Efes SK,Olympiacos,Olympiacos,85,93,21,19,40,14,22,36,18,17,35,23,18,41,,,35,41,41,35,76,76,76,152,2,0,5,0,8
07.01.2010,Zalgiris Kaunas,Cibona,Zalgiris Kaunas,68,61,24,10,34,15,13,28,15,17,32,14,21,35,,,39,23,29,38,62,67,62,129,14,6,14,7,7
07.01.2010,Khimki,Olimpia Milano,Khimki,79,63,19,20,39,20,18,38,20,10,30,20,15,35,,,39,38,40,25,77,65,77,142,1,2,11,16,16
06.01.2010,Partizan,Lietuvos Rytas,Partizan,97,67,26,18,44,24,21,45,22,22,44,25,6,31,,,50,39,47,28,89,75,89,164,8,8,11,30,30
06.01.2010,Real Madrid,Oldenburg,Real Madrid,73,60,17,20,37,17,10,27,24,17,41,15,13,28,,,34,30,39,30,64,69,64,133,3,9,11,13,13
06.01.2010,Baskonia,Maroussi BC,Baskonia,73,65,16,19,35,15,13,28,27,12,39,15,21,36,,,31,32,42,33,63,75,63,138,3,10,14,8,8
06.01.2010,Montepaschi Siena,Fenerbahce Ulker,Montepaschi Siena,101,58,19,14,33,31,11,42,28,14,42,23,19,42,,,50,25,51,33,75,84,75,159,5,26,39,43,43
06.01.2010,Panathinaikos,Asseco Gdynia,Panathinaikos,74,66,23,18,41,13,20,33,15,12,27,23,16,39,,,36,38,38,28,74,66,74,140,5,0,1,8,8
17.12.2009,Orleans,Partizan,Orleans,75,72,20,27,47,19,7,26,18,15,33,18,23,41,,,39,34,36,38,73,74,73,147,7,2,8,3,3
17.12.2009,Barcelona,Zalgiris Kaunas,Barcelona,89,55,20,17,37,26,11,37,23,9,32,20,18,38,,,46,28,43,27,74,70,74,144,3,15,32,34,34
17.12.2009,Olimpia Milano,Asseco Gdynia,Olimpia Milano,82,69,20,16,36,22,12,34,17,21,38,23,20,43,,,42,28,40,41,70,81,70,151,4,12,10,13,13
17.12.2009,Anadolu Efes SK,Unicaja,Unicaja,77,79,19,17,36,20,24,44,16,19,35,22,19,41,,,39,41,38,38,80,76,80,156,2,3,5,2,2
17.12.2009,Panathinaikos,Real Madrid,Real Madrid,67,76,8,22,30,19,17,36,18,24,42,22,13,35,,,27,39,40,37,66,77,66,143,14,1,18,9,9
17.12.2009,CSKA Moscow,Maccabi Tel Aviv,CSKA Moscow,77,72,28,11,39,17,23,40,13,22,35,19,16,35,,,45,34,32,38,79,70,79,149,17,2,2,5,5
16.12.2009,Baskonia,Petrol Olimpija,Baskonia,62,53,18,13,31,18,8,26,12,19,31,14,13,27,,,36,21,26,32,57,58,57,115,5,5,8,9,9
16.12.2009,Montepaschi Siena,ASVEL,Montepaschi Siena,83,74,15,18,33,21,14,35,23,24,47,24,18,42,,,36,32,47,42,68,89,68,157,3,15,3,9,9
16.12.2009,Virtus Roma,Maroussi BC,Maroussi BC,74,87,17,28,45,22,23,45,18,14,32,17,22,39,,,39,51,35,36,90,71,90,161,11,16,8,13,13
16.12.2009,Oldenburg,Khimki,Khimki,49,62,8,14,22,18,17,35,9,18,27,14,13,27,,,26,31,23,31,57,54,57,111,6,8,14,13,13
16.12.2009,Lietuvos Rytas,Olympiacos,Olympiacos,83,89,22,13,35,12,20,32,23,20,43,17,21,38,,,34,33,40,41,67,81,67,148,9,7,4,0,6
16.12.2009,Cibona,Fenerbahce Ulker,Cibona,80,77,12,20,32,20,16,36,26,22,48,22,19,41,,,32,36,48,41,68,89,68,157,8,12,0,3,3
10.12.2009,Partizan,Anadolu Efes SK,Partizan,93,92,19,20,39,27,28,55,25,24,49,22,20,42,,,46,48,47,44,94,91,94,185,1,1,1,1,1
10.12.2009,Virtus Roma,CSKA Moscow,CSKA Moscow,57,72,16,24,40,6,17,23,16,22,38,19,9,28,,,22,41,35,31,63,66,63,129,8,6,25,15,15
10.12.2009,Maccabi Tel Aviv,Baskonia,Baskonia,82,91,18,20,38,16,23,39,23,24,47,25,24,49,,,34,43,48,48,77,96,77,173,2,5,10,9,9
10.12.2009,Olympiacos,Unicaja,Olympiacos,89,68,16,20,36,30,15,45,20,20,40,23,13,36,,,46,35,43,33,81,76,81,157,4,8,11,21,21
10.12.2009,Zalgiris Kaunas,Montepaschi Siena,Montepaschi Siena,72,83,17,24,41,15,25,40,29,17,46,11,17,28,,,32,49,40,34,81,74,81,155,7,9,5,11,11
10.12.2009,Cibona,Barcelona,Barcelona,66,80,19,26,45,15,19,34,19,20,39,13,15,28,,,34,45,32,35,79,67,79,146,7,13,12,14,14
09.12.2009,Olimpia Milano,Oldenburg,Olimpia Milano,79,51,23,16,39,18,13,31,18,5,23,20,17,37,,,41,29,38,22,70,60,70,130,7,9,25,28,28
09.12.2009,Asseco Gdynia,Real Madrid,Asseco Gdynia,82,76,24,21,45,22,22,44,16,18,34,20,15,35,,,46,43,36,33,89,69,89,158,3,7,1,6,6
09.12.2009,Maroussi BC,Petrol Olimpija,Maroussi BC,74,62,28,14,42,14,22,36,10,11,21,22,15,37,,,42,36,32,26,78,58,78,136,14,4,5,12,12
09.12.2009,Fenerbahce Ulker,ASVEL,ASVEL,61,68,16,14,30,18,16,34,13,19,32,14,19,33,,,34,30,27,38,64,65,64,129,2,3,2,7,7
09.12.2009,Lietuvos Rytas,Orleans,Lietuvos Rytas,77,72,23,10,33,15,24,39,23,21,44,16,17,33,,,38,34,39,38,72,77,72,149,13,5,6,5,5
09.12.2009,Khimki,Panathinaikos,Panathinaikos,82,87,20,21,41,20,21,41,17,17,34,16,14,30,,,40,42,33,31,82,64,82,146,1,9,2,0,5
03.12.2009,ASVEL,Zalgiris Kaunas,ASVEL,77,67,23,24,47,26,20,46,20,12,32,8,11,19,,,49,44,28,23,93,51,93,144,1,16,13,10,10
03.12.2009,Barcelona,Fenerbahce Ulker,Barcelona,89,55,15,6,21,27,15,42,25,15,40,22,19,41,,,42,21,47,34,63,81,63,144,9,26,31,34,34
03.12.2009,Montepaschi Siena,Cibona,Montepaschi Siena,90,64,18,19,37,16,17,33,29,17,46,27,11,38,,,34,36,56,28,70,84,70,154,1,20,10,26,26
03.12.2009,Petrol Olimpija,Maccabi Tel Aviv,Maccabi Tel Aviv,65,82,20,20,40,16,24,40,19,14,33,10,24,34,,,36,44,29,38,80,67,80,147,0,15,3,17,17
03.12.2009,Oldenburg,Asseco Gdynia,Asseco Gdynia,80,82,20,21,41,21,15,36,20,28,48,19,18,37,,,41,36,39,46,77,85,77,162,1,3,3,2,2
03.12.2009,Anadolu Efes SK,Lietuvos Rytas,Anadolu Efes SK,77,62,15,13,28,17,21,38,25,19,44,20,9,29,,,32,34,45,28,66,73,66,139,2,11,4,15,15
03.12.2009,Panathinaikos,Olimpia Milano,Panathinaikos,80,68,27,12,39,17,20,37,19,16,35,17,20,37,,,44,32,36,36,76,72,76,148,15,4,15,12,12
02.12.2009,Orleans,Olympiacos,Olympiacos,84,88,27,18,45,21,22,43,18,18,36,18,30,48,,,48,40,36,48,88,84,88,172,9,4,8,4,4
02.12.2009,Real Madrid,Khimki,Real Madrid,70,59,12,13,25,19,15,34,19,17,36,20,14,34,,,31,28,39,31,59,70,59,129,1,11,5,11,11
02.12.2009,Unicaja,Partizan,Partizan,64,72,18,21,39,11,11,22,15,17,32,20,23,43,,,29,32,35,40,61,75,61,136,3,3,5,8,8
02.12.2009,Baskonia,Virtus Roma,Baskonia,67,60,17,11,28,16,17,33,20,10,30,14,22,36,,,33,28,34,32,61,66,61,127,6,6,15,7,7
02.12.2009,CSKA Moscow,Maroussi BC,CSKA Moscow,78,65,15,13,28,20,17,37,23,12,35,20,23,43,,,35,30,43,35,65,78,65,143,2,13,16,13,13
26.11.2009,Partizan,Olympiacos,Partizan,86,80,19,19,38,19,24,43,22,18,40,26,19,45,,,38,43,48,37,81,85,81,166,0,5,1,6,6
26.11.2009,Real Madrid,Olimpia Milano,Real Madrid,82,69,21,22,43,15,23,38,22,13,35,24,11,35,,,36,45,46,24,81,70,81,151,1,1,0,13,13
26.11.2009,Unicaja,Lietuvos Rytas,Unicaja,91,84,26,20,46,23,19,42,19,25,44,23,20,43,,,49,39,42,45,88,87,88,175,6,3,4,7,7
26.11.2009,Baskonia,CSKA Moscow,CSKA Moscow,67,71,12,24,36,23,19,42,18,8,26,14,20,34,,,35,43,32,28,78,60,78,138,12,11,2,4,4
26.11.2009,Montepaschi Siena,Barcelona,Barcelona,65,84,18,20,38,16,23,39,19,18,37,12,23,35,,,34,43,31,41,77,72,77,149,2,12,8,19,19
26.11.2009,Maccabi Tel Aviv,Maroussi BC,Maccabi Tel Aviv,75,67,15,15,30,26,21,47,20,18,38,14,13,27,,,41,36,34,31,77,65,77,142,0,2,7,8,8
26.11.2009,Anadolu Efes SK,Orleans,Anadolu Efes SK,77,64,20,14,34,20,15,35,18,15,33,19,20,39,,,40,29,37,35,69,72,69,141,6,8,14,13,13
25.11.2009,Petrol Olimpija,Virtus Roma,Petrol Olimpija,87,70,23,21,44,25,7,32,16,20,36,23,22,45,,,48,28,39,42,76,81,76,157,2,11,16,17,17
25.11.2009,ASVEL,Cibona,ASVEL,71,68,11,18,29,15,15,30,17,25,42,28,10,38,,,26,33,45,35,59,80,59,139,7,12,15,3,3
25.11.2009,Zalgiris Kaunas,Fenerbahce Ulker,Fenerbahce Ulker,78,84,24,23,47,19,14,33,14,22,36,21,25,46,,,43,37,35,47,80,82,80,162,1,2,2,6,6
25.11.2009,Panathinaikos,Oldenburg,Panathinaikos,96,63,23,21,44,13,21,34,30,14,44,30,7,37,,,36,42,60,21,78,81,78,159,2,18,10,33,33
25.11.2009,Khimki,Asseco Gdynia,Khimki,89,67,22,20,42,22,16,38,17,12,29,28,19,47,,,44,36,45,31,80,76,80,156,2,9,13,22,22
12.11.2009,Olimpia Milano,Khimki,Khimki,68,72,19,16,35,16,15,31,15,18,33,18,23,41,,,35,31,33,41,66,74,66,140,3,2,1,4,4
12.11.2009,Virtus Roma,Maccabi Tel Aviv,Maccabi Tel Aviv,90,92,17,17,34,16,18,34,26,16,42,14,22,36,,,33,35,40,38,68,78,68,146,0,5,8,0,2
12.11.2009,Olympiacos,Anadolu Efes SK,Olympiacos,105,90,24,27,51,22,21,43,30,21,51,29,21,50,,,46,48,59,42,94,101,94,195,3,11,7,15,15
12.11.2009,Lietuvos Rytas,Partizan,Lietuvos Rytas,78,56,26,22,48,18,17,35,22,7,29,12,10,22,,,44,39,34,17,83,51,83,134,4,5,20,22,22
11.11.2009,Barcelona,ASVEL,Barcelona,76,62,19,22,41,22,17,39,17,14,31,18,9,27,,,41,39,35,23,80,58,80,138,3,4,5,14,14
11.11.2009,Oldenburg,Real Madrid,Real Madrid,61,104,16,28,44,21,30,51,13,27,40,11,19,30,,,37,58,24,46,95,70,95,165,12,34,35,43,43
11.11.2009,Asseco Gdynia,Panathinaikos,Panathinaikos,65,75,13,25,38,20,20,40,11,20,31,21,10,31,,,33,45,32,30,78,62,78,140,12,13,21,10,10
11.11.2009,Fenerbahce Ulker,Montepaschi Siena,Montepaschi Siena,83,87,30,21,51,20,28,48,11,16,27,22,22,44,,,50,49,33,38,99,71,99,170,9,16,4,4,4
11.11.2009,Orleans,Unicaja,Unicaja,74,86,13,12,25,15,30,45,27,28,55,19,16,35,,,28,42,46,44,70,90,70,160,1,4,15,12,12
11.11.2009,Cibona,Zalgiris Kaunas,Cibona,64,52,16,16,32,19,15,34,12,13,25,17,8,25,,,35,31,29,21,66,50,66,116,0,2,3,12,12
11.11.2009,CSKA Moscow,Petrol Olimpija,CSKA Moscow,79,69,30,15,45,14,18,32,20,21,41,15,15,30,,,44,33,35,36,77,71,77,148,15,2,10,10,10
11.11.2009,Maroussi BC,Baskonia,Baskonia,86,103,16,27,43,30,25,55,19,25,44,21,26,47,,,46,52,40,51,98,91,98,189,11,12,12,17,17
05.11.2009,Partizan,Orleans,Partizan,78,71,22,22,44,23,18,41,17,20,37,16,11,27,,,45,40,33,31,85,64,85,149,0,7,2,7,7
05.11.2009,Real Madrid,Panathinaikos,Real Madrid,80,70,12,21,33,22,7,29,25,23,48,21,19,40,,,34,28,46,42,62,88,62,150,9,18,8,10,10
05.11.2009,Unicaja,Anadolu Efes SK,Unicaja,93,88,23,20,43,20,16,36,16,19,35,14,18,32,,,43,36,30,37,79,67,79,146,3,6,4,0,5
05.11.2009,Petrol Olimpija,Baskonia,Baskonia,76,82,20,26,46,12,17,29,20,13,33,24,26,50,,,32,43,44,39,75,83,75,158,6,1,4,6,6
05.11.2009,Maccabi Tel Aviv,CSKA Moscow,Maccabi Tel Aviv,71,54,19,7,26,21,18,39,16,15,31,15,14,29,,,40,25,31,29,65,60,65,125,12,6,16,17,17
05.11.2009,Zalgiris Kaunas,Barcelona,Barcelona,70,77,21,23,44,17,18,35,15,22,37,17,14,31,,,38,41,32,36,79,68,79,147,2,9,10,7,7
04.11.2009,Asseco Gdynia,Olimpia Milano,Asseco Gdynia,88,83,16,25,41,27,14,41,21,21,42,24,23,47,,,43,39,45,44,82,89,82,171,9,6,4,5,5
04.11.2009,Fenerbahce Ulker,Cibona,Fenerbahce Ulker,67,62,11,18,29,21,14,35,17,11,28,18,19,37,,,32,32,35,30,64,65,64,129,7,3,6,5,5
04.11.2009,ASVEL,Montepaschi Siena,Montepaschi Siena,65,82,29,10,39,3,21,24,16,26,42,17,25,42,,,32,31,33,51,63,84,63,147,19,2,9,17,17
04.11.2009,Khimki,Oldenburg,Khimki,77,72,24,9,33,12,33,45,19,13,32,22,17,39,,,36,42,41,30,78,71,78,149,15,1,0,5,5
04.11.2009,Maroussi BC,Virtus Roma,Virtus Roma,71,83,17,27,44,24,20,44,18,19,37,12,17,29,,,41,47,30,36,88,66,88,154,10,17,7,12,12
04.11.2009,Olympiacos,Lietuvos Rytas,Olympiacos,97,73,25,14,39,27,17,44,23,19,42,22,23,45,,,52,31,45,42,83,87,83,170,11,14,25,24,24
29.10.2009,Montepaschi Siena,Zalgiris Kaunas,Montepaschi Siena,84,64,23,21,44,25,9,34,17,14,31,19,20,39,,,48,30,36,34,78,70,78,148,2,6,21,20,20
29.10.2009,Barcelona,Cibona,Barcelona,81,59,16,13,29,23,14,37,25,14,39,17,18,35,,,39,27,42,32,66,74,66,140,3,15,23,22,22
29.10.2009,Baskonia,Maccabi Tel Aviv,Baskonia,86,81,25,25,50,30,19,49,14,22,36,17,15,32,,,55,44,31,37,99,68,99,167,0,13,3,5,5
29.10.2009,Petrol Olimpija,Maroussi BC,Maroussi BC,75,81,17,18,35,16,15,31,19,20,39,23,28,51,,,33,33,42,48,66,90,66,156,1,9,1,6,6
29.10.2009,Panathinaikos,Khimki,Panathinaikos,101,66,28,14,42,23,11,34,21,25,46,29,16,45,,,51,25,50,41,76,91,76,167,14,25,22,35,35
29.10.2009,Anadolu Efes SK,Partizan,Anadolu Efes SK,77,67,15,15,30,20,22,42,22,16,38,20,14,34,,,35,37,42,30,72,72,72,144,0,5,4,10,10
29.10.2009,Orleans,Lietuvos Rytas,Lietuvos Rytas,62,69,11,20,31,18,21,39,17,20,37,16,8,24,,,29,41,33,28,70,61,70,131,9,8,15,7,7
28.10.2009,Real Madrid,Asseco Gdynia,Real Madrid,94,72,30,22,52,21,11,32,17,12,29,26,27,53,,,51,33,43,39,84,82,84,166,8,10,23,22,22
28.10.2009,Unicaja,Olympiacos,Unicaja,86,68,30,18,48,18,20,38,23,12,35,15,18,33,,,48,38,38,30,86,68,86,154,12,0,21,18,18
28.10.2009,ASVEL,Fenerbahce Ulker,Fenerbahce Ulker,76,78,12,12,24,12,17,29,22,26,48,18,9,27,,,24,29,40,35,53,75,53,128,0,11,9,0,2
28.10.2009,Oldenburg,Olimpia Milano,Olimpia Milano,70,79,16,11,27,19,23,42,16,15,31,19,30,49,,,35,34,35,45,69,80,69,149,5,1,2,9,9
28.10.2009,CSKA Moscow,Virtus Roma,Virtus Roma,69,74,22,26,48,19,13,32,12,19,31,16,16,32,,,41,39,28,35,80,63,80,143,4,11,5,5,5
22.10.2009,Partizan,Unicaja,Unicaja,64,72,25,19,44,16,13,29,11,17,28,12,23,35,,,41,32,23,40,73,63,73,136,6,9,3,8,8
22.10.2009,Olimpia Milano,Panathinaikos,Panathinaikos,67,75,22,21,43,16,14,30,14,21,35,15,19,34,,,38,35,29,40,73,69,73,142,1,6,4,8,8
22.10.2009,Virtus Roma,Baskonia,Virtus Roma,77,65,17,15,32,20,17,37,27,11,38,13,22,35,,,37,32,40,33,69,73,69,142,2,8,21,12,12
22.10.2009,Lietuvos Rytas,Anadolu Efes SK,Lietuvos Rytas,77,70,21,16,37,17,9,26,24,21,45,15,24,39,,,38,25,39,45,63,84,63,147,5,14,16,7,7
22.10.2009,Khimki,Real Madrid,Khimki,84,81,17,14,31,22,18,40,14,20,34,19,20,39,,,39,32,33,40,71,73,71,144,3,1,1,0,3
21.10.2009,Asseco Gdynia,Oldenburg,Oldenburg,81,87,21,24,45,23,22,45,17,16,33,20,25,45,,,44,46,37,41,90,78,90,168,3,9,1,6,6
21.10.2009,Fenerbahce Ulker,Barcelona,Barcelona,59,82,11,19,30,10,19,29,17,24,41,21,20,41,,,21,38,38,44,59,82,59,141,8,0,24,23,23
21.10.2009,Zalgiris Kaunas,ASVEL,Zalgiris Kaunas,71,52,20,15,35,20,12,32,13,12,25,18,13,31,,,40,27,31,25,67,56,67,123,5,4,14,19,19
21.10.2009,Cibona,Montepaschi Siena,Montepaschi Siena,40,85,13,21,34,11,14,25,8,32,40,8,18,26,,,24,35,16,50,59,66,59,125,8,19,35,45,45
21.10.2009,Olympiacos,Orleans,Olympiacos,94,72,18,15,33,26,15,41,22,19,41,28,23,51,,,44,30,50,42,74,92,74,166,3,20,17,22,22
21.10.2009,Maroussi BC,CSKA Moscow,CSKA Moscow,65,66,12,18,30,22,14,36,14,17,31,17,17,34,,,34,32,31,34,66,65,66,131,6,1,1,1,1
15.10.2009,Maccabi Tel Aviv,Petrol Olimpija,Maccabi Tel Aviv,85,65,20,10,30,17,15,32,18,20,38,30,20,50,,,37,25,48,40,62,88,62,150,10,23,10,20,20
11.10.2009,Alba Berlin,Maroussi BC,Alba Berlin,75,70,19,21,40,24,17,41,13,17,30,19,15,34,,,43,38,32,32,81,64,81,145,2,6,1,5,5
09.10.2009,Orleans,Treviso,Treviso,80,82,20,14,34,18,19,37,13,26,39,29,23,52,,,38,33,42,49,71,91,71,162,6,9,8,2,2
06.10.2009,Treviso,Orleans,Orleans,73,82,20,20,40,6,27,33,22,19,41,25,16,41,,,26,47,47,35,73,82,73,155,0,0,18,9,9
06.10.2009,Maroussi BC,Alba Berlin,Maroussi BC,79,70,12,19,31,18,19,37,28,13,41,21,19,40,,,30,38,49,32,68,81,68,149,7,11,7,9,9
02.10.2009,Treviso,Ventspils,Treviso,88,76,25,20,45,25,20,45,17,19,36,21,17,38,,,50,40,38,36,90,74,90,164,5,2,8,12,12
02.10.2009,Orleans,Spirou Charleroi,Orleans,81,56,26,15,41,20,15,35,12,9,21,23,17,40,,,46,30,35,26,76,61,76,137,11,5,19,25,25
02.10.2009,Alba Berlin,Le Mans,Alba Berlin,77,62,17,13,30,20,10,30,24,15,39,16,24,40,,,37,23,40,39,60,79,60,139,4,17,23,15,15
02.10.2009,Maroussi BC,Aris,Maroussi BC,89,60,27,9,36,18,18,36,21,22,43,23,11,34,,,45,27,44,33,72,77,72,149,18,17,17,29,29
29.09.2009,Le Mans,Alba Berlin,Le Mans,61,60,17,7,24,17,20,37,17,21,38,10,12,22,,,34,27,27,33,61,60,61,121,10,0,3,1,1
29.09.2009,Spirou Charleroi,Orleans,Spirou Charleroi,55,53,13,14,27,13,11,24,20,5,25,9,23,32,,,26,25,29,28,51,57,51,108,1,4,16,2,2
29.09.2009,Ventspils,Treviso,Ventspils,78,73,27,17,44,20,17,37,21,22,43,10,17,27,,,47,34,31,39,81,70,81,151,10,3,12,5,5
29.09.2009,Aris,Maroussi BC,Aris,69,67,9,17,26,21,12,33,22,23,45,17,15,32,,,30,29,39,38,59,77,59,136,8,10,0,2,2
03.05.2009,Panathinaikos,CSKA Moscow,Panathinaikos,73,71,21,16,37,27,12,39,8,18,26,17,25,42,,,48,28,25,43,76,68,76,144,5,3,10,2,2
03.05.2009,Olympiacos,Barcelona,Barcelona,79,95,19,26,45,11,20,31,28,27,55,21,22,43,,,30,46,49,49,76,98,76,174,7,3,15,16,16
01.05.2009,Olympiacos,Panathinaikos,Panathinaikos,82,84,21,27,48,20,16,36,22,23,45,19,18,37,,,41,43,41,41,84,82,84,166,6,2,3,2,2
01.05.2009,Barcelona,CSKA Moscow,CSKA Moscow,78,82,21,12,33,15,20,35,20,22,42,22,28,50,,,36,32,42,50,68,92,68,160,9,10,2,4,4
09.04.2009,Barcelona,Tau Ceramica,Barcelona,78,62,23,15,38,17,15,32,18,14,32,20,18,38,,,40,30,38,32,70,70,70,140,8,8,14,16,16
02.04.2009,Montepaschi Siena,Panathinaikos,Panathinaikos,84,91,18,28,46,26,19,45,16,18,34,24,26,50,,,44,47,40,44,91,84,91,175,10,7,5,7,7
02.04.2009,Real Madrid,Olympiacos,Olympiacos,75,78,16,20,36,25,13,38,17,21,38,17,24,41,,,41,33,34,45,74,79,74,153,4,1,4,3,3
02.04.2009,Tau Ceramica,Barcelona,Barcelona,63,84,19,17,36,22,23,45,13,30,43,9,14,23,,,41,40,22,44,81,66,81,147,2,18,16,21,21
31.03.2009,Montepaschi Siena,Panathinaikos,Panathinaikos,53,72,16,15,31,10,24,34,11,21,32,16,12,28,,,26,39,27,33,65,60,65,125,1,12,23,19,19
31.03.2009,Partizan,CSKA Moscow,CSKA Moscow,56,67,14,15,29,14,18,32,10,19,29,18,15,33,,,28,33,28,34,61,62,61,123,1,5,14,11,11
31.03.2009,Real Madrid,Olympiacos,Real Madrid,71,63,23,12,35,14,8,22,15,21,36,19,22,41,,,37,20,34,43,57,77,57,134,11,14,11,8,8
31.03.2009,Tau Ceramica,Barcelona,Tau Ceramica,69,62,16,11,27,13,9,22,17,17,34,23,25,48,,,29,20,40,42,49,82,49,131,5,20,9,7,7
26.03.2009,Barcelona,Tau Ceramica,Barcelona,85,62,23,24,47,23,16,39,14,7,21,25,15,40,,,46,40,39,22,86,61,86,147,1,1,13,23,23
26.03.2009,Panathinaikos,Montepaschi Siena,Montepaschi Siena,79,84,21,24,45,22,14,36,18,17,35,18,29,47,,,43,38,36,46,81,82,81,163,3,2,6,5,5
26.03.2009,Olympiacos,Real Madrid,Olympiacos,79,73,18,15,33,20,21,41,21,13,34,20,24,44,,,38,36,41,37,74,78,74,152,3,5,10,6,6
26.03.2009,CSKA Moscow,Partizan,CSKA Moscow,77,50,21,6,27,22,16,38,18,12,30,16,16,32,,,43,22,34,28,65,62,65,127,15,12,27,27,27
24.03.2009,Barcelona,Tau Ceramica,Tau Ceramica,75,84,18,24,42,16,21,37,24,22,46,17,17,34,,,34,45,41,39,79,80,79,159,6,4,9,9,9
24.03.2009,Olympiacos,Real Madrid,Olympiacos,88,79,28,18,46,18,23,41,17,23,40,25,15,40,,,46,41,42,38,87,80,87,167,10,1,1,9,9
24.03.2009,Panathinaikos,Montepaschi Siena,Panathinaikos,90,85,23,18,41,21,20,41,18,15,33,28,32,60,,,44,38,46,47,82,93,82,175,5,8,9,5,5
24.03.2009,CSKA Moscow,Partizan,CSKA Moscow,56,47,13,3,16,17,17,34,13,11,24,13,16,29,,,30,20,26,27,50,53,50,103,10,6,12,9,9
12.03.2009,Maccabi Tel Aviv,Barcelona,Barcelona,74,90,22,19,41,17,26,43,16,21,37,19,24,43,,,39,45,35,45,84,80,84,164,3,10,11,16,16
12.03.2009,Olimpia Milano,Asseco Gdynia,Asseco Gdynia,72,96,16,30,46,22,26,48,22,14,36,12,26,38,,,38,56,34,40,94,74,94,168,14,22,10,24,24
12.03.2009,Real Madrid,Alba Berlin,Real Madrid,83,82,17,14,31,23,26,49,21,21,42,22,21,43,,,40,40,43,42,80,85,80,165,3,3,0,1,1
12.03.2009,Tau Ceramica,Olympiacos,Olympiacos,80,88,23,28,51,14,23,37,25,19,44,18,18,36,,,37,51,43,37,88,80,88,168,5,8,8,8,8
11.03.2009,Cibona,CSKA Moscow,CSKA Moscow,63,73,11,17,28,24,24,48,15,11,26,13,21,34,,,35,41,28,32,76,60,76,136,6,13,2,10,10
11.03.2009,Fenerbahce Ulker,Montepaschi Siena,Montepaschi Siena,68,73,14,23,37,25,17,42,24,17,41,5,16,21,,,39,40,29,33,79,62,79,141,9,11,6,5,5
11.03.2009,Panathinaikos,Unicaja,Panathinaikos,103,95,21,16,37,27,19,46,18,24,42,20,27,47,,,48,35,38,51,83,89,83,172,5,3,7,0,8
11.03.2009,Virtus Roma,Partizan,Virtus Roma,88,72,26,23,49,23,11,34,18,18,36,21,20,41,,,49,34,39,38,83,77,83,160,3,5,15,16,16
05.03.2009,Montepaschi Siena,Cibona,Montepaschi Siena,86,70,27,18,45,19,14,33,11,15,26,29,23,52,,,46,32,40,38,78,78,78,156,9,8,10,16,16
05.03.2009,Partizan,Panathinaikos,Partizan,63,56,12,13,25,14,16,30,15,11,26,22,16,38,,,26,29,37,27,55,64,55,119,1,8,1,7,7
05.03.2009,Alba Berlin,Maccabi Tel Aviv,Maccabi Tel Aviv,70,76,15,13,28,17,17,34,15,24,39,23,22,45,,,32,30,38,46,62,84,62,146,2,8,7,6,6
05.03.2009,Olympiacos,Olimpia Milano,Olympiacos,84,81,24,20,44,15,19,34,20,20,40,25,22,47,,,39,39,45,42,78,87,78,165,4,6,0,3,3
04.03.2009,Unicaja,Virtus Roma,Unicaja,99,64,31,15,46,24,15,39,25,15,40,19,19,38,,,55,30,44,34,85,78,85,163,16,14,35,35,35
04.03.2009,Barcelona,Real Madrid,Barcelona,90,79,30,21,51,18,17,35,26,20,46,16,21,37,,,48,38,42,41,86,83,86,169,9,4,16,11,11
04.03.2009,Asseco Gdynia,Tau Ceramica,Tau Ceramica,72,92,23,19,42,13,19,32,17,26,43,19,28,47,,,36,38,36,54,74,90,74,164,4,2,11,20,20
04.03.2009,CSKA Moscow,Fenerbahce Ulker,CSKA Moscow,77,60,27,13,40,11,22,33,17,14,31,22,11,33,,,38,35,39,25,73,64,73,137,14,4,6,17,17
26.02.2009,Virtus Roma,Panathinaikos,Panathinaikos,71,90,20,20,40,18,25,43,21,23,44,12,22,34,,,38,45,33,45,83,78,83,161,0,12,9,19,19
26.02.2009,Alba Berlin,Barcelona,Barcelona,57,75,10,18,28,9,22,31,13,15,28,25,20,45,,,19,40,38,35,59,73,59,132,8,2,23,18,18
26.02.2009,Maccabi Tel Aviv,Real Madrid,Real Madrid,69,73,17,26,43,18,20,38,16,10,26,18,17,35,,,35,46,34,27,81,61,81,142,9,12,5,4,4
26.02.2009,Olympiacos,Asseco Gdynia,Olympiacos,84,71,23,19,42,20,23,43,27,13,40,14,16,30,,,43,42,41,29,85,70,85,155,4,1,15,13,13
25.02.2009,Olimpia Milano,Tau Ceramica,Tau Ceramica,74,107,16,31,47,21,27,48,19,23,42,18,26,44,,,37,58,37,49,95,86,95,181,15,21,25,33,33
25.02.2009,Unicaja,Partizan,Partizan,74,78,17,18,35,22,17,39,19,16,35,7,14,21,,,39,35,26,30,74,56,74,130,1,9,7,0,4
25.02.2009,Fenerbahce Ulker,Cibona,Cibona,64,86,14,28,42,13,21,34,15,18,33,22,19,41,,,27,49,37,37,76,74,76,150,14,12,25,22,22
25.02.2009,CSKA Moscow,Montepaschi Siena,CSKA Moscow,95,71,19,19,38,26,25,51,32,11,43,18,16,34,,,45,44,50,27,89,77,89,166,0,6,22,24,24
12.02.2009,Barcelona,Alba Berlin,Barcelona,85,69,19,17,36,18,21,39,23,7,30,25,24,49,,,37,38,48,31,75,79,75,154,2,10,15,16,16
12.02.2009,Panathinaikos,Virtus Roma,Panathinaikos,92,67,22,25,47,22,14,36,22,8,30,26,20,46,,,44,39,48,28,83,76,83,159,3,9,19,25,25
12.02.2009,Real Madrid,Maccabi Tel Aviv,Real Madrid,98,79,18,20,38,24,16,40,28,25,53,28,18,46,,,42,36,56,43,78,99,78,177,2,20,9,19,19
12.02.2009,Cibona,Fenerbahce Ulker,Fenerbahce Ulker,55,65,12,9,21,15,13,28,16,19,35,12,24,36,,,27,22,28,43,49,71,49,120,3,6,2,10,10
11.02.2009,Montepaschi Siena,CSKA Moscow,Montepaschi Siena,74,56,11,10,21,16,12,28,26,15,41,21,19,40,,,27,22,47,34,49,81,49,130,1,25,16,18,18
11.02.2009,Partizan,Unicaja,Partizan,60,59,10,11,21,16,15,31,18,15,33,16,18,34,,,26,26,34,33,52,67,52,119,1,8,3,1,1
11.02.2009,Tau Ceramica,Olimpia Milano,Tau Ceramica,108,90,26,27,53,29,19,48,31,17,48,22,27,49,,,55,46,53,44,101,97,101,198,1,7,23,18,18
11.02.2009,Asseco Gdynia,Olympiacos,Olympiacos,68,93,19,23,42,13,27,40,22,21,43,14,22,36,,,32,50,36,43,82,79,82,161,4,14,17,25,25
05.02.2009,Alba Berlin,Real Madrid,Real Madrid,84,87,24,20,44,28,17,45,19,28,47,13,22,35,,,52,37,32,50,89,82,89,171,4,5,6,3,3
05.02.2009,Asseco Gdynia,Olimpia Milano,Olimpia Milano,60,62,18,25,43,17,13,30,9,15,24,16,9,25,,,35,38,25,24,73,49,73,122,7,13,9,2,2
05.02.2009,Barcelona,Maccabi Tel Aviv,Barcelona,85,65,20,16,36,19,17,36,22,14,36,24,18,42,,,39,33,46,32,72,78,72,150,4,13,14,20,20
05.02.2009,Olympiacos,Tau Ceramica,Olympiacos,73,70,18,26,44,18,18,36,20,14,34,17,12,29,,,36,44,37,26,80,63,80,143,8,7,2,3,3
04.02.2009,Montepaschi Siena,Fenerbahce Ulker,Montepaschi Siena,87,79,25,13,38,26,21,47,18,17,35,18,28,46,,,51,34,36,45,85,81,85,166,12,2,18,8,8
04.02.2009,Partizan,Virtus Roma,Partizan,84,76,27,16,43,23,26,49,18,15,33,16,19,35,,,50,42,34,34,92,68,92,160,11,8,11,8,8
04.02.2009,Unicaja,Panathinaikos,Panathinaikos,69,81,19,15,34,26,29,55,16,17,33,8,20,28,,,45,44,24,37,89,61,89,150,4,20,0,12,12
04.02.2009,CSKA Moscow,Cibona,CSKA Moscow,87,61,21,13,34,21,17,38,23,19,42,22,12,34,,,42,30,45,31,72,76,72,148,8,15,16,26,26
29.01.2009,Olimpia Milano,Olympiacos,Olimpia Milano,76,74,23,20,43,19,12,31,20,21,41,14,21,35,,,42,32,34,42,74,76,74,150,3,2,9,2,2
29.01.2009,Virtus Roma,Unicaja,Unicaja,75,88,14,26,40,20,22,42,22,23,45,19,17,36,,,34,48,41,40,82,81,82,163,12,7,15,13,13
29.01.2009,Maccabi Tel Aviv,Alba Berlin,Maccabi Tel Aviv,96,65,27,20,47,22,12,34,19,10,29,28,23,51,,,49,32,47,33,81,80,81,161,7,15,26,31,31
29.01.2009,Panathinaikos,Partizan,Panathinaikos,81,63,22,23,45,14,18,32,19,11,30,26,11,37,,,36,41,45,22,77,67,77,144,1,4,3,18,18
29.01.2009,Fenerbahce Ulker,CSKA Moscow,CSKA Moscow,48,66,12,20,32,13,21,34,13,8,21,10,17,27,,,25,41,23,25,66,48,66,114,8,18,11,18,18
28.01.2009,Real Madrid,Barcelona,Real Madrid,85,83,19,26,45,21,19,40,19,19,38,26,19,45,,,40,45,45,38,85,83,85,168,7,0,5,2,2
28.01.2009,Tau Ceramica,Asseco Gdynia,Tau Ceramica,99,77,34,15,49,17,24,41,18,19,37,30,19,49,,,51,39,48,38,90,86,90,176,19,9,11,22,22
28.01.2009,Cibona,Montepaschi Siena,Cibona,88,81,17,25,42,21,19,40,24,18,42,26,19,45,,,38,44,50,37,82,87,82,169,8,6,0,7,7
15.01.2009,Avellino,Cibona,Avellino,79,75,13,18,31,28,18,46,12,15,27,26,24,50,,,41,36,38,39,77,77,77,154,5,2,2,4,4
15.01.2009,Olympiacos,Le Mans,Le Mans,68,78,12,15,27,19,15,34,13,25,38,24,23,47,,,31,30,37,48,61,85,61,146,3,7,11,10,10
15.01.2009,Unicaja,Maccabi Tel Aviv,Unicaja,92,69,27,14,41,18,22,40,25,19,44,22,14,36,,,45,36,47,33,81,80,81,161,13,11,15,23,23
15.01.2009,Alba Berlin,Petrol Olimpija,Petrol Olimpija,59,67,16,13,29,14,18,32,15,16,31,14,20,34,,,30,31,29,36,61,65,61,126,3,2,2,8,8
15.01.2009,Fenerbahce Ulker,Virtus Roma,Fenerbahce Ulker,90,86,16,15,31,20,16,36,16,24,40,20,17,37,,,36,31,36,41,67,77,67,144,1,5,3,0,4
15.01.2009,Tau Ceramica,Joventut Badalona,Tau Ceramica,91,83,21,24,45,21,27,48,29,11,40,20,21,41,,,42,51,49,32,93,81,93,174,3,2,9,8,8
14.01.2009,Barcelona,Zalgiris Kaunas,Barcelona,90,68,19,21,40,25,18,43,27,10,37,19,19,38,,,44,39,46,29,83,75,83,158,2,7,22,22,22
14.01.2009,Nancy,Montepaschi Siena,Montepaschi Siena,79,103,19,26,45,14,25,39,20,30,50,26,22,48,,,33,51,46,52,84,98,84,182,7,5,28,24,24
14.01.2009,Panathinaikos,Asseco Gdynia,Panathinaikos,75,53,14,10,24,20,17,37,19,8,27,22,18,40,,,34,27,41,26,61,67,61,128,4,14,18,22,22
14.01.2009,CSKA Moscow,Partizan,Partizan,63,66,14,18,32,15,12,27,16,13,29,18,23,41,,,29,30,34,36,59,70,59,129,4,4,2,3,3
14.01.2009,Panionios,Olimpia Milano,Olimpia Milano,77,87,19,21,40,23,21,44,16,19,35,19,26,45,,,42,42,35,45,84,80,84,164,2,7,3,10,10
14.01.2009,Real Madrid,Anadolu Efes SK,Real Madrid,80,69,16,16,32,19,11,30,23,16,39,22,26,48,,,35,27,45,42,62,87,62,149,0,18,15,11,11
08.01.2009,Montepaschi Siena,Panathinaikos,Montepaschi Siena,82,77,20,18,38,23,19,42,18,24,42,21,16,37,,,43,37,39,40,80,79,80,159,2,2,0,5,5
08.01.2009,Olimpia Milano,Real Madrid,Olimpia Milano,70,61,13,20,33,16,10,26,20,23,43,21,8,29,,,29,30,41,31,59,72,59,131,7,11,4,9,9
08.01.2009,Virtus Roma,Tau Ceramica,Tau Ceramica,96,103,25,20,45,21,25,46,22,22,44,17,18,35,,,46,45,39,40,91,79,91,170,5,6,1,0,7
08.01.2009,Petrol Olimpija,Fenerbahce Ulker,Fenerbahce Ulker,70,90,25,24,49,22,26,48,13,17,30,10,23,33,,,47,50,23,40,97,63,97,160,1,27,7,20,20
08.01.2009,Maccabi Tel Aviv,Olympiacos,Maccabi Tel Aviv,96,83,25,19,44,22,26,48,27,16,43,22,22,44,,,47,45,49,38,92,87,92,179,6,4,13,13,13
08.01.2009,Zalgiris Kaunas,Nancy,Zalgiris Kaunas,105,94,19,21,40,21,16,37,24,21,45,41,36,77,,,40,37,65,57,77,122,77,199,2,28,6,11,11
08.01.2009,Cibona,Unicaja,Unicaja,76,77,21,18,39,23,18,41,15,17,32,17,24,41,,,44,36,32,41,80,73,80,153,3,4,6,1,1
07.01.2009,Joventut Badalona,Alba Berlin,Alba Berlin,75,79,23,16,39,18,21,39,17,26,43,17,16,33,,,41,37,34,42,78,76,78,154,7,3,5,4,4
07.01.2009,Partizan,Panionios,Partizan,80,57,30,9,39,14,24,38,15,9,24,21,15,36,,,44,33,36,24,77,60,77,137,21,3,17,23,23
07.01.2009,Le Mans,Avellino,Le Mans,92,88,27,19,46,23,18,41,23,16,39,19,35,54,,,50,37,42,51,87,93,87,180,8,5,20,4,4
07.01.2009,Asseco Gdynia,Barcelona,Barcelona,64,76,20,12,32,15,28,43,13,18,31,16,18,34,,,35,40,29,36,75,65,75,140,8,11,10,12,12
07.01.2009,Anadolu Efes SK,CSKA Moscow,CSKA Moscow,55,74,12,19,31,21,15,36,13,22,35,9,18,27,,,33,34,22,40,67,62,67,129,7,12,10,19,19
18.12.2008,Virtus Roma,Petrol Olimpija,Virtus Roma,74,69,22,16,38,12,15,27,18,12,30,10,19,29,,,34,31,28,31,65,59,65,124,6,3,9,0,5
18.12.2008,Unicaja,Avellino,Unicaja,72,68,20,17,37,15,16,31,14,20,34,23,15,38,,,35,33,37,35,68,72,68,140,3,4,4,4,4
18.12.2008,Le Mans,Maccabi Tel Aviv,Maccabi Tel Aviv,73,87,16,25,41,20,24,44,13,17,30,24,21,45,,,36,49,37,38,85,75,85,160,9,12,17,14,14
18.12.2008,Alba Berlin,Tau Ceramica,Tau Ceramica,68,73,22,24,46,19,20,39,11,15,26,16,14,30,,,41,44,27,29,85,56,85,141,2,17,7,5,5
18.12.2008,Panionios,Anadolu Efes SK,Anadolu Efes SK,64,78,11,25,36,16,12,28,25,22,47,12,19,31,,,27,37,37,41,64,78,64,142,14,0,7,14,14
18.12.2008,Zalgiris Kaunas,Asseco Gdynia,Zalgiris Kaunas,79,68,23,17,40,14,18,32,26,19,45,16,14,30,,,37,35,42,33,72,75,72,147,6,7,9,11,11
17.12.2008,Olimpia Milano,Partizan,Olimpia Milano,73,59,26,16,42,15,18,33,16,6,22,16,19,35,,,41,34,32,25,75,57,75,132,10,2,17,14,14
17.12.2008,Barcelona,Montepaschi Siena,Barcelona,87,61,25,3,28,19,21,40,27,17,44,16,20,36,,,44,24,43,37,68,80,68,148,22,19,30,26,26
17.12.2008,Olympiacos,Cibona,Olympiacos,93,64,20,22,42,30,9,39,27,18,45,16,15,31,,,50,31,43,33,81,76,81,157,2,12,28,29,29
17.12.2008,Fenerbahce Ulker,Joventut Badalona,Fenerbahce Ulker,89,63,21,13,34,25,16,41,21,16,37,22,18,40,,,46,29,43,34,75,77,75,152,8,14,22,26,26
17.12.2008,Panathinaikos,Nancy,Panathinaikos,83,69,17,15,32,22,12,34,21,23,44,23,19,42,,,39,27,44,42,66,86,66,152,2,17,10,14,14
17.12.2008,CSKA Moscow,Real Madrid,Real Madrid,78,82,20,20,40,24,23,47,20,16,36,14,23,37,,,44,43,34,39,87,73,87,160,0,9,5,4,4
11.12.2008,Joventut Badalona,Virtus Roma,Joventut Badalona,97,93,26,24,50,22,24,46,28,21,49,21,24,45,,,48,48,49,45,96,94,96,190,2,1,7,4,4
11.12.2008,Avellino,Maccabi Tel Aviv,Maccabi Tel Aviv,72,86,23,24,47,17,24,41,16,17,33,16,21,37,,,40,48,32,38,88,70,88,158,1,16,9,14,14
11.12.2008,Panathinaikos,Barcelona,Barcelona,76,87,18,25,43,20,24,44,15,19,34,23,19,42,,,38,49,38,38,87,76,87,163,7,11,15,11,11
11.12.2008,Real Madrid,Partizan,Real Madrid,68,67,24,9,33,12,15,27,16,25,41,16,18,34,,,36,24,32,43,60,75,60,135,15,8,3,1,1
11.12.2008,Nancy,Asseco Gdynia,Nancy,78,70,24,22,46,20,14,34,12,18,30,22,16,38,,,44,36,34,34,80,68,80,148,2,2,2,8,8
10.12.2008,Montepaschi Siena,Zalgiris Kaunas,Montepaschi Siena,100,93,26,19,45,31,21,52,16,23,39,27,30,57,,,57,40,43,53,97,96,97,193,7,3,10,7,7
10.12.2008,Unicaja,Olympiacos,Unicaja,60,56,17,20,37,11,15,26,18,9,27,14,12,26,,,28,35,32,21,63,53,63,116,3,3,2,4,4
10.12.2008,Tau Ceramica,Petrol Olimpija,Tau Ceramica,101,69,25,27,52,27,10,37,20,13,33,29,19,48,,,52,37,49,32,89,81,89,170,2,12,22,32,32
10.12.2008,Anadolu Efes SK,Olimpia Milano,Anadolu Efes SK,74,67,28,19,47,11,18,29,15,17,32,20,13,33,,,39,37,35,30,76,65,76,141,9,2,0,7,7
10.12.2008,Cibona,Le Mans,Cibona,89,70,20,18,38,26,23,49,26,17,43,17,12,29,,,46,41,43,29,87,72,87,159,2,2,14,19,19
10.12.2008,CSKA Moscow,Panionios,CSKA Moscow,93,61,29,17,46,21,14,35,20,10,30,23,20,43,,,50,31,43,30,81,73,81,154,12,12,29,32,32
09.12.2008,Alba Berlin,Fenerbahce Ulker,Alba Berlin,72,63,10,19,29,17,11,28,24,18,42,21,15,36,,,27,30,45,33,57,78,57,135,9,15,3,9,9
04.12.2008,Barcelona,Nancy,Barcelona,91,68,25,19,44,19,18,37,18,14,32,29,17,46,,,44,37,47,31,81,78,81,159,6,10,11,23,23
04.12.2008,Virtus Roma,Alba Berlin,Virtus Roma,70,64,19,14,33,16,18,34,15,11,26,20,21,41,,,35,32,35,32,67,67,67,134,5,3,7,6,6
04.12.2008,Petrol Olimpija,Joventut Badalona,Joventut Badalona,65,86,13,14,27,18,24,42,14,24,38,20,24,44,,,31,38,34,48,69,82,69,151,1,4,17,21,21
04.12.2008,Maccabi Tel Aviv,Cibona,Maccabi Tel Aviv,88,83,29,19,48,16,23,39,24,25,49,19,16,35,,,45,42,43,41,87,84,87,171,10,1,2,5,5
04.12.2008,Fenerbahce Ulker,Tau Ceramica,Tau Ceramica,69,81,18,16,34,19,12,31,14,24,38,18,29,47,,,37,28,32,53,65,85,65,150,2,4,1,12,12
04.12.2008,Zalgiris Kaunas,Panathinaikos,Panathinaikos,69,80,13,22,35,13,18,31,21,21,42,22,19,41,,,26,40,43,40,66,83,66,149,9,3,14,11,11
03.12.2008,Olimpia Milano,CSKA Moscow,Olimpia Milano,80,79,8,21,29,18,22,40,23,10,33,31,26,57,,,26,43,54,36,69,90,69,159,13,11,4,1,1
03.12.2008,Partizan,Anadolu Efes SK,Partizan,83,77,21,14,35,19,22,41,21,15,36,22,26,48,,,40,36,43,41,76,84,76,160,7,7,10,6,6
03.12.2008,Le Mans,Unicaja,Unicaja,55,87,11,23,34,18,16,34,11,19,30,15,29,44,,,29,39,26,48,68,74,68,142,12,13,18,32,32
03.12.2008,Asseco Gdynia,Montepaschi Siena,Montepaschi Siena,71,83,9,13,22,19,25,44,22,25,47,21,20,41,,,28,38,43,45,66,88,66,154,4,5,13,12,12
03.12.2008,Panionios,Real Madrid,Panionios,68,66,17,13,30,24,12,36,19,20,39,8,21,29,,,41,25,27,41,66,68,66,134,4,2,15,2,2
03.12.2008,Olympiacos,Avellino,Olympiacos,91,66,20,16,36,21,9,30,32,15,47,18,26,44,,,41,25,50,41,66,91,66,157,4,25,33,25,25
27.11.2008,Olimpia Milano,Panionios,Olimpia Milano,77,73,18,17,35,18,21,39,26,18,44,15,17,32,,,36,38,41,35,74,76,74,150,1,3,6,4,4
27.11.2008,Virtus Roma,Fenerbahce Ulker,Virtus Roma,76,67,19,14,33,18,16,34,17,15,32,22,22,44,,,37,30,39,37,67,76,67,143,5,9,9,9,9
27.11.2008,Joventut Badalona,Tau Ceramica,Joventut Badalona,105,100,15,26,41,36,17,53,33,26,59,21,31,52,,,51,43,54,57,94,111,94,205,11,11,15,5,5
27.11.2008,Le Mans,Olympiacos,Olympiacos,93,98,29,19,48,23,22,45,21,27,48,14,19,33,,,52,41,35,46,93,81,93,174,10,6,5,0,5
27.11.2008,Petrol Olimpija,Alba Berlin,Petrol Olimpija,77,69,28,19,47,15,13,28,17,12,29,17,25,42,,,43,32,34,37,75,71,75,146,9,2,16,8,8
27.11.2008,Maccabi Tel Aviv,Unicaja,Unicaja,73,80,20,28,48,20,16,36,21,18,39,12,18,30,,,40,44,33,36,84,69,84,153,8,11,1,7,7
27.11.2008,Zalgiris Kaunas,Barcelona,Barcelona,60,75,14,23,37,18,15,33,16,26,42,12,11,23,,,32,38,28,37,70,65,70,135,9,10,16,15,15
26.11.2008,Montepaschi Siena,Nancy,Montepaschi Siena,86,63,26,17,43,19,9,28,20,18,38,21,19,40,,,45,26,41,37,71,78,71,149,9,15,21,23,23
26.11.2008,Partizan,CSKA Moscow,CSKA Moscow,62,63,17,19,36,13,15,28,22,18,40,10,11,21,,,30,34,32,29,64,61,64,125,2,2,0,1,1
26.11.2008,Asseco Gdynia,Panathinaikos,Panathinaikos,60,67,18,16,34,6,20,26,13,11,24,23,20,43,,,24,36,36,31,60,67,60,127,2,0,10,7,7
26.11.2008,Anadolu Efes SK,Real Madrid,Real Madrid,81,95,15,21,36,25,25,50,21,25,46,20,24,44,,,40,46,41,49,86,90,86,176,6,5,10,14,14
26.11.2008,Cibona,Avellino,Cibona,82,79,19,17,36,14,14,28,21,20,41,16,19,35,,,33,31,37,39,64,76,64,140,2,6,3,0,3
13.11.2008,Avellino,Le Mans,Avellino,78,73,18,19,37,22,16,38,23,22,45,15,16,31,,,40,35,38,38,75,76,75,151,1,3,6,5,5
13.11.2008,Barcelona,Asseco Gdynia,Barcelona,74,62,10,12,22,20,14,34,28,16,44,16,20,36,,,30,26,44,36,56,80,56,136,2,18,16,12,12
13.11.2008,Olympiacos,Maccabi Tel Aviv,Olympiacos,84,65,17,24,41,17,5,22,21,17,38,29,19,48,,,34,29,50,36,63,86,63,149,7,21,9,19,19
13.11.2008,Real Madrid,Olimpia Milano,Real Madrid,70,69,21,20,41,16,18,34,19,15,34,14,16,30,,,37,38,33,31,75,64,75,139,1,5,3,1,1
13.11.2008,Unicaja,Cibona,Unicaja,77,67,19,16,35,23,12,35,14,20,34,21,19,40,,,42,28,35,39,70,74,70,144,3,7,8,10,10
13.11.2008,Alba Berlin,Joventut Badalona,Alba Berlin,74,72,19,19,38,19,18,37,18,24,42,18,11,29,,,38,37,36,35,75,71,75,146,0,1,5,2,2
13.11.2008,Panathinaikos,Montepaschi Siena,Panathinaikos,81,76,22,14,36,23,28,51,11,13,24,25,21,46,,,45,42,36,34,87,70,87,157,8,6,1,5,5
13.11.2008,Panionios,Partizan,Panionios,72,67,19,10,29,21,25,46,16,12,28,16,20,36,,,40,35,32,32,75,64,75,139,9,3,9,5,5
13.11.2008,Fenerbahce Ulker,Petrol Olimpija,Fenerbahce Ulker,89,87,24,17,41,19,25,44,19,14,33,11,17,28,,,43,42,30,31,85,61,85,146,7,12,6,0,2
12.11.2008,Nancy,Zalgiris Kaunas,Nancy,69,64,22,17,39,16,17,33,20,8,28,11,22,33,,,38,34,31,30,72,61,72,133,5,3,16,5,5
12.11.2008,Tau Ceramica,Virtus Roma,Virtus Roma,90,93,12,20,32,27,29,56,23,22,45,28,22,50,,,39,49,51,44,88,95,88,183,8,2,9,3,3
12.11.2008,CSKA Moscow,Anadolu Efes SK,CSKA Moscow,90,68,27,9,36,20,18,38,27,20,47,16,21,37,,,47,27,43,41,74,84,74,158,18,16,27,22,22
06.11.2008,Montepaschi Siena,Barcelona,Montepaschi Siena,71,61,18,16,34,14,18,32,13,17,30,26,10,36,,,32,34,39,27,66,66,66,132,2,5,6,10,10
06.11.2008,Real Madrid,CSKA Moscow,CSKA Moscow,54,58,10,11,21,18,12,30,10,16,26,16,19,35,,,28,23,26,35,51,61,51,112,1,3,1,4,4
06.11.2008,Joventut Badalona,Fenerbahce Ulker,Fenerbahce Ulker,67,70,13,19,32,22,9,31,11,14,25,21,28,49,,,35,28,32,42,63,74,63,137,6,4,4,3,3
06.11.2008,Petrol Olimpija,Virtus Roma,Virtus Roma,67,78,16,19,35,12,25,37,23,21,44,16,13,29,,,28,44,39,34,72,73,72,145,3,5,14,11,11
06.11.2008,Maccabi Tel Aviv,Le Mans,Maccabi Tel Aviv,82,80,18,24,42,12,7,19,24,22,46,19,20,39,,,30,31,43,42,61,85,61,146,6,12,1,0,2
06.11.2008,Cibona,Olympiacos,Cibona,85,76,14,18,32,25,10,35,28,27,55,18,21,39,,,39,28,46,48,67,94,67,161,4,18,12,9,9
05.11.2008,Avellino,Unicaja,Avellino,72,70,15,23,38,15,15,30,23,19,42,19,13,32,,,30,38,42,32,68,74,68,142,8,4,4,2,2
05.11.2008,Partizan,Olimpia Milano,Partizan,81,76,15,28,43,23,27,50,28,12,40,15,9,24,,,38,55,43,21,93,64,93,157,13,12,1,5,5
05.11.2008,Tau Ceramica,Alba Berlin,Tau Ceramica,106,65,24,24,48,34,14,48,29,16,45,19,11,30,,,58,38,48,27,96,75,96,171,0,10,33,41,41
05.11.2008,Nancy,Panathinaikos,Panathinaikos,70,80,18,24,42,19,21,40,16,9,25,17,26,43,,,37,45,33,35,82,68,82,150,6,12,1,10,10
05.11.2008,Asseco Gdynia,Zalgiris Kaunas,Asseco Gdynia,65,60,10,12,22,15,16,31,19,16,35,21,16,37,,,25,28,40,32,53,72,53,125,2,12,0,5,5
05.11.2008,Anadolu Efes SK,Panionios,Panionios,69,78,13,15,28,22,21,43,9,23,32,25,19,44,,,35,36,34,42,71,76,71,147,2,2,15,9,9
30.10.2008,Virtus Roma,Joventut Badalona,Virtus Roma,85,71,17,18,35,20,21,41,31,12,43,17,20,37,,,37,39,48,32,76,80,76,156,1,9,17,14,14
30.10.2008,Barcelona,Panathinaikos,Barcelona,90,66,26,15,41,24,18,42,22,12,34,18,21,39,,,50,33,40,33,83,73,83,156,11,7,27,24,24
30.10.2008,Le Mans,Cibona,Cibona,54,58,6,10,16,12,19,31,15,12,27,21,17,38,,,18,29,36,29,47,65,47,112,4,7,8,4,4
30.10.2008,Petrol Olimpija,Tau Ceramica,Tau Ceramica,90,91,22,23,45,19,30,49,25,23,48,24,15,39,,,41,53,49,38,94,87,94,181,1,4,10,1,1
30.10.2008,Maccabi Tel Aviv,Avellino,Maccabi Tel Aviv,90,83,26,19,45,19,20,39,28,15,43,17,29,46,,,45,39,45,44,84,89,84,173,7,6,19,7,7
30.10.2008,Olympiacos,Unicaja,Olympiacos,83,72,14,20,34,25,18,43,21,10,31,23,24,47,,,39,38,44,34,77,78,77,155,6,6,12,11,11
30.10.2008,Fenerbahce Ulker,Alba Berlin,Fenerbahce Ulker,82,73,23,15,38,18,22,40,20,22,42,21,14,35,,,41,37,41,36,78,77,78,155,8,4,2,9,9
30.10.2008,Zalgiris Kaunas,Montepaschi Siena,Montepaschi Siena,67,93,22,19,41,21,21,42,14,27,41,10,26,36,,,43,40,24,53,83,77,83,160,3,16,10,26,26
29.10.2008,Olimpia Milano,Anadolu Efes SK,Anadolu Efes SK,71,81,17,20,37,16,23,39,16,22,38,22,16,38,,,33,43,38,38,76,76,76,152,3,5,16,10,10
29.10.2008,Partizan,Real Madrid,Partizan,81,77,21,13,34,23,25,48,13,21,34,24,18,42,,,44,38,37,39,82,76,82,158,8,1,2,4,4
29.10.2008,Panionios,CSKA Moscow,CSKA Moscow,52,86,14,23,37,10,22,32,16,18,34,12,23,35,,,24,45,28,41,69,69,69,138,9,17,23,34,34
29.10.2008,Asseco Gdynia,Nancy,Asseco Gdynia,91,62,14,19,33,18,12,30,28,16,44,31,15,46,,,32,31,59,31,63,90,63,153,5,28,13,29,29
23.10.2008,Avellino,Olympiacos,Olympiacos,69,83,22,14,36,12,26,38,20,22,42,15,21,36,,,34,40,35,43,74,78,74,152,8,5,8,14,14
23.10.2008,Joventut Badalona,Petrol Olimpija,Joventut Badalona,81,64,17,18,35,17,13,30,25,22,47,22,11,33,,,34,31,47,33,65,80,65,145,1,16,6,17,17
23.10.2008,Real Madrid,Panionios,Real Madrid,87,66,26,21,47,18,16,34,23,15,38,20,14,34,,,44,37,43,29,81,72,81,153,5,6,15,21,21
23.10.2008,Nancy,Barcelona,Barcelona,54,82,15,21,36,20,20,40,10,25,35,9,16,25,,,35,41,19,41,76,60,76,136,6,22,21,28,28
23.10.2008,Alba Berlin,Virtus Roma,Alba Berlin,68,63,15,16,31,20,24,44,15,12,27,18,11,29,,,35,40,33,23,75,56,75,131,1,7,2,5,5
23.10.2008,Anadolu Efes SK,Partizan,Anadolu Efes SK,61,60,11,14,25,24,10,34,14,13,27,12,23,35,,,35,24,26,36,59,62,59,121,3,2,12,1,1
23.10.2008,Cibona,Maccabi Tel Aviv,Cibona,81,79,20,17,37,16,19,35,22,16,38,23,27,50,,,36,36,45,43,72,88,72,160,3,9,6,2,2
22.10.2008,Montepaschi Siena,Asseco Gdynia,Montepaschi Siena,80,71,22,14,36,21,22,43,19,15,34,18,20,38,,,43,36,37,35,79,72,79,151,8,1,11,9,9
22.10.2008,Unicaja,Le Mans,Unicaja,84,79,21,20,41,17,13,30,19,20,39,27,26,53,,,38,33,46,46,71,92,71,163,1,13,4,5,5
22.10.2008,CSKA Moscow,Olimpia Milano,CSKA Moscow,90,64,22,9,31,27,18,45,17,16,33,24,21,45,,,49,27,41,37,76,78,76,154,13,14,23,26,26
22.10.2008,Panathinaikos,Zalgiris Kaunas,Panathinaikos,78,51,26,11,37,12,19,31,27,9,36,13,12,25,,,38,30,40,21,68,61,68,129,15,10,26,27,27
20.10.2008,Tau Ceramica,Fenerbahce Ulker,Tau Ceramica,80,70,19,21,40,23,13,36,20,18,38,18,18,36,,,42,34,38,36,76,74,76,150,2,4,10,10,10
10.04.2008,Maccabi Tel Aviv,Barcelona,Maccabi Tel Aviv,88,75,18,19,37,25,15,40,20,19,39,25,22,47,,,43,34,45,41,77,86,77,163,1,11,10,13,13
09.04.2008,Tau Ceramica,Partizan,Tau Ceramica,85,68,16,19,35,22,13,35,22,21,43,25,15,40,,,38,32,47,36,70,83,70,153,3,15,7,17,17
09.04.2008,CSKA Moscow,Olympiacos,CSKA Moscow,81,56,22,16,38,19,13,32,20,21,41,20,6,26,,,41,29,40,27,70,67,70,137,6,11,11,25,25
03.04.2008,Barcelona,Maccabi Tel Aviv,Barcelona,83,74,23,22,45,20,15,35,21,21,42,19,16,35,,,43,37,40,37,80,77,80,157,1,3,6,9,9
03.04.2008,Partizan,Tau Ceramica,Partizan,76,55,25,15,40,11,16,27,18,17,35,22,7,29,,,36,31,40,24,67,64,67,131,10,9,6,21,21
03.04.2008,Olympiacos,CSKA Moscow,CSKA Moscow,73,83,27,15,42,11,27,38,18,28,46,17,13,30,,,38,42,35,41,80,76,80,156,12,7,14,10,10
03.04.2008,Fenerbahce Ulker,Montepaschi Siena,Montepaschi Siena,65,86,15,25,40,19,12,31,11,25,36,20,24,44,,,34,37,31,49,71,80,71,151,10,6,17,21,21
01.04.2008,Montepaschi Siena,Fenerbahce Ulker,Montepaschi Siena,73,66,23,16,39,16,20,36,16,15,31,18,15,33,,,39,36,34,30,75,64,75,139,7,2,4,7,7
01.04.2008,Tau Ceramica,Partizan,Tau Ceramica,74,66,18,16,34,18,22,40,20,12,32,18,16,34,,,36,38,38,28,74,66,74,140,2,0,6,8,8
01.04.2008,Maccabi Tel Aviv,Barcelona,Maccabi Tel Aviv,81,75,16,14,30,20,15,35,21,28,49,24,18,42,,,36,29,45,46,65,91,65,156,2,16,0,6,6
01.04.2008,CSKA Moscow,Olympiacos,Olympiacos,74,76,20,24,44,12,15,27,20,23,43,22,14,36,,,32,39,42,37,71,79,71,150,4,3,10,2,2
20.03.2008,Barcelona,CSKA Moscow,Barcelona,64,62,15,16,31,17,17,34,18,15,33,14,14,28,,,32,33,32,29,65,61,65,126,1,1,2,2,2
20.03.2008,Maccabi Tel Aviv,Zalgiris Kaunas,Maccabi Tel Aviv,80,66,24,20,44,18,15,33,18,11,29,20,20,40,,,42,35,38,31,77,69,77,146,4,3,14,14,14
20.03.2008,Olympiacos,Real Madrid,Olympiacos,72,63,19,18,37,14,11,25,16,18,34,23,16,39,,,33,29,39,34,62,73,62,135,1,10,2,9,9
20.03.2008,Unicaja,Virtus Roma,Unicaja,79,58,19,12,31,14,17,31,21,17,38,25,12,37,,,33,29,46,29,62,75,62,137,7,17,8,21,21
19.03.2008,Aris,Lietuvos Rytas,Aris,83,74,18,19,37,22,17,39,17,12,29,26,26,52,,,40,36,43,38,76,81,76,157,1,7,9,9,9
19.03.2008,Fenerbahce Ulker,Tau Ceramica,Fenerbahce Ulker,75,59,30,17,47,13,13,26,16,20,36,16,9,25,,,43,30,32,29,73,61,73,134,13,2,9,16,16
19.03.2008,Montepaschi Siena,Anadolu Efes SK,Montepaschi Siena,80,67,20,15,35,24,15,39,15,13,28,21,24,45,,,44,30,36,37,74,73,74,147,5,6,16,13,13
19.03.2008,Partizan,Panathinaikos,Partizan,82,73,26,17,43,16,20,36,18,18,36,22,18,40,,,42,37,40,36,79,76,79,155,9,3,5,9,9
13.03.2008,Panathinaikos,Montepaschi Siena,Panathinaikos,77,76,17,27,44,26,18,44,19,16,35,15,15,30,,,43,45,34,31,88,65,88,153,10,11,1,1,1
13.03.2008,Real Madrid,Maccabi Tel Aviv,Maccabi Tel Aviv,100,103,23,19,42,23,21,44,24,31,55,19,18,37,,,46,40,43,49,86,92,86,178,4,3,1,0,3
13.03.2008,Anadolu Efes SK,Partizan,Partizan,79,83,19,24,43,10,14,24,18,30,48,32,15,47,,,29,38,50,45,67,95,67,162,5,12,21,4,4
13.03.2008,Zalgiris Kaunas,Olympiacos,Olympiacos,52,61,9,13,22,19,14,33,15,12,27,9,22,31,,,28,27,24,34,55,58,55,113,4,3,4,9,9
12.03.2008,Tau Ceramica,Aris,Tau Ceramica,90,74,22,24,46,21,13,34,20,18,38,27,19,46,,,43,37,47,37,80,84,80,164,2,10,8,16,16
12.03.2008,Virtus Roma,Barcelona,Virtus Roma,68,63,22,12,34,11,18,29,13,20,33,22,13,35,,,33,30,35,33,63,68,63,131,10,5,4,5,5
12.03.2008,Lietuvos Rytas,Fenerbahce Ulker,Lietuvos Rytas,87,84,18,26,44,20,20,40,25,24,49,24,14,38,,,38,46,49,38,84,87,84,171,8,3,7,3,3
12.03.2008,CSKA Moscow,Unicaja,CSKA Moscow,93,70,24,16,40,20,10,30,23,18,41,26,26,52,,,44,26,49,44,70,93,70,163,8,23,23,23,23
06.03.2008,Panathinaikos,Anadolu Efes SK,Panathinaikos,74,65,15,20,35,16,18,34,23,14,37,20,13,33,,,31,38,43,27,69,70,69,139,5,5,2,9,9
06.03.2008,Virtus Roma,CSKA Moscow,CSKA Moscow,54,82,10,28,38,15,20,35,15,16,31,14,18,32,,,25,48,29,34,73,63,73,136,18,19,24,28,28
06.03.2008,Maccabi Tel Aviv,Olympiacos,Olympiacos,82,87,25,21,46,25,23,48,21,17,38,11,26,37,,,50,44,32,43,94,75,94,169,4,12,10,5,5
06.03.2008,Zalgiris Kaunas,Real Madrid,Real Madrid,69,83,14,14,28,16,30,46,23,21,44,16,18,34,,,30,44,39,39,74,78,74,152,0,5,12,14,14
05.03.2008,Unicaja,Barcelona,Unicaja,62,61,11,15,26,23,17,40,14,15,29,14,14,28,,,34,32,28,29,66,57,66,123,4,4,1,1,1
05.03.2008,Tau Ceramica,Lietuvos Rytas,Tau Ceramica,87,84,28,26,54,17,22,39,27,19,46,15,17,32,,,45,48,42,36,93,78,93,171,2,6,5,3,3
05.03.2008,Fenerbahce Ulker,Aris,Aris,59,60,15,22,37,17,12,29,13,16,29,14,10,24,,,32,34,27,26,66,53,66,119,7,7,5,1,1
05.03.2008,Partizan,Montepaschi Siena,Partizan,78,75,16,13,29,16,21,37,15,20,35,31,21,52,,,32,34,46,41,66,87,66,153,3,12,7,3,3
28.02.2008,Aris,Tau Ceramica,Tau Ceramica,69,87,14,18,32,13,27,40,21,21,42,21,21,42,,,27,45,42,42,72,84,72,156,4,3,18,18,18
28.02.2008,Barcelona,Virtus Roma,Barcelona,86,57,30,11,41,11,14,25,18,15,33,27,17,44,,,41,25,45,32,66,77,66,143,19,20,19,29,29
28.02.2008,Partizan,Anadolu Efes SK,Partizan,78,65,19,20,39,20,8,28,13,15,28,26,22,48,,,39,28,39,37,67,76,67,143,1,11,9,13,13
28.02.2008,Maccabi Tel Aviv,Real Madrid,Maccabi Tel Aviv,94,75,25,24,49,25,13,38,20,13,33,24,25,49,,,50,37,44,38,87,82,87,169,1,7,20,19,19
28.02.2008,Fenerbahce Ulker,Lietuvos Rytas,Fenerbahce Ulker,95,91,25,27,52,20,7,27,10,29,39,24,16,40,,,45,34,34,45,79,79,79,158,2,0,8,0,4
27.02.2008,Montepaschi Siena,Panathinaikos,Montepaschi Siena,84,75,22,19,41,21,21,42,22,19,41,19,16,35,,,43,40,41,35,83,76,83,159,3,1,6,9,9
27.02.2008,Olympiacos,Zalgiris Kaunas,Olympiacos,86,84,20,22,42,19,16,35,16,18,34,17,16,33,,,39,38,33,34,77,67,77,144,2,5,1,0,2
27.02.2008,Unicaja,CSKA Moscow,Unicaja,72,67,21,16,37,18,17,35,19,13,32,14,21,35,,,39,33,33,34,72,67,72,139,5,0,12,5,5
21.02.2008,Real Madrid,Olympiacos,Real Madrid,80,70,27,14,41,18,21,39,17,18,35,18,17,35,,,45,35,35,35,80,70,80,150,13,0,9,10,10
21.02.2008,Virtus Roma,Unicaja,Virtus Roma,75,67,12,17,29,27,17,44,19,19,38,17,14,31,,,39,34,36,33,73,69,73,142,5,2,5,8,8
21.02.2008,Zalgiris Kaunas,Maccabi Tel Aviv,Zalgiris Kaunas,101,82,21,26,47,27,22,49,31,14,45,22,20,42,,,48,48,53,34,96,87,96,183,5,5,17,19,19
20.02.2008,Tau Ceramica,Fenerbahce Ulker,Tau Ceramica,103,84,25,17,42,25,21,46,24,18,42,29,28,57,,,50,38,53,46,88,99,88,187,8,15,18,19,19
20.02.2008,Panathinaikos,Partizan,Panathinaikos,67,65,21,23,44,13,17,30,15,16,31,18,9,27,,,34,40,33,25,74,58,74,132,2,7,7,2,2
20.02.2008,Lietuvos Rytas,Aris,Lietuvos Rytas,89,74,27,11,38,22,20,42,16,18,34,24,25,49,,,49,31,40,43,80,83,80,163,16,9,16,15,15
20.02.2008,Anadolu Efes SK,Montepaschi Siena,Montepaschi Siena,76,79,13,12,25,17,16,33,14,21,35,25,20,45,,,30,28,39,41,58,80,58,138,1,11,5,0,3
20.02.2008,CSKA Moscow,Barcelona,CSKA Moscow,72,55,16,11,27,16,14,30,16,18,34,24,12,36,,,32,25,40,30,57,70,57,127,5,15,5,17,17
14.02.2008,Barcelona,Unicaja,Barcelona,64,62,17,9,26,23,22,45,13,16,29,11,15,26,,,40,31,24,31,71,55,71,126,8,7,6,2,2
14.02.2008,Olympiacos,Maccabi Tel Aviv,Maccabi Tel Aviv,67,75,17,16,33,13,13,26,16,29,45,21,17,38,,,30,29,37,46,59,83,59,142,1,8,12,8,8
14.02.2008,Real Madrid,Zalgiris Kaunas,Real Madrid,88,85,22,16,38,21,23,44,16,20,36,29,26,55,,,43,39,45,46,82,91,82,173,6,6,0,3,3
14.02.2008,Montepaschi Siena,Partizan,Montepaschi Siena,71,54,16,9,25,17,18,35,15,9,24,23,18,41,,,33,27,38,27,60,65,60,125,7,11,12,17,17
14.02.2008,Aris,Fenerbahce Ulker,Fenerbahce Ulker,88,96,21,29,50,22,21,43,17,20,37,28,26,54,,,43,50,45,46,93,91,93,184,8,5,10,8,8
13.02.2008,Anadolu Efes SK,Panathinaikos,Anadolu Efes SK,74,64,17,21,38,29,14,43,17,13,30,11,16,27,,,46,35,28,29,81,57,81,138,4,7,15,10,10
13.02.2008,Lietuvos Rytas,Tau Ceramica,Tau Ceramica,81,84,18,18,36,15,26,41,24,21,45,24,19,43,,,33,44,48,40,77,88,77,165,0,4,8,3,3
13.02.2008,CSKA Moscow,Virtus Roma,CSKA Moscow,72,71,15,14,29,14,18,32,15,19,34,28,20,48,,,29,32,43,39,61,82,61,143,1,11,7,1,1
31.01.2008,Aris,Maccabi Tel Aviv,Maccabi Tel Aviv,94,101,27,24,51,16,21,37,17,20,37,26,21,47,,,43,45,43,41,88,84,88,172,3,2,5,0,7
31.01.2008,Cibona,Lietuvos Rytas,Lietuvos Rytas,79,86,23,17,40,23,20,43,15,27,42,18,22,40,,,46,37,33,49,83,82,83,165,6,4,3,7,7
31.01.2008,Olimpia Milano,Le Mans,Le Mans,63,83,18,16,34,10,27,37,20,22,42,15,18,33,,,28,43,35,40,71,75,71,146,2,8,17,20,20
31.01.2008,Unicaja,Anadolu Efes SK,Unicaja,87,77,22,24,46,32,14,46,13,15,28,20,24,44,,,54,38,33,39,92,72,92,164,2,5,14,10,10
31.01.2008,Bamberg,Barcelona,Barcelona,65,69,16,21,37,15,13,28,20,12,32,14,23,37,,,31,34,34,35,65,69,65,134,5,0,5,4,4
31.01.2008,Fenerbahce Ulker,Partizan,Partizan,86,91,27,18,45,12,27,39,26,22,48,21,24,45,,,39,45,47,46,84,93,84,177,9,2,2,5,5
31.01.2008,Real Madrid,Panathinaikos,Real Madrid,95,87,22,24,46,31,19,50,18,21,39,12,19,31,,,53,43,30,40,96,70,96,166,2,13,7,0,8
31.01.2008,Virtus Roma,Chorale de Roanne,Chorale de Roanne,67,74,15,15,30,15,20,35,16,19,35,21,20,41,,,30,35,37,39,65,76,65,141,0,2,8,7,7
30.01.2008,Asseco Gdynia,Petrol Olimpija,Asseco Gdynia,79,68,15,17,32,23,15,38,21,18,39,20,18,38,,,38,32,41,36,70,77,70,147,2,9,9,11,11
30.01.2008,Bologna,CSKA Moscow,CSKA Moscow,68,92,5,24,29,19,27,46,24,21,45,20,20,40,,,24,51,44,41,75,85,75,160,19,7,24,24,24
30.01.2008,Olympiacos,Montepaschi Siena,Montepaschi Siena,73,80,15,18,33,16,23,39,20,11,31,22,28,50,,,31,41,42,39,72,81,72,153,3,1,1,7,7
30.01.2008,Tau Ceramica,Zalgiris Kaunas,Tau Ceramica,84,66,16,24,40,28,15,43,21,18,39,19,9,28,,,44,39,40,27,83,67,83,150,8,1,8,18,18
24.01.2008,Partizan,Bamberg,Partizan,85,37,14,10,24,28,8,36,21,10,31,22,9,31,,,42,18,43,19,60,62,60,122,4,25,35,48,48
24.01.2008,Petrol Olimpija,Bologna,Petrol Olimpija,75,60,19,13,32,24,19,43,15,15,30,17,13,30,,,43,32,32,28,75,60,75,135,6,0,11,15,15
24.01.2008,Chorale de Roanne,Real Madrid,Real Madrid,68,82,19,24,43,16,15,31,17,20,37,16,23,39,,,35,39,33,43,74,76,74,150,5,6,7,14,14
24.01.2008,Maccabi Tel Aviv,Olimpia Milano,Maccabi Tel Aviv,91,76,23,27,50,21,19,40,27,19,46,20,11,31,,,44,46,47,30,90,77,90,167,4,1,6,15,15
24.01.2008,Panathinaikos,Fenerbahce Ulker,Panathinaikos,88,68,16,15,31,26,14,40,28,18,46,18,21,39,,,42,29,46,39,71,85,71,156,1,17,23,20,20
24.01.2008,Zalgiris Kaunas,Olympiacos,Zalgiris Kaunas,88,75,21,14,35,21,18,39,25,22,47,21,21,42,,,42,32,46,43,74,89,74,163,7,14,13,13,13
23.01.2008,Barcelona,Virtus Roma,Virtus Roma,75,77,22,25,47,17,10,27,17,25,42,19,17,36,,,39,35,36,42,74,78,74,152,3,1,4,2,2
23.01.2008,Le Mans,Cibona,Le Mans,100,87,28,17,45,30,24,54,18,23,41,24,23,47,,,58,41,42,46,99,88,99,187,11,1,12,13,13
23.01.2008,Montepaschi Siena,Asseco Gdynia,Montepaschi Siena,87,64,22,8,30,21,15,36,20,17,37,24,24,48,,,43,23,44,41,66,85,66,151,14,21,23,23,23
23.01.2008,Anadolu Efes SK,Aris,Aris,74,84,17,10,27,17,21,38,17,23,40,23,30,53,,,34,31,40,53,65,93,65,158,7,9,3,10,10
23.01.2008,Lietuvos Rytas,Unicaja,Lietuvos Rytas,71,63,22,15,37,19,13,32,13,19,32,17,16,33,,,41,28,30,35,69,65,69,134,7,2,7,8,8
23.01.2008,CSKA Moscow,Tau Ceramica,CSKA Moscow,70,62,19,16,35,15,13,28,22,13,35,14,20,34,,,34,29,36,33,63,69,63,132,3,7,14,8,8
17.01.2008,Bamberg,Fenerbahce Ulker,Bamberg,81,73,23,12,35,15,17,32,14,16,30,29,28,57,,,38,29,43,44,67,87,67,154,11,14,7,8,8
17.01.2008,Bologna,Montepaschi Siena,Montepaschi Siena,64,77,12,30,42,22,13,35,19,14,33,11,20,31,,,34,43,30,34,77,64,77,141,18,13,4,13,13
17.01.2008,Tau Ceramica,Petrol Olimpija,Tau Ceramica,89,74,25,21,46,27,12,39,21,26,47,16,15,31,,,52,33,37,41,85,78,85,163,4,4,14,15,15
17.01.2008,Real Madrid,Barcelona,Real Madrid,82,79,26,11,37,14,24,38,16,20,36,26,24,50,,,40,35,42,44,75,86,75,161,15,7,1,3,3
17.01.2008,Asseco Gdynia,Olympiacos,Asseco Gdynia,63,59,14,14,28,15,15,30,11,15,26,23,15,38,,,29,29,34,30,58,64,58,122,0,5,4,4,4
17.01.2008,Panathinaikos,Chorale de Roanne,Panathinaikos,102,78,29,15,44,23,22,45,23,14,37,27,27,54,,,52,37,50,41,89,91,89,180,14,13,24,24,24
17.01.2008,Zalgiris Kaunas,CSKA Moscow,CSKA Moscow,60,88,16,26,42,14,20,34,16,20,36,14,22,36,,,30,46,30,42,76,72,76,148,10,16,20,28,28
17.01.2008,Cibona,Maccabi Tel Aviv,Maccabi Tel Aviv,76,81,20,17,37,4,27,31,29,18,47,23,19,42,,,24,44,52,37,68,89,68,157,3,8,9,5,5
16.01.2008,Unicaja,Le Mans,Unicaja,87,68,23,14,37,23,22,45,20,10,30,21,22,43,,,46,36,41,32,82,73,82,155,9,5,20,19,19
16.01.2008,Olimpia Milano,Aris,Olimpia Milano,77,69,20,15,35,15,18,33,19,22,41,23,14,37,,,35,33,42,36,68,78,68,146,5,9,1,8,8
16.01.2008,Virtus Roma,Partizan,Virtus Roma,88,87,22,25,47,18,11,29,25,22,47,15,22,37,,,40,36,40,44,76,84,76,160,3,4,7,0,1
16.01.2008,Anadolu Efes SK,Lietuvos Rytas,Anadolu Efes SK,90,84,20,24,44,26,22,48,16,21,37,28,17,45,,,46,46,44,38,92,82,92,174,4,2,5,6,6
10.01.2008,Barcelona,Panathinaikos,Panathinaikos,55,56,15,16,31,16,7,23,13,21,34,11,12,23,,,31,23,24,33,54,57,54,111,1,1,0,1,1
10.01.2008,Partizan,Real Madrid,Real Madrid,72,80,17,21,38,21,20,41,15,20,35,19,19,38,,,38,41,34,39,79,73,79,152,4,7,8,8,8
10.01.2008,Petrol Olimpija,Zalgiris Kaunas,Zalgiris Kaunas,74,83,9,18,27,21,16,37,12,15,27,32,34,66,,,30,34,44,49,64,93,64,157,9,10,7,9,9
10.01.2008,Le Mans,Anadolu Efes SK,Anadolu Efes SK,84,91,26,16,42,25,24,49,23,21,44,6,19,25,,,51,40,29,40,91,69,91,160,10,11,13,0,7
10.01.2008,Olympiacos,CSKA Moscow,Olympiacos,71,67,15,15,30,24,18,42,19,18,37,13,16,29,,,39,33,32,34,72,66,72,138,0,1,7,4,4
10.01.2008,Maccabi Tel Aviv,Unicaja,Maccabi Tel Aviv,87,68,29,27,56,15,12,27,17,15,32,26,14,40,,,44,39,43,29,83,72,83,155,2,4,7,19,19
10.01.2008,Asseco Gdynia,Bologna,Asseco Gdynia,79,59,20,16,36,19,20,39,19,15,34,21,8,29,,,39,36,40,23,75,63,75,138,4,4,7,20,20
09.01.2008,Bamberg,Virtus Roma,Virtus Roma,59,73,11,16,27,15,16,31,13,18,31,20,23,43,,,26,32,33,41,58,74,58,132,5,1,11,14,14
09.01.2008,Montepaschi Siena,Tau Ceramica,Montepaschi Siena,83,71,28,23,51,11,10,21,21,16,37,23,22,45,,,39,33,44,38,72,82,72,154,5,11,11,12,12
09.01.2008,Olimpia Milano,Cibona,Cibona,63,72,16,16,32,19,17,36,13,18,31,15,21,36,,,35,33,28,39,68,67,68,135,0,5,3,9,9
09.01.2008,Aris,Lietuvos Rytas,Lietuvos Rytas,69,72,15,12,27,21,20,41,15,17,32,18,23,41,,,36,32,33,40,68,73,68,141,3,1,2,3,3
09.01.2008,Fenerbahce Ulker,Chorale de Roanne,Fenerbahce Ulker,81,68,28,13,41,16,23,39,21,19,40,16,13,29,,,44,36,37,32,80,69,80,149,15,1,10,13,13
03.01.2008,Real Madrid,Bamberg,Real Madrid,93,57,29,12,41,25,17,42,21,15,36,18,13,31,,,54,29,39,28,83,67,83,150,17,10,31,36,36
03.01.2008,Bologna,Olympiacos,Olympiacos,80,91,20,25,45,20,25,45,19,21,40,21,20,41,,,40,50,40,41,90,81,90,171,5,10,12,11,11
03.01.2008,Tau Ceramica,Asseco Gdynia,Tau Ceramica,98,74,28,24,52,33,16,49,18,7,25,19,27,46,,,61,40,37,34,101,71,101,172,4,3,32,24,24
03.01.2008,Virtus Roma,Fenerbahce Ulker,Fenerbahce Ulker,63,84,18,19,37,14,23,37,12,17,29,19,25,44,,,32,42,31,42,74,73,74,147,1,11,15,21,21
03.01.2008,Zalgiris Kaunas,Montepaschi Siena,Zalgiris Kaunas,75,69,18,11,29,21,22,43,16,21,37,20,15,35,,,39,33,36,36,72,72,72,144,7,3,1,6,6
03.01.2008,Anadolu Efes SK,Maccabi Tel Aviv,Maccabi Tel Aviv,68,83,23,22,45,11,23,34,20,17,37,14,21,35,,,34,45,34,38,79,72,79,151,1,11,8,15,15
03.01.2008,Cibona,Aris,Aris,76,83,20,24,44,21,24,45,21,20,41,14,15,29,,,41,48,35,35,89,70,89,159,4,13,6,7,7
03.01.2008,Lietuvos Rytas,Le Mans,Lietuvos Rytas,85,50,23,10,33,25,16,41,24,9,33,13,15,28,,,48,26,37,24,74,61,74,135,13,11,37,35,35
02.01.2008,Unicaja,Olimpia Milano,Unicaja,89,70,24,20,44,20,17,37,24,17,41,21,16,37,,,44,37,45,33,81,78,81,159,4,8,14,19,19
02.01.2008,Chorale de Roanne,Barcelona,Barcelona,79,89,20,21,41,21,16,37,15,25,40,23,27,50,,,41,37,38,52,78,90,78,168,1,1,6,10,10
02.01.2008,Panathinaikos,Partizan,Panathinaikos,67,66,16,15,31,17,14,31,22,14,36,12,23,35,,,33,29,34,37,62,71,62,133,1,5,12,1,1
02.01.2008,CSKA Moscow,Petrol Olimpija,CSKA Moscow,74,57,13,13,26,21,15,36,20,13,33,20,16,36,,,34,28,40,29,62,69,62,131,0,12,13,17,17
20.12.2007,Aris,Le Mans,Aris,93,74,27,23,50,27,12,39,14,15,29,25,24,49,,,54,35,39,39,89,78,89,167,4,4,18,19,19
20.12.2007,Bologna,Tau Ceramica,Tau Ceramica,69,85,17,26,43,17,17,34,21,24,45,14,18,32,,,34,43,35,42,77,77,77,154,9,8,12,16,16
20.12.2007,Virtus Roma,Real Madrid,Virtus Roma,69,64,19,19,38,15,13,28,15,21,36,20,11,31,,,34,32,35,32,66,67,66,133,0,3,4,5,5
20.12.2007,Maccabi Tel Aviv,Lietuvos Rytas,Lietuvos Rytas,82,87,25,22,47,16,20,36,23,19,42,18,26,44,,,41,42,41,45,83,86,83,169,3,1,3,5,5
20.12.2007,Fenerbahce Ulker,Barcelona,Barcelona,78,85,15,21,36,26,22,48,15,20,35,22,22,44,,,41,43,37,42,84,79,84,163,6,6,7,7,7
20.12.2007,Cibona,Unicaja,Unicaja,62,76,17,26,43,15,6,21,11,18,29,19,26,45,,,32,32,30,44,64,74,64,138,9,2,7,14,14
19.12.2007,Bamberg,Panathinaikos,Panathinaikos,58,72,8,17,25,20,23,43,15,13,28,15,19,34,,,28,40,30,32,68,62,68,130,9,10,10,14,14
19.12.2007,Partizan,Chorale de Roanne,Partizan,82,76,14,30,44,26,21,47,20,13,33,22,12,34,,,40,51,42,25,91,67,91,158,16,9,4,6,6
19.12.2007,Montepaschi Siena,CSKA Moscow,CSKA Moscow,66,69,21,21,42,22,12,34,14,23,37,9,13,22,,,43,33,23,36,76,59,76,135,0,10,1,3,3
19.12.2007,Olimpia Milano,Anadolu Efes SK,Anadolu Efes SK,73,76,14,16,30,20,20,40,20,25,45,19,15,34,,,34,36,39,40,70,79,70,149,2,3,7,3,3
19.12.2007,Asseco Gdynia,Zalgiris Kaunas,Zalgiris Kaunas,80,85,22,10,32,18,25,43,13,28,41,27,22,49,,,40,35,40,50,75,90,75,165,12,5,10,5,5
19.12.2007,Olympiacos,Petrol Olimpija,Olympiacos,113,80,28,17,45,25,26,51,25,18,43,35,19,54,,,53,43,60,37,96,97,96,193,11,17,17,33,33
13.12.2007,Barcelona,Partizan,Barcelona,95,69,28,14,42,19,22,41,18,15,33,30,18,48,,,47,36,48,33,83,81,83,164,14,12,14,26,26
13.12.2007,Petrol Olimpija,Montepaschi Siena,Montepaschi Siena,80,86,22,21,43,17,15,32,21,19,40,20,31,51,,,39,36,41,50,75,91,75,166,1,5,5,6,6
13.12.2007,Le Mans,Maccabi Tel Aviv,Maccabi Tel Aviv,91,99,25,24,49,19,26,45,16,29,45,31,20,51,,,44,50,47,49,94,96,94,190,1,3,19,8,8
13.12.2007,Virtus Roma,Panathinaikos,Virtus Roma,85,67,20,23,43,28,25,53,20,9,29,17,10,27,,,48,48,37,19,96,56,96,152,3,11,11,18,18
13.12.2007,Real Madrid,Fenerbahce Ulker,Real Madrid,87,77,26,18,44,21,15,36,15,17,32,25,27,52,,,47,33,40,44,80,84,80,164,8,7,12,10,10
13.12.2007,Zalgiris Kaunas,Bologna,Zalgiris Kaunas,102,82,30,17,47,21,15,36,32,18,50,19,32,51,,,51,32,51,50,83,101,83,184,13,19,33,20,20
12.12.2007,Unicaja,Aris,Unicaja,73,52,18,9,27,13,17,30,24,17,41,18,9,27,,,31,26,42,26,57,68,57,125,9,16,12,21,21
12.12.2007,Chorale de Roanne,Bamberg,Chorale de Roanne,84,81,21,20,41,12,16,28,24,21,45,27,24,51,,,33,36,51,45,69,96,69,165,1,15,0,3,3
12.12.2007,Tau Ceramica,Olympiacos,Tau Ceramica,75,64,25,14,39,11,24,35,21,21,42,18,5,23,,,36,38,39,26,74,65,74,139,11,1,2,11,11
12.12.2007,Anadolu Efes SK,Cibona,Anadolu Efes SK,100,74,25,18,43,27,24,51,27,17,44,21,15,36,,,52,42,48,32,94,80,94,174,7,6,20,26,26
12.12.2007,Lietuvos Rytas,Olimpia Milano,Lietuvos Rytas,75,62,22,19,41,20,15,35,20,16,36,13,12,25,,,42,34,33,28,76,61,76,137,3,1,12,13,13
12.12.2007,CSKA Moscow,Asseco Gdynia,CSKA Moscow,99,67,21,13,34,27,21,48,25,17,42,26,16,42,,,48,34,51,33,82,84,82,166,8,17,22,32,32
06.12.2007,Petrol Olimpija,Asseco Gdynia,Petrol Olimpija,68,49,13,15,28,22,11,33,14,15,29,19,8,27,,,35,26,33,23,61,56,61,117,2,7,8,19,19
06.12.2007,Le Mans,Olimpia Milano,Olimpia Milano,63,71,17,13,30,14,20,34,22,16,38,10,22,32,,,31,33,32,38,64,70,64,134,4,1,4,8,8
06.12.2007,Panathinaikos,Real Madrid,Panathinaikos,92,85,26,20,46,20,27,47,19,21,40,27,17,44,,,46,47,46,38,93,84,93,177,6,1,3,7,7
06.12.2007,Maccabi Tel Aviv,Aris,Maccabi Tel Aviv,85,70,23,14,37,27,16,43,15,23,38,20,17,37,,,50,30,35,40,80,75,80,155,9,5,12,15,15
06.12.2007,Zalgiris Kaunas,Tau Ceramica,Zalgiris Kaunas,95,92,19,23,42,27,25,52,18,15,33,31,29,60,,,46,48,49,44,94,93,94,187,4,1,1,3,3
05.12.2007,Barcelona,Bamberg,Barcelona,80,58,16,11,27,21,22,43,18,9,27,25,16,41,,,37,33,43,25,70,68,70,138,5,10,13,22,22
05.12.2007,Partizan,Fenerbahce Ulker,Fenerbahce Ulker,72,76,16,20,36,18,15,33,18,20,38,20,21,41,,,34,35,38,41,69,79,69,148,4,3,3,4,4
05.12.2007,Chorale de Roanne,Virtus Roma,Chorale de Roanne,104,85,26,15,41,23,26,49,26,16,42,29,28,57,,,49,41,55,44,90,99,90,189,11,14,18,19,19
05.12.2007,Montepaschi Siena,Olympiacos,Montepaschi Siena,86,84,20,19,39,21,20,41,19,24,43,26,21,47,,,41,39,45,45,80,90,80,170,1,6,3,2,2
05.12.2007,Anadolu Efes SK,Unicaja,Anadolu Efes SK,91,75,28,21,49,23,15,38,20,19,39,20,20,40,,,51,36,40,39,87,79,87,166,7,4,16,16,16
05.12.2007,Lietuvos Rytas,Cibona,Lietuvos Rytas,93,59,23,14,37,24,11,35,23,17,40,23,17,40,,,47,25,46,34,72,80,72,152,9,21,28,34,34
05.12.2007,CSKA Moscow,Bologna,CSKA Moscow,79,53,26,18,44,13,15,28,18,13,31,22,7,29,,,39,33,40,20,72,60,72,132,8,7,11,26,26
29.11.2007,Real Madrid,Chorale de Roanne,Real Madrid,104,73,24,15,39,26,25,51,24,16,40,30,17,47,,,50,40,54,33,90,87,90,177,9,14,18,31,31
29.11.2007,Bologna,Petrol Olimpija,Bologna,101,91,21,20,41,20,23,43,31,10,41,29,38,67,,,41,43,60,48,84,108,84,192,1,17,19,10,10
29.11.2007,Olimpia Milano,Maccabi Tel Aviv,Maccabi Tel Aviv,81,82,25,23,48,20,24,44,19,14,33,17,21,38,,,45,47,36,35,92,71,92,163,2,11,3,1,1
29.11.2007,Tau Ceramica,CSKA Moscow,CSKA Moscow,76,85,13,25,38,22,19,41,18,22,40,23,19,42,,,35,44,41,41,79,82,79,161,12,3,13,9,9
29.11.2007,Olympiacos,Zalgiris Kaunas,Olympiacos,90,74,26,20,46,23,27,50,21,14,35,20,13,33,,,49,47,41,27,96,68,96,164,6,6,9,16,16
29.11.2007,Fenerbahce Ulker,Panathinaikos,Panathinaikos,64,83,20,19,39,19,24,43,5,22,27,20,18,38,,,39,43,25,40,82,65,82,147,1,18,21,19,19
28.11.2007,Bamberg,Partizan,Bamberg,78,62,22,12,34,19,15,34,16,21,37,21,14,35,,,41,27,37,35,68,72,68,140,10,10,9,16,16
28.11.2007,Unicaja,Lietuvos Rytas,Unicaja,71,69,19,18,37,21,19,40,15,14,29,16,18,34,,,40,37,31,32,77,63,77,140,1,6,4,2,2
28.11.2007,Virtus Roma,Barcelona,Barcelona,65,74,9,22,31,22,15,37,19,23,42,15,14,29,,,31,37,34,37,68,71,68,139,13,3,10,9,9
28.11.2007,Aris,Anadolu Efes SK,Aris,67,64,14,17,31,18,8,26,13,14,27,22,25,47,,,32,25,35,39,57,74,57,131,3,10,6,3,3
28.11.2007,Asseco Gdynia,Montepaschi Siena,Montepaschi Siena,59,84,12,22,34,9,21,30,20,23,43,18,18,36,,,21,43,38,41,64,79,64,143,10,5,25,25,25
28.11.2007,Cibona,Le Mans,Cibona,91,71,21,22,43,20,18,38,26,18,44,24,13,37,,,41,40,50,31,81,81,81,162,1,10,9,20,20
22.11.2007,Barcelona,Real Madrid,Barcelona,73,62,24,13,37,24,23,47,6,15,21,19,11,30,,,48,36,25,26,84,51,84,135,11,11,3,11,11
22.11.2007,Aris,Olimpia Milano,Olimpia Milano,70,77,11,26,37,24,15,39,19,21,40,16,15,31,,,35,41,35,36,76,71,76,147,15,6,8,7,7
22.11.2007,Le Mans,Unicaja,Unicaja,74,83,20,27,47,21,27,48,18,6,24,15,23,38,,,41,54,33,29,95,62,95,157,7,21,1,9,9
22.11.2007,Maccabi Tel Aviv,Cibona,Maccabi Tel Aviv,80,74,21,22,43,19,7,26,28,22,50,12,23,35,,,40,29,40,45,69,85,69,154,1,11,17,6,6
22.11.2007,Fenerbahce Ulker,Bamberg,Fenerbahce Ulker,79,77,23,20,43,9,16,25,18,18,36,29,23,52,,,32,36,47,41,68,88,68,156,3,11,4,2,2
21.11.2007,Petrol Olimpija,Tau Ceramica,Tau Ceramica,78,92,16,30,46,15,21,36,22,19,41,25,22,47,,,31,51,47,41,82,88,82,170,14,4,17,14,14
21.11.2007,Chorale de Roanne,Panathinaikos,Panathinaikos,83,123,22,29,51,17,35,52,22,30,52,22,29,51,,,39,64,44,59,103,103,103,206,7,20,33,40,40
21.11.2007,Montepaschi Siena,Bologna,Montepaschi Siena,80,69,16,12,28,24,21,45,13,24,37,27,12,39,,,40,33,40,36,73,76,73,149,4,7,4,11,11
21.11.2007,Lietuvos Rytas,Anadolu Efes SK,Anadolu Efes SK,70,77,10,13,23,19,20,39,18,16,34,23,28,51,,,29,33,41,44,62,85,62,147,3,8,2,7,7
21.11.2007,Olympiacos,Asseco Gdynia,Olympiacos,109,65,31,14,45,21,16,37,34,14,48,23,21,44,,,52,30,57,35,82,92,82,174,17,27,42,44,44
21.11.2007,Partizan,Virtus Roma,Partizan,91,86,25,26,51,29,25,54,18,19,37,19,16,35,,,54,51,37,35,105,72,105,177,1,14,2,5,5
21.11.2007,CSKA Moscow,Zalgiris Kaunas,CSKA Moscow,78,70,25,20,45,18,16,34,19,21,40,16,13,29,,,43,36,35,34,79,69,79,148,5,1,5,8,8
15.11.2007,Panathinaikos,Barcelona,Panathinaikos,76,66,19,15,34,17,22,39,20,10,30,20,19,39,,,36,37,40,29,73,69,73,142,4,3,9,10,10
15.11.2007,Tau Ceramica,Montepaschi Siena,Tau Ceramica,76,61,21,13,34,17,17,34,15,16,31,23,15,38,,,38,30,38,31,68,69,68,137,8,8,7,15,15
15.11.2007,Virtus Roma,Bamberg,Virtus Roma,81,57,19,10,29,22,15,37,23,24,47,17,8,25,,,41,25,40,32,66,72,66,138,9,15,15,24,24
15.11.2007,Unicaja,Maccabi Tel Aviv,Unicaja,93,70,21,16,37,24,20,44,20,21,41,28,13,41,,,45,36,48,34,81,82,81,163,5,12,8,23,23
15.11.2007,Anadolu Efes SK,Le Mans,Anadolu Efes SK,66,63,13,25,38,20,11,31,7,15,22,26,12,38,,,33,36,33,27,69,60,69,129,12,3,11,3,3
15.11.2007,Zalgiris Kaunas,Petrol Olimpija,Zalgiris Kaunas,91,72,25,22,47,29,20,49,16,17,33,21,13,34,,,54,42,37,30,96,67,96,163,3,5,11,19,19
14.11.2007,Real Madrid,Partizan,Real Madrid,75,64,20,11,31,13,10,23,26,21,47,16,22,38,,,33,21,42,43,54,85,54,139,9,21,17,11,11
14.11.2007,Bologna,Asseco Gdynia,Asseco Gdynia,75,87,10,17,27,21,27,48,16,19,35,28,24,52,,,31,44,44,43,75,87,75,162,7,0,16,12,12
14.11.2007,Chorale de Roanne,Fenerbahce Ulker,Fenerbahce Ulker,90,97,33,24,57,21,25,46,12,20,32,24,28,52,,,54,49,36,48,103,84,103,187,9,13,3,7,7
14.11.2007,Lietuvos Rytas,Aris,Lietuvos Rytas,77,70,25,15,40,17,16,33,19,16,35,16,23,39,,,42,31,35,39,73,74,73,147,10,4,14,7,7
14.11.2007,Cibona,Olimpia Milano,Cibona,100,91,26,25,51,27,21,48,27,21,48,20,24,44,,,53,46,47,45,99,92,99,191,1,1,13,9,9
14.11.2007,CSKA Moscow,Olympiacos,CSKA Moscow,88,79,22,23,45,23,17,40,16,22,38,27,17,44,,,45,40,43,39,85,82,85,167,1,3,1,9,9
08.11.2007,Barcelona,Chorale de Roanne,Barcelona,82,76,20,14,34,22,20,42,17,17,34,23,25,48,,,42,34,40,42,76,82,76,158,6,6,8,6,6
08.11.2007,Olimpia Milano,Unicaja,Unicaja,65,74,23,20,43,16,17,33,11,14,25,15,23,38,,,39,37,26,37,76,63,76,139,3,11,1,9,9
08.11.2007,Olympiacos,Bologna,Olympiacos,104,76,22,11,33,24,25,49,32,26,58,26,14,40,,,46,36,58,40,82,98,82,180,11,22,16,28,28
08.11.2007,Asseco Gdynia,Tau Ceramica,Tau Ceramica,66,82,19,21,40,17,23,40,6,25,31,24,13,37,,,36,44,30,38,80,68,80,148,2,14,27,16,16
08.11.2007,Maccabi Tel Aviv,Anadolu Efes SK,Maccabi Tel Aviv,73,67,18,18,36,18,17,35,14,20,34,23,12,35,,,36,35,37,32,71,69,71,140,0,2,5,6,6
07.11.2007,Bamberg,Real Madrid,Real Madrid,49,59,17,16,33,14,14,28,8,14,22,10,15,25,,,31,30,18,29,61,47,61,108,1,12,5,10,10
07.11.2007,Partizan,Panathinaikos,Panathinaikos,90,94,16,24,40,25,22,47,29,23,52,20,25,45,,,41,46,49,48,87,97,87,184,8,3,1,4,4
07.11.2007,Petrol Olimpija,CSKA Moscow,Petrol Olimpija,74,72,23,22,45,17,21,38,14,12,26,20,17,37,,,40,43,34,29,83,63,83,146,1,9,1,2,2
07.11.2007,Le Mans,Lietuvos Rytas,Lietuvos Rytas,77,83,16,23,39,23,16,39,21,19,40,17,25,42,,,39,39,38,44,78,82,78,160,7,1,2,6,6
07.11.2007,Montepaschi Siena,Zalgiris Kaunas,Montepaschi Siena,89,64,21,10,31,22,19,41,23,26,49,23,9,32,,,43,29,46,35,72,81,72,153,11,17,11,25,25
07.11.2007,Aris,Cibona,Aris,77,73,21,21,42,12,19,31,21,21,42,23,12,35,,,33,40,44,33,73,77,73,150,0,4,7,4,4
06.11.2007,Fenerbahce Ulker,Virtus Roma,Fenerbahce Ulker,85,66,20,10,30,22,24,46,23,13,36,20,19,39,,,42,34,43,32,76,75,76,151,10,9,18,19,19
01.11.2007,Petrol Olimpija,Olympiacos,Petrol Olimpija,87,78,14,21,35,23,13,36,19,19,38,31,25,56,,,37,34,50,44,71,94,71,165,7,16,3,9,9
01.11.2007,Le Mans,Aris,Aris,66,69,19,18,37,8,21,29,22,13,35,17,17,34,,,27,39,39,30,66,69,66,135,1,0,3,3,3
01.11.2007,Tau Ceramica,Bologna,Tau Ceramica,98,71,26,19,45,23,15,38,29,13,42,20,24,44,,,49,34,49,37,83,86,83,169,7,15,31,27,27
01.11.2007,Barcelona,Fenerbahce Ulker,Barcelona,82,67,26,13,39,18,23,41,15,16,31,23,15,38,,,44,36,38,31,80,69,80,149,13,2,7,15,15
01.11.2007,Real Madrid,Virtus Roma,Real Madrid,89,83,29,17,46,16,25,41,21,22,43,23,19,42,,,45,42,44,41,87,85,87,172,12,2,2,6,6
01.11.2007,Lietuvos Rytas,Maccabi Tel Aviv,Lietuvos Rytas,92,74,22,14,36,24,17,41,26,22,48,20,21,41,,,46,31,46,43,77,89,77,166,8,15,19,18,18
31.10.2007,Unicaja,Cibona,Unicaja,102,64,21,18,39,33,16,49,24,14,38,24,16,40,,,54,34,48,30,88,78,88,166,3,14,30,38,38
31.10.2007,Chorale de Roanne,Partizan,Partizan,87,88,23,23,46,12,21,33,28,26,54,24,18,42,,,35,44,52,44,79,96,79,175,0,8,7,1,1
31.10.2007,Panathinaikos,Bamberg,Panathinaikos,66,61,20,17,37,13,12,25,21,16,37,12,16,28,,,33,29,33,32,62,65,62,127,3,4,9,5,5
31.10.2007,Anadolu Efes SK,Olimpia Milano,Anadolu Efes SK,80,70,20,18,38,26,10,36,23,24,47,11,18,29,,,46,28,34,42,74,76,74,150,2,6,17,10,10
31.10.2007,Zalgiris Kaunas,Asseco Gdynia,Zalgiris Kaunas,82,72,16,31,47,19,11,30,21,8,29,26,22,48,,,35,42,47,30,77,77,77,154,15,5,6,10,10
31.10.2007,CSKA Moscow,Montepaschi Siena,CSKA Moscow,74,70,20,18,38,16,15,31,24,19,43,14,18,32,,,36,33,38,37,69,75,69,144,2,5,8,4,4
25.10.2007,Bamberg,Chorale de Roanne,Chorale de Roanne,61,64,10,19,29,15,10,25,14,21,35,22,14,36,,,25,29,36,35,54,71,54,125,9,7,11,3,3
25.10.2007,Maccabi Tel Aviv,Le Mans,Maccabi Tel Aviv,74,71,25,23,48,16,19,35,15,20,35,18,9,27,,,41,42,33,29,83,62,83,145,2,9,6,3,3
25.10.2007,Olimpia Milano,Lietuvos Rytas,Lietuvos Rytas,76,83,16,26,42,13,18,31,22,17,39,25,22,47,,,29,44,47,39,73,86,73,159,10,3,10,7,7
25.10.2007,Olympiacos,Tau Ceramica,Olympiacos,95,90,26,20,46,29,17,46,15,28,43,25,25,50,,,55,37,40,53,92,93,92,185,6,3,5,5,5
25.10.2007,Fenerbahce Ulker,Real Madrid,Real Madrid,72,80,10,30,40,21,18,39,26,20,46,15,12,27,,,31,48,41,32,79,73,79,152,20,7,11,8,8
24.10.2007,Partizan,Barcelona,Partizan,81,78,15,20,35,27,21,48,20,13,33,19,24,43,,,42,41,39,37,83,76,83,159,5,2,8,3,3
24.10.2007,Bologna,Zalgiris Kaunas,Bologna,81,75,19,21,40,18,18,36,20,22,42,24,14,38,,,37,39,44,36,76,80,76,156,2,5,4,6,6
24.10.2007,Montepaschi Siena,Petrol Olimpija,Montepaschi Siena,80,52,20,18,38,30,8,38,9,15,24,21,11,32,,,50,26,30,26,76,56,76,132,2,4,18,28,28
24.10.2007,Aris,Unicaja,Aris,87,83,24,23,47,16,16,32,19,26,45,28,18,46,,,40,39,47,44,79,91,79,170,1,8,6,4,4
24.10.2007,Panathinaikos,Virtus Roma,Panathinaikos,86,83,20,26,46,15,19,34,27,13,40,24,25,49,,,35,45,51,38,80,89,80,169,6,6,4,3,3
24.10.2007,Cibona,Anadolu Efes SK,Cibona,93,85,21,28,49,26,26,52,28,16,44,18,15,33,,,47,54,46,31,101,77,101,178,7,8,5,8,8
22.10.2007,Asseco Gdynia,CSKA Moscow,CSKA Moscow,69,88,16,13,29,16,32,48,18,24,42,19,19,38,,,32,45,37,43,77,80,77,157,3,8,19,19,19
06.05.2007,Panathinaikos,CSKA Moscow,Panathinaikos,93,91,18,17,35,28,19,47,19,21,40,28,34,62,,,46,36,47,55,82,102,82,184,1,11,8,2,2
06.05.2007,Unicaja,Tau Ceramica,Unicaja,76,74,16,15,31,19,25,44,16,21,37,25,13,38,,,35,40,41,34,75,75,75,150,1,1,10,2,2
04.05.2007,Panathinaikos,Tau Ceramica,Panathinaikos,67,53,18,9,27,17,12,29,12,14,26,20,18,38,,,35,21,32,32,56,64,56,120,9,11,12,14,14
04.05.2007,CSKA Moscow,Unicaja,CSKA Moscow,62,50,18,15,33,15,9,24,11,20,31,18,6,24,,,33,24,29,26,57,55,57,112,3,5,0,12,12
12.04.2007,Unicaja,Barcelona,Unicaja,67,64,21,18,39,17,14,31,10,12,22,19,20,39,,,38,32,29,32,70,61,70,131,3,3,4,3,3
12.04.2007,CSKA Moscow,Maccabi Tel Aviv,CSKA Moscow,92,71,32,13,45,27,24,51,13,12,25,20,22,42,,,59,37,33,34,96,67,96,163,19,4,23,21,21
05.04.2007,Barcelona,Unicaja,Barcelona,80,58,23,14,37,18,16,34,23,18,41,16,10,26,,,41,30,39,28,71,67,71,138,9,9,16,22,22
05.04.2007,Maccabi Tel Aviv,CSKA Moscow,Maccabi Tel Aviv,68,56,11,11,22,24,14,38,20,10,30,13,21,34,,,35,25,33,31,60,64,60,124,0,8,20,12,12
05.04.2007,Olympiacos,Tau Ceramica,Tau Ceramica,89,95,19,16,35,22,28,50,16,20,36,32,31,63,,,41,44,48,51,85,99,85,184,3,4,7,6,6
05.04.2007,Dynamo Moscow,Panathinaikos,Panathinaikos,65,73,12,16,28,18,20,38,16,22,38,19,15,34,,,30,36,35,37,66,72,66,138,4,1,12,8,8
03.04.2007,Unicaja,Barcelona,Unicaja,91,75,17,24,41,29,16,45,26,19,45,19,16,35,,,46,40,45,35,86,80,86,166,7,5,13,16,16
03.04.2007,Tau Ceramica,Olympiacos,Tau Ceramica,84,59,20,12,32,20,16,36,19,12,31,25,19,44,,,40,28,44,31,68,75,68,143,8,16,19,25,25
03.04.2007,Panathinaikos,Dynamo Moscow,Panathinaikos,80,58,23,11,34,23,16,39,17,11,28,17,20,37,,,46,27,34,31,73,65,73,138,12,7,25,22,22
03.04.2007,CSKA Moscow,Maccabi Tel Aviv,CSKA Moscow,80,58,21,6,27,19,16,35,16,12,28,24,24,48,,,40,22,40,36,62,76,62,138,15,18,22,22,22
22.03.2007,Olympiacos,Joventut Badalona,Olympiacos,81,65,26,21,47,18,15,33,20,12,32,17,17,34,,,44,36,37,29,80,66,80,146,5,1,16,16,16
22.03.2007,Partizan,CSKA Moscow,CSKA Moscow,55,86,10,23,33,10,18,28,18,21,39,17,24,41,,,20,41,35,45,61,80,61,141,13,6,24,31,31
22.03.2007,Tau Ceramica,Pau-Orthez,Tau Ceramica,93,75,29,11,40,18,23,41,24,13,37,22,28,50,,,47,34,46,41,81,87,81,168,18,12,24,18,18
22.03.2007,Maccabi Tel Aviv,Virtus Roma,Maccabi Tel Aviv,79,72,12,19,31,24,16,40,24,12,36,19,25,44,,,36,35,43,37,71,80,71,151,7,8,13,7,7
21.03.2007,Aris,Unicaja,Aris,83,65,17,12,29,21,11,32,20,14,34,25,28,53,,,38,23,45,42,61,87,61,148,5,22,21,18,18
21.03.2007,Asseco Gdynia,Anadolu Efes SK,Anadolu Efes SK,64,72,18,24,42,13,21,34,12,14,26,21,13,34,,,31,45,33,27,76,60,76,136,6,12,16,8,8
21.03.2007,Barcelona,Panathinaikos,Barcelona,87,66,14,20,34,27,15,42,21,11,32,25,20,45,,,41,35,46,31,76,77,76,153,6,11,16,21,21
21.03.2007,Dynamo Moscow,Treviso,Dynamo Moscow,68,65,13,16,29,10,19,29,20,8,28,15,15,30,,,23,35,35,23,58,58,58,116,3,0,0,0,3
15.03.2007,Unicaja,Dynamo Moscow,Unicaja,73,62,23,16,39,23,17,40,19,8,27,8,21,29,,,46,33,27,29,79,56,79,135,7,6,24,11,11
15.03.2007,Virtus Roma,Tau Ceramica,Tau Ceramica,72,77,24,19,43,16,21,37,13,18,31,19,19,38,,,40,40,32,37,80,69,80,149,5,8,5,5,5
15.03.2007,Pau-Orthez,Maccabi Tel Aviv,Maccabi Tel Aviv,94,98,20,26,46,25,22,47,13,19,32,31,22,53,,,45,48,44,41,93,85,93,178,6,4,9,0,4
15.03.2007,Panathinaikos,Asseco Gdynia,Panathinaikos,95,68,21,16,37,26,12,38,24,23,47,24,17,41,,,47,28,48,40,75,88,75,163,5,20,20,27,27
14.03.2007,Joventut Badalona,Partizan,Partizan,80,89,22,21,43,28,22,50,16,24,40,14,22,36,,,50,43,30,46,93,76,93,169,1,13,1,9,9
14.03.2007,Treviso,Aris,Treviso,83,72,25,14,39,18,19,37,22,18,40,18,21,39,,,43,33,40,39,76,79,76,155,11,7,14,11,11
14.03.2007,Anadolu Efes SK,Barcelona,Anadolu Efes SK,82,78,24,17,41,22,22,44,21,17,38,15,22,37,,,46,39,36,39,85,75,85,160,7,3,11,4,4
14.03.2007,CSKA Moscow,Olympiacos,CSKA Moscow,83,79,14,20,34,25,17,42,23,19,42,21,23,44,,,39,37,44,42,76,86,76,162,6,7,6,4,4
08.03.2007,Treviso,Unicaja,Unicaja,76,79,20,21,41,17,16,33,16,23,39,23,19,42,,,37,37,39,42,74,81,74,155,1,2,7,3,3
08.03.2007,Anadolu Efes SK,Panathinaikos,Panathinaikos,65,79,20,15,35,15,20,35,20,20,40,10,24,34,,,35,35,30,44,70,74,70,144,5,5,0,14,14
08.03.2007,Dynamo Moscow,Aris,Dynamo Moscow,71,69,21,17,38,17,21,38,15,21,36,18,10,28,,,38,38,33,31,76,64,76,140,4,5,6,2,2
08.03.2007,Asseco Gdynia,Barcelona,Barcelona,59,77,21,24,45,11,21,32,20,14,34,7,18,25,,,32,45,27,32,77,59,77,136,3,18,7,18,18
07.03.2007,Joventut Badalona,CSKA Moscow,CSKA Moscow,65,73,17,21,38,15,21,36,13,16,29,20,15,35,,,32,42,33,31,74,64,74,138,4,9,13,8,8
07.03.2007,Tau Ceramica,Maccabi Tel Aviv,Tau Ceramica,94,73,25,15,40,25,18,43,20,21,41,24,19,43,,,50,33,44,40,83,84,83,167,10,11,16,21,21
07.03.2007,Pau-Orthez,Virtus Roma,Pau-Orthez,74,69,23,19,42,18,19,37,14,14,28,19,17,36,,,41,38,33,31,79,64,79,143,4,5,3,5,5
07.03.2007,Olympiacos,Partizan,Olympiacos,79,75,23,16,39,14,13,27,17,26,43,25,20,45,,,37,29,42,46,66,88,66,154,7,13,1,4,4
01.03.2007,Barcelona,Anadolu Efes SK,Barcelona,82,73,17,20,37,20,10,30,22,29,51,23,14,37,,,37,30,45,43,67,88,67,155,3,15,0,9,9
01.03.2007,Partizan,Joventut Badalona,Partizan,85,70,23,17,40,19,18,37,19,18,37,24,17,41,,,42,35,43,35,77,78,77,155,6,8,8,15,15
01.03.2007,Aris,Treviso,Treviso,79,80,20,27,47,18,14,32,20,13,33,21,26,47,,,38,41,41,39,79,80,79,159,7,0,4,1,1
01.03.2007,Maccabi Tel Aviv,Pau-Orthez,Maccabi Tel Aviv,74,70,23,20,43,15,20,35,12,16,28,24,14,38,,,38,40,36,30,78,66,78,144,3,4,6,4,4
01.03.2007,Olympiacos,CSKA Moscow,CSKA Moscow,64,85,17,27,44,8,20,28,25,22,47,14,16,30,,,25,47,39,38,72,77,72,149,10,8,19,21,21
28.02.2007,Tau Ceramica,Virtus Roma,Tau Ceramica,99,56,26,13,39,22,19,41,28,8,36,23,16,39,,,48,32,51,24,80,75,80,155,13,19,36,43,43
28.02.2007,Asseco Gdynia,Panathinaikos,Panathinaikos,69,75,16,17,33,20,13,33,12,21,33,21,24,45,,,36,30,33,45,66,78,66,144,1,3,3,6,6
28.02.2007,Dynamo Moscow,Unicaja,Dynamo Moscow,86,80,18,14,32,28,16,44,19,36,55,21,14,35,,,46,30,40,50,76,90,76,166,4,10,1,6,6
22.02.2007,Joventut Badalona,Olympiacos,Joventut Badalona,58,56,20,19,39,11,10,21,11,8,19,16,19,35,,,31,29,27,27,60,54,60,114,1,2,5,2,2
22.02.2007,Pau-Orthez,Tau Ceramica,Tau Ceramica,89,99,19,29,48,17,30,47,22,16,38,31,24,55,,,36,59,53,40,95,93,95,188,10,6,17,10,10
22.02.2007,Virtus Roma,Maccabi Tel Aviv,Maccabi Tel Aviv,69,71,16,16,32,12,19,31,17,10,27,24,26,50,,,28,35,41,36,63,77,63,140,0,6,0,2,2
22.02.2007,Anadolu Efes SK,Asseco Gdynia,Asseco Gdynia,67,71,16,11,27,10,22,32,13,17,30,22,11,33,,,26,33,35,28,59,63,59,122,5,2,11,0,4
21.02.2007,Treviso,Dynamo Moscow,Treviso,74,55,25,9,34,17,18,35,17,14,31,15,14,29,,,42,27,32,28,69,60,69,129,16,5,18,19,19
21.02.2007,Unicaja,Aris,Unicaja,76,74,21,17,38,13,16,29,21,17,38,21,24,45,,,34,33,42,41,67,83,67,150,4,9,5,2,2
21.02.2007,Panathinaikos,Barcelona,Panathinaikos,102,82,32,15,47,19,16,35,23,27,50,28,24,52,,,51,31,51,51,82,102,82,184,17,20,16,20,20
21.02.2007,CSKA Moscow,Partizan,CSKA Moscow,67,44,21,14,35,16,13,29,13,8,21,17,9,26,,,37,27,30,17,64,47,64,111,7,3,15,23,23
15.02.2007,Barcelona,Asseco Gdynia,Barcelona,92,73,24,17,41,21,12,33,23,17,40,24,27,51,,,45,29,47,44,74,91,74,165,7,18,22,19,19
15.02.2007,Unicaja,Treviso,Unicaja,75,61,27,10,37,12,16,28,21,17,38,15,18,33,,,39,26,36,35,65,71,65,136,17,10,17,14,14
15.02.2007,Aris,Dynamo Moscow,Dynamo Moscow,74,86,22,23,45,21,20,41,18,18,36,13,25,38,,,43,43,31,43,86,74,86,160,1,12,0,12,12
15.02.2007,Maccabi Tel Aviv,Tau Ceramica,Tau Ceramica,68,79,24,30,54,13,8,21,17,19,36,14,22,36,,,37,38,31,41,75,72,75,147,6,7,3,11,11
15.02.2007,Panathinaikos,Anadolu Efes SK,Panathinaikos,84,57,19,12,31,21,10,31,19,22,41,25,13,38,,,40,22,44,35,62,79,62,141,7,22,15,27,27
14.02.2007,Partizan,Olympiacos,Olympiacos,84,92,19,30,49,15,22,37,19,18,37,31,22,53,,,34,52,50,40,86,90,86,176,11,2,17,8,8
14.02.2007,Virtus Roma,Pau-Orthez,Virtus Roma,78,68,25,19,44,17,12,29,18,19,37,18,18,36,,,42,31,36,37,73,73,73,146,6,5,10,10,10
14.02.2007,CSKA Moscow,Joventut Badalona,CSKA Moscow,81,69,22,23,45,23,22,45,20,6,26,16,18,34,,,45,45,36,24,90,60,90,150,1,9,14,12,12
01.02.2007,Anadolu Efes SK,Dynamo Moscow,Dynamo Moscow,72,76,23,18,41,12,13,25,22,29,51,15,16,31,,,35,31,37,45,66,82,66,148,5,6,3,4,4
01.02.2007,Asseco Gdynia,Fortitudo Bologna,Fortitudo Bologna,78,84,16,24,40,26,13,39,10,20,30,26,27,53,,,42,37,36,47,79,83,79,162,8,1,5,6,6
01.02.2007,Joventut Badalona,Petrol Olimpija,Petrol Olimpija,82,86,24,17,41,20,26,46,22,19,41,16,24,40,,,44,43,38,43,87,81,87,168,7,5,4,4,4
01.02.2007,Maccabi Tel Aviv,Panathinaikos,Maccabi Tel Aviv,76,73,12,24,36,21,13,34,19,22,41,24,14,38,,,33,37,43,36,70,79,70,149,12,6,7,3,3
01.02.2007,Olympiacos,Koln 99ers,Olympiacos,77,73,20,17,37,27,20,47,12,16,28,18,20,38,,,47,37,30,36,84,66,84,150,3,7,6,4,4
01.02.2007,Partizan,Unicaja,Unicaja,90,94,12,22,34,24,19,43,12,16,28,35,26,61,,,36,41,47,42,77,89,77,166,10,6,9,0,4
01.02.2007,Tau Ceramica,Le Mans,Tau Ceramica,86,54,28,13,41,20,9,29,20,14,34,18,18,36,,,48,22,38,32,70,70,70,140,15,16,32,32,32
01.02.2007,Virtus Roma,Cibona,Virtus Roma,81,58,23,17,40,24,16,40,19,10,29,15,15,30,,,47,33,34,25,80,59,80,139,6,1,23,23,23
31.01.2007,Aris,Barcelona,Barcelona,75,82,19,24,43,15,19,34,20,16,36,18,13,31,,,34,43,38,29,77,67,77,144,5,5,5,0,7
31.01.2007,Pau-Orthez,Zalgiris Kaunas,Pau-Orthez,68,56,14,16,30,16,15,31,19,13,32,19,12,31,,,30,31,38,25,61,63,61,124,2,7,5,12,12
31.01.2007,SS Basket Napoli,Treviso,Treviso,62,64,19,15,34,16,13,29,15,14,29,12,22,34,,,35,28,27,36,63,63,63,126,4,1,8,2,2
31.01.2007,CSKA Moscow,Fenerbahce Ulker,CSKA Moscow,85,66,21,10,31,16,19,35,20,17,37,28,20,48,,,37,29,48,37,66,85,66,151,11,19,11,19,19
25.01.2007,Barcelona,CSKA Moscow,CSKA Moscow,70,78,24,17,41,19,10,29,7,21,28,15,17,32,,,43,27,22,38,70,60,70,130,7,5,2,0,8
25.01.2007,Petrol Olimpija,Maccabi Tel Aviv,Petrol Olimpija,77,75,18,20,38,14,22,36,24,16,40,21,17,38,,,32,42,45,33,74,78,74,152,2,3,2,2,2
25.01.2007,Le Mans,Koln 99ers,Le Mans,69,60,20,25,45,14,13,27,15,8,23,20,14,34,,,34,38,35,22,72,57,72,129,5,3,3,9,9
25.01.2007,Zalgiris Kaunas,Aris,Zalgiris Kaunas,77,66,29,18,47,21,12,33,14,23,37,13,13,26,,,50,30,27,36,80,63,80,143,11,3,11,11,11
25.01.2007,Fenerbahce Ulker,SS Basket Napoli,SS Basket Napoli,88,93,29,16,45,18,20,38,13,22,35,13,15,28,,,47,36,26,37,83,63,83,146,13,10,2,0,5
25.01.2007,Dynamo Moscow,Olympiacos,Dynamo Moscow,84,69,22,18,40,23,15,38,11,16,27,28,20,48,,,45,33,39,36,78,75,78,153,4,6,7,15,15
24.01.2007,Fortitudo Bologna,Anadolu Efes SK,Anadolu Efes SK,74,76,16,23,39,18,15,33,15,13,28,25,25,50,,,34,38,40,38,72,78,72,150,7,2,2,2,2
24.01.2007,Treviso,Pau-Orthez,Treviso,87,66,16,21,37,32,12,44,20,12,32,19,21,40,,,48,33,39,33,81,72,81,153,5,6,23,21,21
24.01.2007,Unicaja,Virtus Roma,Unicaja,68,66,19,18,37,15,15,30,25,21,46,9,12,21,,,34,33,34,33,67,67,67,134,1,1,5,2,2
24.01.2007,Tau Ceramica,Asseco Gdynia,Tau Ceramica,76,64,28,20,48,14,19,33,12,9,21,22,16,38,,,42,39,34,25,81,59,81,140,8,5,6,12,12
24.01.2007,Panathinaikos,Partizan,Partizan,80,93,19,22,41,15,24,39,29,23,52,17,24,41,,,34,46,46,47,80,93,80,173,3,0,6,13,13
24.01.2007,Cibona,Joventut Badalona,Cibona,77,74,28,19,47,22,16,38,9,25,34,18,14,32,,,50,35,27,39,85,66,85,151,9,8,1,3,3
18.01.2007,Joventut Badalona,Virtus Roma,Virtus Roma,72,83,16,25,41,20,17,37,16,19,35,20,22,42,,,36,42,36,41,78,77,78,155,9,6,9,11,11
18.01.2007,Le Mans,Dynamo Moscow,Dynamo Moscow,69,70,19,14,33,15,22,37,17,15,32,18,19,37,,,34,36,35,34,70,69,70,139,5,1,0,1,1
18.01.2007,Aris,Treviso,Aris,65,60,20,15,35,10,19,29,16,15,31,19,11,30,,,30,34,35,26,64,61,64,125,5,1,3,5,5
18.01.2007,Asseco Gdynia,Koln 99ers,Asseco Gdynia,72,61,11,19,30,22,21,43,20,9,29,19,12,31,,,33,40,39,21,73,60,73,133,8,1,4,11,11
18.01.2007,Maccabi Tel Aviv,Cibona,Maccabi Tel Aviv,91,83,19,29,48,20,17,37,27,20,47,25,17,42,,,39,46,52,37,85,89,85,174,10,6,0,8,8
18.01.2007,Fenerbahce Ulker,Barcelona,Fenerbahce Ulker,82,69,16,20,36,16,16,32,21,16,37,29,17,46,,,32,36,50,33,68,83,68,151,4,14,1,13,13
17.01.2007,Fortitudo Bologna,Tau Ceramica,Fortitudo Bologna,90,82,25,24,49,27,19,46,17,17,34,21,22,43,,,52,43,38,39,95,77,95,172,1,5,9,8,8
17.01.2007,Partizan,Petrol Olimpija,Partizan,106,60,26,16,42,32,12,44,19,17,36,29,15,44,,,58,28,48,32,86,80,86,166,10,20,32,46,46
17.01.2007,Unicaja,Panathinaikos,Unicaja,67,61,15,18,33,19,12,31,12,16,28,21,15,36,,,34,30,33,31,64,64,64,128,3,3,0,6,6
17.01.2007,Pau-Orthez,SS Basket Napoli,SS Basket Napoli,68,72,18,18,36,22,15,37,19,18,37,9,21,30,,,40,33,28,39,73,67,73,140,0,5,8,4,4
17.01.2007,Olympiacos,Anadolu Efes SK,Anadolu Efes SK,72,91,17,16,33,11,20,31,12,31,43,32,24,56,,,28,36,44,55,64,99,64,163,1,8,27,19,19
17.01.2007,CSKA Moscow,Zalgiris Kaunas,CSKA Moscow,88,72,24,17,41,19,14,33,18,26,44,27,15,42,,,43,31,45,41,74,86,74,160,7,14,4,16,16
11.01.2007,Cibona,Partizan,Cibona,89,72,18,16,34,23,26,49,24,20,44,24,10,34,,,41,42,48,30,83,78,83,161,2,6,3,17,17
11.01.2007,Joventut Badalona,Maccabi Tel Aviv,Joventut Badalona,98,92,20,26,46,28,28,56,23,22,45,27,16,43,,,48,54,50,38,102,88,102,190,6,4,5,6,6
11.01.2007,SS Basket Napoli,Barcelona,SS Basket Napoli,66,64,20,18,38,7,21,28,18,13,31,21,12,33,,,27,39,39,25,66,64,66,130,2,0,7,2,2
11.01.2007,Virtus Roma,Panathinaikos,Panathinaikos,69,79,11,17,28,15,17,32,21,24,45,22,21,43,,,26,34,43,45,60,88,60,148,6,9,11,10,10
11.01.2007,Olympiacos,Le Mans,Olympiacos,80,76,20,22,42,15,15,30,21,23,44,24,16,40,,,35,37,45,39,72,84,72,156,2,8,4,4,4
11.01.2007,Zalgiris Kaunas,Fenerbahce Ulker,Fenerbahce Ulker,70,83,15,19,34,24,20,44,18,23,41,13,21,34,,,39,39,31,44,78,75,78,153,4,8,5,13,13
11.01.2007,Dynamo Moscow,Asseco Gdynia,Dynamo Moscow,95,74,24,14,38,18,20,38,36,19,55,17,21,38,,,42,34,53,40,76,93,76,169,10,19,25,21,21
10.01.2007,Petrol Olimpija,Unicaja,Petrol Olimpija,87,59,18,11,29,19,11,30,29,16,45,21,21,42,,,37,22,50,37,59,87,59,146,7,28,28,28,28
10.01.2007,Treviso,CSKA Moscow,CSKA Moscow,60,68,18,19,37,15,19,34,11,20,31,16,10,26,,,33,38,27,30,71,57,71,128,1,11,14,8,8
10.01.2007,Pau-Orthez,Aris,Pau-Orthez,77,62,15,12,27,22,12,34,17,17,34,23,21,44,,,37,24,40,38,61,78,61,139,3,16,13,15,15
10.01.2007,Koln 99ers,Fortitudo Bologna,Fortitudo Bologna,78,90,19,21,40,23,24,47,18,19,37,18,26,44,,,42,45,36,45,87,81,87,168,2,9,4,12,12
10.01.2007,Anadolu Efes SK,Tau Ceramica,Tau Ceramica,78,84,15,18,33,17,25,42,26,19,45,20,22,42,,,32,43,46,41,75,87,75,162,3,3,4,6,6
04.01.2007,Fortitudo Bologna,Dynamo Moscow,Dynamo Moscow,80,101,22,22,44,22,25,47,19,27,46,17,27,44,,,44,47,36,54,91,90,91,181,0,11,11,21,21
04.01.2007,Unicaja,Cibona,Unicaja,73,67,24,12,36,18,17,35,15,14,29,16,24,40,,,42,29,31,38,71,69,71,140,12,2,14,6,6
04.01.2007,Virtus Roma,Maccabi Tel Aviv,Virtus Roma,88,81,14,10,24,21,22,43,18,20,38,19,20,39,,,35,32,37,40,67,77,67,144,4,5,1,0,7
04.01.2007,Le Mans,Anadolu Efes SK,Anadolu Efes SK,67,71,20,18,38,14,16,30,17,21,38,16,16,32,,,34,34,33,37,68,70,68,138,2,1,4,4,4
04.01.2007,Asseco Gdynia,Olympiacos,Olympiacos,64,73,13,22,35,15,16,31,17,16,33,19,19,38,,,28,38,36,35,66,71,66,137,9,2,9,9,9
03.01.2007,Barcelona,Zalgiris Kaunas,Barcelona,84,67,28,12,40,21,18,39,15,27,42,20,10,30,,,49,30,35,37,79,72,79,151,16,5,7,17,17
03.01.2007,Tau Ceramica,Koln 99ers,Tau Ceramica,97,68,24,12,36,26,19,45,30,18,48,17,19,36,,,50,31,47,37,81,84,81,165,12,16,31,29,29
03.01.2007,Aris,SS Basket Napoli,Aris,80,72,22,16,38,15,14,29,24,19,43,19,23,42,,,37,30,43,42,67,85,67,152,6,13,12,8,8
03.01.2007,Panathinaikos,Petrol Olimpija,Panathinaikos,83,74,25,22,47,22,15,37,18,19,37,18,18,36,,,47,37,36,37,84,73,84,157,3,1,9,9,9
03.01.2007,Partizan,Joventut Badalona,Joventut Badalona,74,83,22,21,43,19,13,32,14,17,31,19,32,51,,,41,34,33,49,75,82,75,157,1,1,4,9,9
03.01.2007,Fenerbahce Ulker,Treviso,Fenerbahce Ulker,70,58,18,11,29,18,17,35,21,18,39,13,12,25,,,36,28,34,30,64,64,64,128,7,6,11,12,12
03.01.2007,CSKA Moscow,Pau-Orthez,CSKA Moscow,78,58,18,11,29,12,9,21,29,20,49,19,18,37,,,30,20,48,38,50,86,50,136,7,28,19,20,20
21.12.2006,SS Basket Napoli,Zalgiris Kaunas,SS Basket Napoli,92,87,21,21,42,22,17,39,25,23,48,24,26,50,,,43,38,49,49,81,98,81,179,0,11,7,5,5
21.12.2006,Treviso,Barcelona,Treviso,68,67,14,18,32,23,16,39,8,13,21,23,20,43,,,37,34,31,33,71,64,71,135,4,3,2,1,1
21.12.2006,Pau-Orthez,Fenerbahce Ulker,Pau-Orthez,89,67,28,17,45,18,17,35,19,21,40,24,12,36,,,46,34,43,33,80,76,80,156,11,9,10,22,22
21.12.2006,Maccabi Tel Aviv,Partizan,Maccabi Tel Aviv,85,83,10,22,32,24,19,43,26,12,38,25,30,55,,,34,41,51,42,75,93,75,168,12,10,7,2,2
21.12.2006,Cibona,Panathinaikos,Panathinaikos,75,78,19,17,36,22,18,40,12,16,28,22,27,49,,,41,35,34,43,76,77,76,153,2,1,2,3,3
20.12.2006,Joventut Badalona,Unicaja,Joventut Badalona,105,52,27,13,40,26,15,41,24,17,41,28,7,35,,,53,28,52,24,81,76,81,157,14,24,32,53,53
20.12.2006,Virtus Roma,Petrol Olimpija,Virtus Roma,84,74,21,11,32,26,22,48,11,10,21,26,31,57,,,47,33,37,41,80,78,80,158,10,4,15,10,10
20.12.2006,Le Mans,Asseco Gdynia,Asseco Gdynia,73,84,23,22,45,15,19,34,16,23,39,19,20,39,,,38,41,35,43,79,78,79,157,1,6,10,11,11
20.12.2006,Aris,CSKA Moscow,CSKA Moscow,62,65,14,13,27,17,17,34,14,21,35,17,14,31,,,31,30,31,35,61,66,61,127,1,1,6,3,3
20.12.2006,Olympiacos,Fortitudo Bologna,Olympiacos,94,67,24,11,35,17,18,35,33,17,50,20,21,41,,,41,29,53,38,70,91,70,161,13,24,28,27,27
20.12.2006,Anadolu Efes SK,Koln 99ers,Anadolu Efes SK,91,76,29,22,51,20,17,37,17,20,37,25,17,42,,,49,39,42,37,88,79,88,167,7,3,7,15,15
20.12.2006,Dynamo Moscow,Tau Ceramica,Tau Ceramica,78,82,19,23,42,19,21,40,15,15,30,25,23,48,,,38,44,40,38,82,78,82,160,4,4,6,4,4
14.12.2006,Barcelona,Pau-Orthez,Barcelona,93,75,24,18,42,28,12,40,20,21,41,21,24,45,,,52,30,41,45,82,86,82,168,6,11,21,18,18
14.12.2006,Partizan,Virtus Roma,Partizan,73,63,17,10,27,14,20,34,20,13,33,22,20,42,,,31,30,42,33,61,75,61,136,7,12,8,10,10
14.12.2006,Petrol Olimpija,Cibona,Petrol Olimpija,92,88,15,18,33,23,15,38,28,24,52,17,26,43,,,38,33,45,50,71,95,71,166,3,12,9,0,4
14.12.2006,Unicaja,Maccabi Tel Aviv,Maccabi Tel Aviv,67,83,19,22,41,14,18,32,21,25,46,13,18,31,,,33,40,34,43,73,77,73,150,3,6,11,16,16
14.12.2006,Koln 99ers,Dynamo Moscow,Dynamo Moscow,82,96,14,20,34,18,19,37,31,28,59,19,29,48,,,32,39,50,57,71,107,71,178,6,11,4,14,14
14.12.2006,Asseco Gdynia,Anadolu Efes SK,Anadolu Efes SK,74,81,17,14,31,13,14,27,24,19,43,20,34,54,,,30,28,44,53,58,97,58,155,3,16,7,7,7
14.12.2006,Panathinaikos,Joventut Badalona,Panathinaikos,83,73,33,15,48,21,19,40,11,21,32,18,18,36,,,54,34,29,39,88,68,88,156,18,5,10,10,10
14.12.2006,Zalgiris Kaunas,Treviso,Treviso,76,86,22,21,43,20,20,40,20,27,47,14,18,32,,,42,41,34,45,83,79,83,162,1,7,6,10,10
13.12.2006,Fortitudo Bologna,Le Mans,Fortitudo Bologna,83,71,15,18,33,19,13,32,21,18,39,28,22,50,,,34,31,49,40,65,89,65,154,3,18,6,12,12
13.12.2006,Tau Ceramica,Olympiacos,Tau Ceramica,89,74,19,20,39,19,19,38,26,18,44,25,17,42,,,38,39,51,35,77,86,77,163,1,12,7,15,15
13.12.2006,CSKA Moscow,SS Basket Napoli,CSKA Moscow,82,72,28,7,35,25,25,50,18,19,37,11,21,32,,,53,32,29,40,85,69,85,154,21,3,20,10,10
13.12.2006,Fenerbahce Ulker,Aris,Aris,80,86,19,23,42,20,16,36,17,23,40,24,24,48,,,39,39,41,47,78,88,78,166,4,2,6,6,6
07.12.2006,Barcelona,Aris,Barcelona,86,83,23,19,42,26,21,47,18,21,39,19,22,41,,,49,40,37,43,89,80,89,169,4,3,6,3,3
07.12.2006,Petrol Olimpija,Joventut Badalona,Joventut Badalona,67,69,24,17,41,15,14,29,11,21,32,17,17,34,,,39,31,28,38,70,66,70,136,7,3,2,2,2
07.12.2006,Treviso,SS Basket Napoli,SS Basket Napoli,64,70,17,12,29,14,13,27,10,18,28,23,27,50,,,31,25,33,45,56,78,56,134,5,8,2,6,6
07.12.2006,Panathinaikos,Maccabi Tel Aviv,Panathinaikos,90,88,21,18,39,26,27,53,21,20,41,22,23,45,,,47,45,43,43,92,86,92,178,3,2,3,2,2
07.12.2006,Zalgiris Kaunas,Pau-Orthez,Pau-Orthez,106,110,26,12,38,25,25,50,18,29,47,19,22,41,,,51,37,37,51,88,88,88,176,14,0,3,0,4
07.12.2006,Cibona,Virtus Roma,Cibona,91,84,21,19,40,23,22,45,12,20,32,19,14,33,,,44,41,31,34,85,65,85,150,2,10,5,0,7
07.12.2006,Dynamo Moscow,Anadolu Efes SK,Dynamo Moscow,90,83,27,18,45,18,22,40,24,21,45,21,22,43,,,45,40,45,43,85,88,85,173,9,5,8,7,7
06.12.2006,Fortitudo Bologna,Asseco Gdynia,Asseco Gdynia,77,91,25,20,45,20,24,44,21,19,40,11,28,39,,,45,44,32,47,89,79,89,168,5,12,3,14,14
06.12.2006,Le Mans,Tau Ceramica,Tau Ceramica,76,79,25,27,52,15,23,38,16,16,32,20,13,33,,,40,50,36,29,90,65,90,155,2,14,10,3,3
06.12.2006,Koln 99ers,Olympiacos,Olympiacos,81,88,29,32,61,18,19,37,14,21,35,20,16,36,,,47,51,34,37,98,71,98,169,3,17,11,7,7
06.12.2006,Unicaja,Partizan,Unicaja,66,58,22,16,38,17,13,30,20,22,42,7,7,14,,,39,29,27,29,68,56,68,124,6,2,8,8,8
06.12.2006,Fenerbahce Ulker,CSKA Moscow,CSKA Moscow,64,74,17,15,32,20,16,36,10,20,30,17,23,40,,,37,31,27,43,68,70,68,138,2,4,4,10,10
30.11.2006,Joventut Badalona,Cibona,Joventut Badalona,83,73,18,22,40,27,14,41,22,21,43,16,16,32,,,45,36,38,37,81,75,81,156,4,2,10,10,10
30.11.2006,Pau-Orthez,Treviso,Treviso,73,86,14,18,32,20,21,41,21,22,43,18,25,43,,,34,39,39,47,73,86,73,159,4,0,6,13,13
30.11.2006,SS Basket Napoli,Fenerbahce Ulker,Fenerbahce Ulker,78,83,13,16,29,24,16,40,12,14,26,18,21,39,,,37,32,30,35,69,65,69,134,3,2,3,0,5
30.11.2006,Aris,Zalgiris Kaunas,Aris,73,66,27,14,41,14,18,32,17,21,38,15,13,28,,,41,32,32,34,73,66,73,139,13,0,5,7,7
30.11.2006,Asseco Gdynia,Tau Ceramica,Tau Ceramica,70,75,18,20,38,17,16,33,17,26,43,18,13,31,,,35,36,35,39,71,74,71,145,2,1,10,5,5
30.11.2006,Maccabi Tel Aviv,Petrol Olimpija,Maccabi Tel Aviv,110,87,24,26,50,29,17,46,28,9,37,29,35,64,,,53,43,57,44,96,101,96,197,2,14,29,23,23
30.11.2006,Olympiacos,Dynamo Moscow,Olympiacos,86,73,21,16,37,24,16,40,20,25,45,21,16,37,,,45,32,41,41,77,82,77,159,5,9,8,13,13
30.11.2006,Koln 99ers,Le Mans,Le Mans,73,79,20,14,34,16,28,44,16,17,33,21,20,41,,,36,42,37,37,78,74,78,152,6,5,7,6,6
29.11.2006,Virtus Roma,Unicaja,Unicaja,65,71,17,17,34,18,17,35,17,20,37,13,17,30,,,35,34,30,37,69,67,69,136,0,4,2,6,6
29.11.2006,Anadolu Efes SK,Fortitudo Bologna,Fortitudo Bologna,72,74,22,20,42,15,16,31,22,12,34,13,26,39,,,37,36,35,38,73,73,73,146,2,1,11,2,2
29.11.2006,CSKA Moscow,Barcelona,CSKA Moscow,76,57,15,15,30,24,20,44,15,12,27,22,10,32,,,39,35,37,22,74,59,74,133,0,2,7,19,19
29.11.2006,Partizan,Panathinaikos,Panathinaikos,65,73,16,19,35,18,11,29,15,21,36,16,22,38,,,34,30,31,43,64,74,64,138,3,1,2,8,8
23.11.2006,Barcelona,Fenerbahce Ulker,Barcelona,84,70,28,16,44,26,19,45,10,18,28,20,17,37,,,54,35,30,35,89,65,89,154,12,5,11,14,14
23.11.2006,SS Basket Napoli,Pau-Orthez,Pau-Orthez,84,96,16,22,38,19,19,38,25,14,39,17,22,39,,,35,41,42,36,76,78,76,154,6,1,5,0,12
23.11.2006,Treviso,Aris,Treviso,64,42,16,18,34,20,7,27,13,13,26,15,4,19,,,36,25,28,17,61,45,61,106,2,3,11,22,22
23.11.2006,Koln 99ers,Asseco Gdynia,Koln 99ers,84,80,18,26,44,24,17,41,20,11,31,22,26,48,,,42,43,42,37,85,79,85,164,8,1,8,4,4
23.11.2006,Panathinaikos,Unicaja,Panathinaikos,87,72,28,19,47,19,20,39,20,15,35,20,18,38,,,47,39,40,33,86,73,86,159,9,1,13,15,15
23.11.2006,Zalgiris Kaunas,CSKA Moscow,CSKA Moscow,59,78,19,14,33,15,21,36,16,20,36,9,23,32,,,34,35,25,43,69,68,69,137,5,10,5,19,19
23.11.2006,Cibona,Maccabi Tel Aviv,Cibona,87,82,20,19,39,22,12,34,27,20,47,18,31,49,,,42,31,45,51,73,96,73,169,1,14,18,5,5
22.11.2006,Petrol Olimpija,Partizan,Partizan,70,71,17,15,32,15,16,31,21,13,34,17,27,44,,,32,31,38,40,63,78,63,141,2,7,9,1,1
22.11.2006,Tau Ceramica,Fortitudo Bologna,Tau Ceramica,90,80,16,11,27,30,19,49,22,20,42,22,30,52,,,46,30,44,50,76,94,76,170,5,14,18,10,10
22.11.2006,Virtus Roma,Joventut Badalona,Virtus Roma,71,69,15,23,38,16,21,37,22,11,33,18,14,32,,,31,44,40,25,75,65,75,140,8,4,2,2,2
22.11.2006,Anadolu Efes SK,Olympiacos,Anadolu Efes SK,95,77,18,25,43,19,23,42,19,12,31,39,17,56,,,37,48,58,29,85,87,85,172,7,10,4,18,18
22.11.2006,Dynamo Moscow,Le Mans,Dynamo Moscow,74,57,19,16,35,21,7,28,12,22,34,22,12,34,,,40,23,34,34,63,68,63,131,3,11,7,17,17
16.11.2006,Barcelona,SS Basket Napoli,Barcelona,91,71,20,19,39,19,16,35,27,22,49,25,14,39,,,39,35,52,36,74,88,74,162,1,17,9,20,20
16.11.2006,Fortitudo Bologna,Koln 99ers,Koln 99ers,86,90,16,16,32,19,21,40,15,28,43,36,25,61,,,35,37,51,53,72,104,72,176,0,14,15,4,4
16.11.2006,Unicaja,Petrol Olimpija,Unicaja,62,55,23,12,35,13,8,21,14,22,36,12,13,25,,,36,20,26,35,56,61,56,117,11,6,8,7,7
16.11.2006,Le Mans,Olympiacos,Olympiacos,81,88,19,25,44,26,19,45,25,25,50,11,19,30,,,45,44,36,44,89,80,89,169,6,8,1,7,7
16.11.2006,Asseco Gdynia,Dynamo Moscow,Asseco Gdynia,60,49,14,14,28,12,10,22,18,10,28,16,15,31,,,26,24,34,25,50,59,50,109,0,10,10,11,11
16.11.2006,Maccabi Tel Aviv,Joventut Badalona,Maccabi Tel Aviv,92,75,26,5,31,22,31,53,24,22,46,20,17,37,,,48,36,44,39,84,83,84,167,21,8,14,17,17
16.11.2006,Fenerbahce Ulker,Zalgiris Kaunas,Fenerbahce Ulker,84,75,27,10,37,20,19,39,26,28,54,11,18,29,,,47,29,37,46,76,83,76,159,17,8,16,9,9
15.11.2006,Partizan,Cibona,Partizan,101,92,15,17,32,24,22,46,20,16,36,16,20,36,,,39,39,36,36,78,72,78,150,2,3,4,0,9
15.11.2006,Tau Ceramica,Anadolu Efes SK,Tau Ceramica,68,65,15,15,30,24,13,37,17,23,40,12,14,26,,,39,28,29,37,67,66,67,133,0,1,5,3,3
15.11.2006,Aris,Pau-Orthez,Aris,74,72,25,24,49,10,17,27,20,9,29,19,22,41,,,35,41,39,31,76,70,76,146,1,2,5,2,2
15.11.2006,Panathinaikos,Virtus Roma,Panathinaikos,87,71,18,20,38,19,16,35,21,15,36,29,20,49,,,37,36,50,35,73,85,73,158,2,14,7,16,16
15.11.2006,CSKA Moscow,Treviso,CSKA Moscow,83,67,20,11,31,11,14,25,26,26,52,26,16,42,,,31,25,52,42,56,94,56,150,9,27,6,16,16
09.11.2006,Maccabi Tel Aviv,Virtus Roma,Maccabi Tel Aviv,78,65,16,19,35,20,11,31,22,16,38,20,19,39,,,36,30,42,35,66,77,66,143,3,12,12,13,13
09.11.2006,Olympiacos,Asseco Gdynia,Olympiacos,97,74,26,17,43,26,22,48,25,13,38,20,22,42,,,52,39,45,35,91,80,91,171,9,6,25,23,23
09.11.2006,Zalgiris Kaunas,Barcelona,Barcelona,86,92,19,21,40,23,22,45,23,29,52,21,20,41,,,42,43,44,49,85,93,85,178,2,1,7,6,6
09.11.2006,Anadolu Efes SK,Le Mans,Le Mans,53,64,11,9,20,22,29,51,3,14,17,17,12,29,,,33,38,20,26,71,46,71,117,2,18,16,11,11
09.11.2006,Cibona,Unicaja,Cibona,87,83,27,24,51,21,17,38,21,13,34,5,20,25,,,48,41,26,33,89,59,89,148,3,15,15,0,4
09.11.2006,Dynamo Moscow,Fortitudo Bologna,Dynamo Moscow,78,73,20,18,38,15,18,33,22,24,46,21,13,34,,,35,36,43,37,71,80,71,151,2,7,3,5,5
08.11.2006,Petrol Olimpija,Panathinaikos,Panathinaikos,65,86,15,20,35,16,17,33,14,18,32,20,31,51,,,31,37,34,49,68,83,68,151,5,3,10,21,21
08.11.2006,Joventut Badalona,Partizan,Joventut Badalona,82,51,23,12,35,14,13,27,22,17,39,23,9,32,,,37,25,45,26,62,71,62,133,11,20,17,31,31
08.11.2006,SS Basket Napoli,Aris,SS Basket Napoli,71,69,25,21,46,11,12,23,13,16,29,22,20,42,,,36,33,35,36,69,71,69,140,4,2,0,2,2
08.11.2006,Treviso,Fenerbahce Ulker,Treviso,93,83,31,27,58,27,17,44,16,23,39,19,16,35,,,58,44,35,39,102,74,102,176,4,9,7,10,10
08.11.2006,Pau-Orthez,CSKA Moscow,Pau-Orthez,73,67,22,16,38,21,25,46,11,18,29,19,8,27,,,43,41,30,26,84,56,84,140,6,11,5,6,6
08.11.2006,Koln 99ers,Tau Ceramica,Tau Ceramica,70,102,18,28,46,11,27,38,24,21,45,17,26,43,,,29,55,41,47,84,88,84,172,10,14,23,32,32
02.11.2006,Partizan,Maccabi Tel Aviv,Partizan,103,91,21,19,40,28,23,51,34,25,59,20,24,44,,,49,42,54,49,91,103,91,194,2,12,16,12,12
02.11.2006,Barcelona,Treviso,Barcelona,82,69,23,13,36,20,18,38,24,19,43,15,19,34,,,43,31,39,38,74,77,74,151,10,8,17,13,13
02.11.2006,Koln 99ers,Anadolu Efes SK,Anadolu Efes SK,68,82,16,19,35,18,33,51,19,10,29,15,20,35,,,34,52,34,30,86,64,86,150,3,18,9,14,14
02.11.2006,Asseco Gdynia,Le Mans,Asseco Gdynia,69,67,17,10,27,17,7,24,12,26,38,23,24,47,,,34,17,35,50,51,85,51,136,7,18,3,2,2
02.11.2006,Panathinaikos,Cibona,Panathinaikos,86,69,23,25,48,15,11,26,21,17,38,27,16,43,,,38,36,48,33,74,81,74,155,2,12,6,17,17
02.11.2006,Unicaja,Joventut Badalona,Joventut Badalona,66,68,15,19,34,14,14,28,19,13,32,18,22,40,,,29,33,37,35,62,72,62,134,4,4,2,2,2
02.11.2006,Zalgiris Kaunas,SS Basket Napoli,Zalgiris Kaunas,83,65,20,17,37,25,17,42,20,18,38,18,13,31,,,45,34,38,31,79,69,79,148,3,4,13,18,18
01.11.2006,Fortitudo Bologna,Olympiacos,Olympiacos,86,93,19,25,44,19,18,37,20,23,43,28,27,55,,,38,43,48,50,81,98,81,179,6,5,8,7,7
01.11.2006,Petrol Olimpija,Virtus Roma,Petrol Olimpija,83,72,23,23,46,21,14,35,18,24,42,21,11,32,,,44,37,39,35,81,74,81,155,0,2,1,11,11
01.11.2006,Tau Ceramica,Dynamo Moscow,Tau Ceramica,77,61,22,15,37,17,22,39,21,12,33,17,12,29,,,39,37,38,24,76,62,76,138,7,1,11,16,16
01.11.2006,Fenerbahce Ulker,Pau-Orthez,Pau-Orthez,66,68,23,15,38,14,18,32,10,18,28,19,17,36,,,37,33,29,35,70,64,70,134,8,4,4,2,2
01.11.2006,CSKA Moscow,Aris,CSKA Moscow,83,68,25,18,43,23,16,39,19,15,34,16,19,35,,,48,34,35,34,82,69,82,151,7,1,18,15,15
26.10.2006,Cibona,Petrol Olimpija,Cibona,77,61,17,17,34,20,14,34,23,17,40,17,13,30,,,37,31,40,30,68,70,68,138,0,9,12,16,16
26.10.2006,Treviso,Zalgiris Kaunas,Treviso,95,82,33,20,53,22,28,50,20,13,33,20,21,41,,,55,48,40,34,103,74,103,177,13,8,14,13,13
26.10.2006,Le Mans,Fortitudo Bologna,Le Mans,82,71,19,21,40,23,14,37,19,21,40,21,15,36,,,42,35,40,36,77,76,77,153,2,5,5,11,11
26.10.2006,Maccabi Tel Aviv,Unicaja,Maccabi Tel Aviv,106,101,34,16,50,15,33,48,25,24,49,16,17,33,,,49,49,41,41,98,82,98,180,18,8,1,0,5
26.10.2006,Anadolu Efes SK,Asseco Gdynia,Anadolu Efes SK,71,67,10,12,22,19,18,37,22,21,43,20,16,36,,,29,30,42,37,59,79,59,138,2,12,0,4,4
26.10.2006,Dynamo Moscow,Koln 99ers,Dynamo Moscow,75,68,21,15,36,20,6,26,16,22,38,18,25,43,,,41,21,34,47,62,81,62,143,6,13,14,7,7
25.10.2006,SS Basket Napoli,CSKA Moscow,CSKA Moscow,64,74,14,17,31,15,23,38,15,16,31,20,18,38,,,29,40,35,34,69,69,69,138,3,5,12,10,10
25.10.2006,Virtus Roma,Partizan,Virtus Roma,65,60,14,12,26,18,16,34,19,18,37,14,14,28,,,32,28,33,32,60,65,60,125,2,5,5,5,5
25.10.2006,Pau-Orthez,Barcelona,Barcelona,66,72,23,17,40,15,16,31,14,16,30,14,23,37,,,38,33,28,39,71,67,71,138,6,5,3,6,6
25.10.2006,Olympiacos,Tau Ceramica,Olympiacos,97,78,29,22,51,21,20,41,20,23,43,27,13,40,,,50,42,47,36,92,83,92,175,7,5,5,19,19
25.10.2006,Aris,Fenerbahce Ulker,Aris,66,58,17,17,34,21,9,30,17,25,42,11,7,18,,,38,26,28,32,64,60,64,124,0,2,4,8,8
24.10.2006,Joventut Badalona,Panathinaikos,Panathinaikos,79,82,27,20,47,21,10,31,16,24,40,15,28,43,,,48,30,31,52,78,83,78,161,7,1,10,3,3
30.04.2006,CSKA Moscow,Maccabi Tel Aviv,CSKA Moscow,73,69,18,18,36,17,12,29,14,18,32,24,21,45,,,35,30,38,39,65,77,65,142,0,8,1,4,4
30.04.2006,Barcelona,Tau Ceramica,Tau Ceramica,82,87,19,26,45,17,21,38,24,15,39,22,25,47,,,36,47,46,40,83,86,83,169,7,1,2,5,5
28.04.2006,Barcelona,CSKA Moscow,CSKA Moscow,75,84,20,15,35,18,19,37,14,23,37,23,27,50,,,38,34,37,50,72,87,72,159,5,3,5,9,9
28.04.2006,Maccabi Tel Aviv,Tau Ceramica,Maccabi Tel Aviv,85,70,24,17,41,27,15,42,22,16,38,12,22,34,,,51,32,34,38,83,72,83,155,7,2,25,15,15
13.04.2006,Barcelona,Real Madrid,Barcelona,76,70,21,23,44,17,16,33,18,13,31,20,18,38,,,38,39,38,31,77,69,77,146,2,1,4,6,6
13.04.2006,Maccabi Tel Aviv,Olympiacos,Maccabi Tel Aviv,77,73,26,24,50,18,18,36,18,16,34,15,15,30,,,44,42,33,31,86,64,86,150,2,9,4,4,4
12.04.2006,Panathinaikos,Tau Ceramica,Tau Ceramica,71,74,14,21,35,22,21,43,17,10,27,18,22,40,,,36,42,35,32,78,67,78,145,7,7,1,3,3
06.04.2006,Real Madrid,Barcelona,Real Madrid,84,78,21,17,38,13,20,33,19,20,39,31,21,52,,,34,37,50,41,71,91,71,162,4,13,4,6,6
06.04.2006,Tau Ceramica,Panathinaikos,Tau Ceramica,85,79,23,17,40,19,18,37,26,25,51,17,19,36,,,42,35,43,44,77,87,77,164,6,8,8,6,6
06.04.2006,Olympiacos,Maccabi Tel Aviv,Olympiacos,76,70,21,15,36,14,15,29,18,16,34,23,24,47,,,35,30,41,40,65,81,65,146,6,11,7,6,6
06.04.2006,Anadolu Efes SK,CSKA Moscow,CSKA Moscow,71,75,16,23,39,21,17,38,18,15,33,16,20,36,,,37,40,34,35,77,69,77,146,7,6,0,4,4
04.04.2006,Barcelona,Real Madrid,Barcelona,72,58,17,18,35,17,8,25,16,14,30,22,18,40,,,34,26,38,32,60,70,60,130,1,12,10,14,14
04.04.2006,Maccabi Tel Aviv,Olympiacos,Maccabi Tel Aviv,87,78,27,23,50,24,19,43,19,20,39,17,16,33,,,51,42,36,36,93,72,93,165,4,6,8,9,9
04.04.2006,Panathinaikos,Tau Ceramica,Panathinaikos,84,72,24,21,45,19,16,35,18,21,39,23,14,37,,,43,37,41,35,80,76,80,156,3,4,3,12,12
04.04.2006,CSKA Moscow,Anadolu Efes SK,CSKA Moscow,66,57,26,17,43,11,14,25,15,10,25,14,16,30,,,37,31,29,26,68,55,68,123,9,2,11,9,9
30.03.2006,Alpella,Maccabi Tel Aviv,Maccabi Tel Aviv,66,88,20,19,39,15,23,38,17,21,38,14,25,39,,,35,42,31,46,77,77,77,154,1,11,11,22,22
30.03.2006,Barcelona,Unicaja,Unicaja,60,73,7,25,32,12,11,23,23,20,43,18,17,35,,,19,36,41,37,55,78,55,133,18,5,14,13,13
30.03.2006,Fortitudo Bologna,Real Madrid,Fortitudo Bologna,66,61,16,16,32,14,17,31,16,13,29,20,15,35,,,30,33,36,28,63,64,63,127,0,3,0,5,5
30.03.2006,Zalgiris Kaunas,Olympiacos,Olympiacos,70,99,15,19,34,12,29,41,19,30,49,24,21,45,,,27,48,43,51,75,94,75,169,4,5,32,29,29
29.03.2006,Bamberg,Lietuvos Rytas,Lietuvos Rytas,56,72,16,14,30,21,16,37,10,26,36,9,16,25,,,37,30,19,42,67,61,67,128,2,11,9,16,16
29.03.2006,Cibona,Anadolu Efes SK,Anadolu Efes SK,77,84,25,20,45,14,17,31,16,16,32,22,31,53,,,39,37,38,47,76,85,76,161,5,1,2,7,7
29.03.2006,Panathinaikos,Treviso,Panathinaikos,81,70,16,12,28,18,22,40,26,17,43,21,19,40,,,34,34,47,36,68,83,68,151,4,13,9,11,11
29.03.2006,Tau Ceramica,CSKA Moscow,Tau Ceramica,70,63,12,14,26,20,20,40,21,19,40,17,10,27,,,32,34,38,29,66,67,66,133,2,4,0,7,7
23.03.2006,Real Madrid,Alpella,Real Madrid,74,53,18,7,25,25,16,41,22,16,38,9,14,23,,,43,23,31,30,66,61,66,127,11,8,26,21,21
23.03.2006,Unicaja,Zalgiris Kaunas,Unicaja,68,64,22,13,35,11,17,28,18,15,33,17,19,36,,,33,30,35,34,63,69,63,132,9,5,6,4,4
23.03.2006,Maccabi Tel Aviv,Fortitudo Bologna,Maccabi Tel Aviv,82,76,27,20,47,19,22,41,20,11,31,16,23,39,,,46,42,36,34,88,70,88,158,7,6,13,6,6
23.03.2006,Olympiacos,Barcelona,Barcelona,67,74,28,15,43,15,18,33,14,16,30,10,25,35,,,43,33,24,41,76,65,76,141,13,9,8,7,7
22.03.2006,Treviso,Cibona,Treviso,88,80,24,18,42,24,19,43,21,22,43,19,21,40,,,48,37,40,43,85,83,85,168,6,3,10,8,8
22.03.2006,Anadolu Efes SK,Panathinaikos,Panathinaikos,56,66,16,23,39,17,14,31,9,16,25,14,13,27,,,33,37,23,29,70,52,70,122,7,14,11,10,10
22.03.2006,CSKA Moscow,Bamberg,CSKA Moscow,76,64,26,12,38,24,15,39,13,20,33,13,17,30,,,50,27,26,37,77,63,77,140,14,1,16,12,12
22.03.2006,Lietuvos Rytas,Tau Ceramica,Lietuvos Rytas,65,63,24,16,40,19,15,34,12,13,25,10,19,29,,,43,31,22,32,74,54,74,128,8,9,11,2,2
16.03.2006,Barcelona,Zalgiris Kaunas,Barcelona,81,69,20,24,44,22,12,34,11,10,21,28,23,51,,,42,36,39,33,78,72,78,150,4,3,7,12,12
16.03.2006,Maccabi Tel Aviv,Real Madrid,Maccabi Tel Aviv,73,58,22,14,36,11,22,33,21,10,31,19,12,31,,,33,36,40,22,69,62,69,131,8,4,8,15,15
16.03.2006,Alpella,Fortitudo Bologna,Alpella,84,80,20,12,32,26,19,45,22,29,51,16,20,36,,,46,31,38,49,77,87,77,164,8,7,8,4,4
15.03.2006,Tau Ceramica,Bamberg,Tau Ceramica,71,51,22,6,28,16,14,30,12,15,27,21,16,37,,,38,20,33,31,58,64,58,122,16,13,15,20,20
15.03.2006,Treviso,Anadolu Efes SK,Treviso,94,87,21,20,41,18,21,39,24,19,43,31,27,58,,,39,41,55,46,80,101,80,181,1,14,3,7,7
15.03.2006,Panathinaikos,Cibona,Panathinaikos,88,69,19,24,43,25,16,41,15,18,33,29,11,40,,,44,40,44,29,84,73,84,157,5,4,1,19,19
15.03.2006,CSKA Moscow,Lietuvos Rytas,CSKA Moscow,79,69,22,20,42,19,10,29,14,24,38,24,15,39,,,41,30,38,39,71,77,71,148,2,8,1,10,10
14.03.2006,Unicaja,Olympiacos,Olympiacos,75,87,13,25,38,17,24,41,14,14,28,31,24,55,,,30,49,45,38,79,83,79,162,12,4,19,12,12
09.03.2006,Bamberg,CSKA Moscow,CSKA Moscow,64,75,17,17,34,13,17,30,16,26,42,18,15,33,,,30,34,34,41,64,75,64,139,0,0,14,11,11
09.03.2006,Barcelona,Olympiacos,Barcelona,76,72,24,22,46,23,14,37,11,15,26,18,21,39,,,47,36,29,36,83,65,83,148,2,7,7,4,4
09.03.2006,Fortitudo Bologna,Maccabi Tel Aviv,Maccabi Tel Aviv,84,89,30,24,54,22,24,46,15,21,36,17,20,37,,,52,48,32,41,100,73,100,173,6,16,2,5,5
09.03.2006,Zalgiris Kaunas,Unicaja,Unicaja,66,79,15,18,33,16,14,30,14,21,35,21,26,47,,,31,32,35,47,63,82,63,145,3,3,8,13,13
09.03.2006,Alpella,Real Madrid,Real Madrid,69,71,18,19,37,14,22,36,22,21,43,15,9,24,,,32,41,37,30,73,67,73,140,1,4,8,2,2
08.03.2006,Tau Ceramica,Lietuvos Rytas,Tau Ceramica,96,89,20,17,37,28,19,47,23,28,51,25,25,50,,,48,36,48,53,84,101,84,185,3,12,7,7,7
08.03.2006,Panathinaikos,Anadolu Efes SK,Anadolu Efes SK,73,76,14,13,27,18,22,40,19,21,40,22,20,42,,,32,35,41,41,67,82,67,149,1,6,5,3,3
08.03.2006,Cibona,Treviso,Cibona,91,80,25,19,44,25,11,36,21,20,41,20,30,50,,,50,30,41,50,80,91,80,171,6,11,21,11,11
02.03.2006,Real Madrid,Fortitudo Bologna,Real Madrid,92,76,19,26,45,20,15,35,27,17,44,26,18,44,,,39,41,53,35,80,88,80,168,7,12,8,16,16
02.03.2006,Unicaja,Barcelona,Barcelona,68,71,22,19,41,10,20,30,22,16,38,14,16,30,,,32,39,36,32,71,68,71,139,3,3,1,3,3
02.03.2006,Maccabi Tel Aviv,Alpella,Maccabi Tel Aviv,84,74,22,28,50,24,21,45,15,13,28,23,12,35,,,46,49,38,25,95,63,95,158,6,11,1,10,10
02.03.2006,Olympiacos,Zalgiris Kaunas,Olympiacos,78,69,11,23,34,25,12,37,18,14,32,24,20,44,,,36,35,42,34,71,76,71,147,12,7,5,9,9
01.03.2006,Treviso,Panathinaikos,Treviso,76,69,26,25,51,16,20,36,13,7,20,21,17,38,,,42,45,34,24,87,58,87,145,1,11,3,7,7
01.03.2006,Anadolu Efes SK,Cibona,Cibona,63,69,16,16,32,13,14,27,16,23,39,18,16,34,,,29,30,34,39,59,73,59,132,0,4,8,6,6
01.03.2006,CSKA Moscow,Tau Ceramica,CSKA Moscow,82,76,14,26,40,25,13,38,27,20,47,16,17,33,,,39,39,43,37,78,80,78,158,12,4,7,6,6
01.03.2006,Lietuvos Rytas,Bamberg,Lietuvos Rytas,79,67,22,14,36,16,13,29,24,21,45,17,19,36,,,38,27,41,40,65,81,65,146,8,14,14,12,12
23.02.2006,Bamberg,Tau Ceramica,Tau Ceramica,72,77,19,13,32,15,13,28,16,24,40,22,27,49,,,34,26,38,51,60,89,60,149,6,12,0,5,5
23.02.2006,Fortitudo Bologna,Alpella,Fortitudo Bologna,87,69,16,13,29,22,17,39,26,22,48,23,17,40,,,38,30,49,39,68,88,68,156,3,19,12,18,18
23.02.2006,Real Madrid,Maccabi Tel Aviv,Real Madrid,90,75,23,13,36,22,18,40,24,17,41,21,27,48,,,45,31,45,44,76,89,76,165,10,14,21,15,15
23.02.2006,Zalgiris Kaunas,Barcelona,Barcelona,85,86,17,27,44,21,20,41,21,21,42,26,18,44,,,38,47,47,39,85,86,85,171,10,0,9,1,1
23.02.2006,Cibona,Panathinaikos,Cibona,72,70,19,18,37,22,22,44,20,14,34,11,16,27,,,41,40,31,30,81,61,81,142,1,9,7,2,2
22.02.2006,Olympiacos,Unicaja,Olympiacos,87,84,24,21,45,18,25,43,27,16,43,18,22,40,,,42,46,45,38,88,83,88,171,3,1,7,3,3
22.02.2006,Anadolu Efes SK,Treviso,Anadolu Efes SK,80,68,19,17,36,24,17,41,17,18,35,20,16,36,,,43,34,37,34,77,71,77,148,2,3,8,12,12
22.02.2006,Lietuvos Rytas,CSKA Moscow,CSKA Moscow,48,66,9,12,21,17,19,36,10,21,31,12,14,26,,,26,31,22,35,57,57,57,114,3,9,16,18,18
09.02.2006,Asseco Gdynia,Lietuvos Rytas,Asseco Gdynia,75,73,20,16,36,17,18,35,27,18,45,11,21,32,,,37,34,38,39,71,77,71,148,4,4,12,2,2
09.02.2006,Cibona,Anadolu Efes SK,Cibona,60,49,20,17,37,14,11,25,20,14,34,6,7,13,,,34,28,26,21,62,47,62,109,3,2,12,11,11
09.02.2006,Maccabi Tel Aviv,Barcelona,Maccabi Tel Aviv,88,72,23,21,44,14,14,28,30,20,50,21,17,38,,,37,35,51,37,72,88,72,160,2,16,12,16,16
09.02.2006,Olimpia Milano,Olympiacos,Olympiacos,75,84,24,19,43,10,9,19,17,23,40,24,33,57,,,34,28,41,56,62,97,62,159,5,13,0,9,9
09.02.2006,AEK Athens,Bamberg,Bamberg,51,65,12,10,22,12,19,31,16,22,38,11,14,25,,,24,29,27,36,53,63,53,116,2,2,11,14,14
09.02.2006,Petrol Olimpija,Treviso,Petrol Olimpija,95,77,21,15,36,27,16,43,33,22,55,14,24,38,,,48,31,47,46,79,93,79,172,6,16,28,18,18
09.02.2006,Tau Ceramica,Strasbourg,Tau Ceramica,80,54,21,10,31,18,16,34,22,10,32,19,18,37,,,39,26,41,28,65,69,65,134,11,15,25,26,26
09.02.2006,Zalgiris Kaunas,Fortitudo Bologna,Fortitudo Bologna,81,86,25,17,42,19,16,35,19,19,38,18,34,52,,,44,33,37,53,77,90,77,167,8,4,11,5,5
08.02.2006,Alpella,Montepaschi Siena,Alpella,74,71,24,19,43,15,10,25,18,21,39,17,21,38,,,39,29,35,42,68,77,68,145,5,6,7,3,3
08.02.2006,Partizan,CSKA Moscow,CSKA Moscow,79,92,23,22,45,20,21,41,21,25,46,15,24,39,,,43,43,36,49,86,85,86,171,1,7,4,13,13
08.02.2006,Pau-Orthez,Unicaja,Unicaja,53,68,15,12,27,18,17,35,6,16,22,14,23,37,,,33,29,20,39,62,59,62,121,3,9,6,15,15
08.02.2006,Real Madrid,Panathinaikos,Panathinaikos,73,90,23,27,50,17,22,39,8,23,31,25,18,43,,,40,49,33,41,89,74,89,163,4,16,24,17,17
02.02.2006,Barcelona,Olimpia Milano,Olimpia Milano,75,77,18,25,43,17,19,36,21,15,36,19,18,37,,,35,44,40,33,79,73,79,152,7,4,3,2,2
02.02.2006,Treviso,AEK Athens,Treviso,103,83,25,19,44,30,18,48,24,23,47,24,23,47,,,55,37,48,46,92,94,92,186,6,11,19,20,20
02.02.2006,Strasbourg,Zalgiris Kaunas,Zalgiris Kaunas,68,73,14,20,34,19,14,33,14,27,41,21,12,33,,,33,34,35,39,67,74,67,141,6,1,14,5,5
02.02.2006,Anadolu Efes SK,Asseco Gdynia,Anadolu Efes SK,76,61,18,16,34,19,5,24,24,19,43,15,21,36,,,37,21,39,40,58,79,58,137,2,18,21,15,15
02.02.2006,Lietuvos Rytas,Maccabi Tel Aviv,Lietuvos Rytas,88,83,31,14,45,16,29,45,21,19,40,20,21,41,,,47,43,41,40,90,81,90,171,17,2,6,5,5
01.02.2006,Fortitudo Bologna,Petrol Olimpija,Fortitudo Bologna,68,65,17,23,40,21,18,39,12,13,25,18,11,29,,,38,41,30,24,79,54,79,133,6,11,4,3,3
01.02.2006,Montepaschi Siena,Real Madrid,Montepaschi Siena,77,74,25,18,43,20,20,40,21,16,37,11,20,31,,,45,38,32,36,83,68,83,151,7,6,12,3,3
01.02.2006,Unicaja,Partizan,Unicaja,83,79,18,7,25,20,17,37,21,25,46,11,21,32,,,38,24,32,46,62,78,62,140,11,8,10,0,4
01.02.2006,Olympiacos,Cibona,Olympiacos,99,70,31,18,49,14,24,38,26,11,37,28,17,45,,,45,42,54,28,87,82,87,169,13,12,18,29,29
01.02.2006,Panathinaikos,Pau-Orthez,Panathinaikos,94,62,30,13,43,18,17,35,20,13,33,26,19,45,,,48,30,46,32,78,78,78,156,17,16,25,32,32
01.02.2006,CSKA Moscow,Alpella,CSKA Moscow,74,51,21,8,29,16,19,35,24,9,33,13,15,28,,,37,27,37,24,64,61,64,125,13,10,25,23,23
31.01.2006,Bamberg,Tau Ceramica,Tau Ceramica,68,73,10,14,24,16,19,35,20,20,40,22,20,42,,,26,33,42,40,59,82,59,141,4,9,7,5,5
26.01.2006,Olimpia Milano,Maccabi Tel Aviv,Olimpia Milano,94,71,26,13,39,17,22,39,25,21,46,26,15,41,,,43,35,51,36,78,87,78,165,13,16,12,23,23
26.01.2006,Cibona,Barcelona,Barcelona,57,77,12,20,32,15,27,42,12,15,27,18,15,33,,,27,47,30,30,74,60,74,134,8,17,23,20,20
26.01.2006,Fortitudo Bologna,Strasbourg,Fortitudo Bologna,71,47,16,12,28,20,10,30,20,9,29,15,16,31,,,36,22,35,25,58,60,58,118,4,13,25,24,24
26.01.2006,Real Madrid,CSKA Moscow,CSKA Moscow,71,80,12,18,30,25,19,44,23,10,33,6,19,25,,,37,37,29,29,74,58,74,132,6,8,13,0,9
26.01.2006,AEK Athens,Petrol Olimpija,Petrol Olimpija,68,77,22,23,45,15,11,26,20,20,40,11,23,34,,,37,34,31,43,71,74,71,145,1,3,3,9,9
26.01.2006,Zalgiris Kaunas,Bamberg,Zalgiris Kaunas,86,65,21,18,39,19,19,38,23,12,35,23,16,39,,,40,37,46,28,77,74,77,151,3,9,14,21,21
26.01.2006,Alpella,Partizan,Alpella,100,64,29,25,54,26,9,35,16,20,36,29,10,39,,,55,34,45,30,89,75,89,164,4,11,17,36,36
25.01.2006,Tau Ceramica,Treviso,Tau Ceramica,91,73,27,17,44,16,19,35,23,20,43,25,17,42,,,43,36,48,37,79,85,79,164,10,12,10,18,18
25.01.2006,Pau-Orthez,Montepaschi Siena,Pau-Orthez,83,79,18,19,37,24,23,47,22,14,36,19,23,42,,,42,42,41,37,84,78,84,162,1,1,8,4,4
25.01.2006,Asseco Gdynia,Olympiacos,Asseco Gdynia,79,77,19,24,43,27,13,40,13,20,33,20,20,40,,,46,37,33,40,83,73,83,156,5,4,2,2,2
25.01.2006,Panathinaikos,Unicaja,Unicaja,93,95,25,21,46,25,28,53,21,26,47,22,20,42,,,50,49,43,46,99,89,99,188,4,6,4,2,2
25.01.2006,Lietuvos Rytas,Anadolu Efes SK,Anadolu Efes SK,65,74,18,11,29,17,17,34,12,20,32,18,26,44,,,35,28,30,46,63,76,63,139,7,2,1,9,9
19.01.2006,Barcelona,Asseco Gdynia,Barcelona,99,80,23,16,39,28,19,47,27,24,51,21,21,42,,,51,35,48,45,86,93,86,179,7,13,19,19,19
19.01.2006,Montepaschi Siena,Unicaja,Unicaja,70,82,17,22,39,20,15,35,12,30,42,21,15,36,,,37,37,33,45,74,78,74,152,5,4,18,12,12
19.01.2006,Partizan,Panathinaikos,Panathinaikos,93,94,27,27,54,19,21,40,18,18,36,29,28,57,,,46,48,47,46,94,93,94,187,0,1,2,1,1
19.01.2006,Petrol Olimpija,Strasbourg,Petrol Olimpija,82,68,21,12,33,30,15,45,19,20,39,12,21,33,,,51,27,31,41,78,72,78,150,9,4,23,14,14
19.01.2006,Treviso,Zalgiris Kaunas,Treviso,82,76,16,18,34,21,20,41,21,18,39,24,20,44,,,37,38,45,38,75,83,75,158,2,7,2,6,6
19.01.2006,Maccabi Tel Aviv,Anadolu Efes SK,Maccabi Tel Aviv,88,81,25,20,45,16,25,41,27,16,43,20,20,40,,,41,45,47,36,86,83,86,169,5,2,7,7,7
18.01.2006,Bamberg,Fortitudo Bologna,Fortitudo Bologna,67,76,17,12,29,19,19,38,13,16,29,18,29,47,,,36,31,31,45,67,76,67,143,5,0,2,9,9
18.01.2006,Olimpia Milano,Cibona,Olimpia Milano,84,64,30,20,50,15,19,34,22,14,36,17,11,28,,,45,39,39,25,84,64,84,148,10,0,14,20,20
18.01.2006,AEK Athens,Tau Ceramica,Tau Ceramica,60,87,17,29,46,19,17,36,13,21,34,11,20,31,,,36,46,24,41,82,65,82,147,12,22,18,27,27
18.01.2006,Olympiacos,Lietuvos Rytas,Olympiacos,65,63,18,22,40,12,11,23,19,14,33,16,16,32,,,30,33,35,30,63,65,63,128,4,2,2,2,2
18.01.2006,Alpella,Real Madrid,Real Madrid,75,79,8,13,21,24,18,42,15,18,33,28,30,58,,,32,31,43,48,63,91,63,154,5,12,2,4,4
18.01.2006,CSKA Moscow,Pau-Orthez,CSKA Moscow,97,74,22,12,34,23,12,35,28,29,57,24,21,45,,,45,24,52,50,69,102,69,171,10,28,20,23,23
12.01.2006,Cibona,Maccabi Tel Aviv,Maccabi Tel Aviv,66,94,19,26,45,15,29,44,10,23,33,22,16,38,,,34,55,32,39,89,71,89,160,7,23,34,28,28
12.01.2006,Tau Ceramica,Petrol Olimpija,Tau Ceramica,91,63,26,11,37,21,9,30,19,25,44,25,18,43,,,47,20,44,43,67,87,67,154,15,24,21,28,28
12.01.2006,Pau-Orthez,Alpella,Alpella,85,95,16,20,36,21,17,38,20,26,46,28,32,60,,,37,37,48,58,74,106,74,180,4,11,6,10,10
12.01.2006,Panathinaikos,Montepaschi Siena,Panathinaikos,89,79,26,18,44,18,14,32,27,22,49,18,25,43,,,44,32,45,47,76,92,76,168,8,13,17,10,10
12.01.2006,Zalgiris Kaunas,AEK Athens,Zalgiris Kaunas,87,70,15,10,25,18,9,27,18,24,42,36,27,63,,,33,19,54,51,52,105,52,157,5,35,8,17,17
11.01.2006,Fortitudo Bologna,Treviso,Fortitudo Bologna,84,65,34,16,50,22,18,40,13,15,28,15,16,31,,,56,34,28,31,90,59,90,149,18,6,20,19,19
11.01.2006,Real Madrid,Partizan,Real Madrid,85,68,12,22,34,23,18,41,25,18,43,25,10,35,,,35,40,50,28,75,78,75,153,10,10,2,17,17
11.01.2006,Unicaja,CSKA Moscow,Unicaja,77,72,16,17,33,19,19,38,15,17,32,19,16,35,,,35,36,34,33,71,67,71,138,1,2,3,0,5
11.01.2006,Strasbourg,Bamberg,Bamberg,68,71,26,16,42,14,11,25,15,20,35,13,24,37,,,40,27,28,44,67,72,67,139,10,1,8,3,3
11.01.2006,Lietuvos Rytas,Barcelona,Barcelona,61,71,20,23,43,17,20,37,11,12,23,13,16,29,,,37,43,24,28,80,52,80,132,3,19,7,10,10
11.01.2006,Asseco Gdynia,Olimpia Milano,Asseco Gdynia,73,60,24,18,42,14,17,31,18,13,31,17,12,29,,,38,35,35,25,73,60,73,133,6,0,8,13,13
11.01.2006,Anadolu Efes SK,Olympiacos,Anadolu Efes SK,77,69,26,14,40,16,28,44,13,16,29,22,11,33,,,42,42,35,27,84,62,84,146,12,7,3,8,8
05.01.2006,Barcelona,Anadolu Efes SK,Barcelona,79,74,17,21,38,20,21,41,17,14,31,25,18,43,,,37,42,42,32,79,74,79,153,4,0,2,5,5
05.01.2006,Tau Ceramica,Zalgiris Kaunas,Tau Ceramica,94,73,28,19,47,26,21,47,23,18,41,17,15,32,,,54,40,40,33,94,73,94,167,9,0,19,21,21
05.01.2006,Treviso,Strasbourg,Treviso,83,78,27,21,48,18,15,33,20,21,41,18,21,39,,,45,36,38,42,81,80,81,161,6,2,8,5,5
05.01.2006,AEK Athens,Fortitudo Bologna,AEK Athens,82,75,19,14,33,14,18,32,24,19,43,25,24,49,,,33,32,49,43,65,92,65,157,5,17,6,7,7
05.01.2006,Maccabi Tel Aviv,Olympiacos,Maccabi Tel Aviv,101,95,29,26,55,22,19,41,28,23,51,22,27,49,,,51,45,50,50,96,100,96,196,3,5,11,6,6
04.01.2006,Olimpia Milano,Lietuvos Rytas,Lietuvos Rytas,95,101,23,19,42,14,31,45,18,19,37,33,19,52,,,37,50,51,38,87,89,87,176,4,1,14,0,6
04.01.2006,Partizan,Montepaschi Siena,Partizan,75,73,18,21,39,15,14,29,23,17,40,19,21,40,,,33,35,42,38,68,80,68,148,3,7,4,2,2
04.01.2006,Petrol Olimpija,Bamberg,Bamberg,57,59,16,13,29,18,9,27,10,14,24,13,23,36,,,34,22,23,37,56,60,56,116,3,1,8,2,2
04.01.2006,Real Madrid,Pau-Orthez,Pau-Orthez,79,83,12,17,29,20,13,33,21,17,38,26,36,62,,,32,30,47,53,62,100,62,162,5,17,6,4,4
04.01.2006,Cibona,Asseco Gdynia,Cibona,71,61,16,16,32,20,21,41,15,14,29,20,10,30,,,36,37,35,24,73,59,73,132,0,2,0,10,10
04.01.2006,Alpella,Unicaja,Unicaja,76,83,22,18,40,15,22,37,22,23,45,17,20,37,,,37,40,39,43,77,82,77,159,4,1,4,7,7
04.01.2006,CSKA Moscow,Panathinaikos,Panathinaikos,84,89,19,19,38,21,21,42,28,23,51,16,26,42,,,40,40,44,49,80,93,80,173,0,4,5,5,5
22.12.2005,Bamberg,Treviso,Bamberg,92,85,15,24,39,27,25,52,23,19,42,27,17,44,,,42,49,50,36,91,86,91,177,9,1,3,7,7
22.12.2005,Pau-Orthez,Partizan,Pau-Orthez,77,69,16,16,32,25,10,35,22,17,39,14,26,40,,,41,26,36,43,67,79,67,146,0,10,20,8,8
22.12.2005,Asseco Gdynia,Maccabi Tel Aviv,Maccabi Tel Aviv,59,81,16,19,35,16,15,31,14,20,34,13,27,40,,,32,34,27,47,66,74,66,140,3,7,8,22,22
22.12.2005,Olympiacos,Barcelona,Olympiacos,80,68,23,12,35,21,19,40,13,15,28,23,22,45,,,44,31,36,37,75,73,75,148,11,5,11,12,12
22.12.2005,Zalgiris Kaunas,Petrol Olimpija,Zalgiris Kaunas,80,79,20,19,39,19,23,42,20,17,37,21,20,41,,,39,42,41,37,81,78,81,159,1,1,0,1,1
22.12.2005,Anadolu Efes SK,Olimpia Milano,Anadolu Efes SK,85,57,20,12,32,15,16,31,22,17,39,28,12,40,,,35,28,50,29,63,79,63,142,8,22,12,28,28
21.12.2005,Fortitudo Bologna,Tau Ceramica,Fortitudo Bologna,86,66,20,14,34,15,22,37,26,12,38,25,18,43,,,35,36,51,30,71,81,71,152,6,15,13,20,20
21.12.2005,Montepaschi Siena,CSKA Moscow,CSKA Moscow,66,75,16,15,31,14,24,38,24,14,38,12,22,34,,,30,39,36,36,69,72,69,141,1,3,1,9,9
21.12.2005,Strasbourg,AEK Athens,Strasbourg,70,66,18,16,34,17,12,29,15,15,30,20,23,43,,,35,28,35,38,63,73,63,136,2,7,7,4,4
21.12.2005,Unicaja,Real Madrid,Unicaja,71,61,23,14,37,14,16,30,19,15,34,15,16,31,,,37,30,34,31,67,65,67,132,9,4,11,10,10
21.12.2005,Panathinaikos,Alpella,Panathinaikos,85,69,20,19,39,26,14,40,18,17,35,21,19,40,,,46,33,39,36,79,75,79,154,1,6,14,16,16
21.12.2005,Lietuvos Rytas,Cibona,Lietuvos Rytas,80,52,21,14,35,16,12,28,19,12,31,24,14,38,,,37,26,43,26,63,69,63,132,7,17,18,28,28
15.12.2005,Bamberg,AEK Athens,Bamberg,71,61,13,19,32,11,18,29,27,15,42,20,9,29,,,24,37,47,24,61,71,61,132,6,10,1,10,10
15.12.2005,Barcelona,Maccabi Tel Aviv,Maccabi Tel Aviv,78,88,15,27,42,23,21,44,17,23,40,23,17,40,,,38,48,40,40,86,80,86,166,12,8,16,10,10
15.12.2005,Fortitudo Bologna,Zalgiris Kaunas,Fortitudo Bologna,75,64,18,17,35,15,17,32,18,16,34,24,14,38,,,33,34,42,30,67,72,67,139,1,8,1,11,11
15.12.2005,Treviso,Petrol Olimpija,Treviso,81,66,28,22,50,19,8,27,18,23,41,16,13,29,,,47,30,34,36,77,70,77,147,6,4,12,15,15
15.12.2005,Unicaja,Pau-Orthez,Unicaja,81,73,21,18,39,19,17,36,18,18,36,23,20,43,,,40,35,41,38,75,79,75,154,3,6,5,8,8
14.12.2005,Montepaschi Siena,Alpella,Alpella,70,74,19,14,33,15,14,29,14,19,33,22,27,49,,,34,28,36,46,62,82,62,144,5,8,1,4,4
14.12.2005,Strasbourg,Tau Ceramica,Strasbourg,84,76,22,25,47,23,19,42,15,17,32,24,15,39,,,45,44,39,32,89,71,89,160,3,5,1,8,8
14.12.2005,Panathinaikos,Real Madrid,Panathinaikos,87,71,20,15,35,17,21,38,22,19,41,28,16,44,,,37,36,50,35,73,85,73,158,5,14,4,16,16
14.12.2005,Anadolu Efes SK,Cibona,Cibona,71,77,21,17,38,12,28,40,20,13,33,18,19,37,,,33,45,38,32,78,70,78,148,4,7,5,6,6
14.12.2005,Olympiacos,Olimpia Milano,Olympiacos,89,67,23,16,39,19,21,40,25,11,36,22,19,41,,,42,37,47,30,79,77,79,156,7,10,19,22,22
14.12.2005,CSKA Moscow,Partizan,CSKA Moscow,89,58,20,15,35,20,12,32,33,13,46,16,18,34,,,40,27,49,31,67,80,67,147,5,22,33,31,31
14.12.2005,Lietuvos Rytas,Asseco Gdynia,Lietuvos Rytas,82,69,22,11,33,19,20,39,26,14,40,15,24,39,,,41,31,41,38,72,79,72,151,11,10,22,13,13
08.12.2005,Olimpia Milano,Barcelona,Olimpia Milano,70,58,23,16,39,14,12,26,16,22,38,17,8,25,,,37,28,33,30,65,63,65,128,7,5,3,12,12
08.12.2005,Asseco Gdynia,Anadolu Efes SK,Anadolu Efes SK,75,82,22,24,46,20,19,39,20,19,39,13,20,33,,,42,43,33,39,85,72,85,157,2,10,0,7,7
08.12.2005,Maccabi Tel Aviv,Lietuvos Rytas,Lietuvos Rytas,86,92,21,26,47,19,18,37,21,17,38,25,31,56,,,40,44,46,48,84,94,84,178,5,2,0,6,6
08.12.2005,Real Madrid,Montepaschi Siena,Real Madrid,65,61,15,19,34,17,15,32,13,16,29,20,11,31,,,32,34,33,27,66,60,66,126,4,1,5,4,4
08.12.2005,Petrol Olimpija,Fortitudo Bologna,Petrol Olimpija,87,80,25,18,43,15,19,34,17,21,38,16,15,31,,,40,37,33,36,77,69,77,146,7,4,1,0,7
08.12.2005,Cibona,Olympiacos,Cibona,74,62,16,22,38,14,11,25,24,16,40,20,13,33,,,30,33,44,29,63,73,63,136,6,11,5,12,12
08.12.2005,Zalgiris Kaunas,Strasbourg,Zalgiris Kaunas,72,63,28,13,41,13,21,34,18,10,28,13,19,32,,,41,34,31,29,75,60,75,135,15,3,15,9,9
07.12.2005,Partizan,Unicaja,Unicaja,67,86,22,16,38,12,26,38,25,17,42,8,27,35,,,34,42,33,44,76,77,76,153,6,9,0,19,19
07.12.2005,Tau Ceramica,Bamberg,Tau Ceramica,77,59,21,25,46,28,10,38,18,12,30,10,12,22,,,49,35,28,24,84,52,84,136,4,7,20,18,18
07.12.2005,Pau-Orthez,Panathinaikos,Panathinaikos,67,82,27,17,44,15,27,42,16,18,34,9,20,29,,,42,44,25,38,86,63,86,149,10,19,4,15,15
07.12.2005,Alpella,CSKA Moscow,CSKA Moscow,49,82,12,20,32,12,24,36,16,18,34,9,20,29,,,24,44,25,38,68,63,68,131,8,19,22,33,33
07.12.2005,AEK Athens,Treviso,Treviso,57,83,18,16,34,11,23,34,10,23,33,18,21,39,,,29,39,28,44,68,72,68,140,2,11,23,26,26
01.12.2005,Bamberg,Zalgiris Kaunas,Zalgiris Kaunas,72,79,21,17,38,19,22,41,18,22,40,14,18,32,,,40,39,32,40,79,72,79,151,4,7,3,7,7
01.12.2005,Barcelona,Cibona,Barcelona,97,53,22,19,41,30,8,38,20,14,34,25,12,37,,,52,27,45,26,79,71,79,150,3,18,31,44,44
01.12.2005,Montepaschi Siena,Pau-Orthez,Montepaschi Siena,77,72,26,24,50,18,13,31,18,18,36,15,17,32,,,44,37,33,35,81,68,81,149,2,4,7,5,5
01.12.2005,Partizan,Alpella,Partizan,85,69,19,19,38,19,23,42,13,11,24,34,16,50,,,38,42,47,27,80,74,80,154,0,5,2,16,16
01.12.2005,Petrol Olimpija,AEK Athens,Petrol Olimpija,81,72,20,20,40,12,18,30,21,15,36,28,19,47,,,32,38,49,34,70,83,70,153,0,11,0,9,9
01.12.2005,Unicaja,Panathinaikos,Unicaja,82,79,20,21,41,32,15,47,15,20,35,15,23,38,,,52,36,30,43,88,73,88,161,1,6,11,3,3
01.12.2005,Maccabi Tel Aviv,Olimpia Milano,Maccabi Tel Aviv,96,95,20,15,35,15,25,40,29,15,44,11,20,31,,,35,40,40,35,75,75,75,150,5,0,9,0,1
30.11.2005,Treviso,Tau Ceramica,Tau Ceramica,92,96,16,29,45,21,25,46,27,14,41,19,15,34,,,37,54,46,29,91,75,91,166,13,8,4,0,4
30.11.2005,Strasbourg,Fortitudo Bologna,Fortitudo Bologna,75,78,19,17,36,19,17,36,18,21,39,19,23,42,,,38,34,37,44,72,81,72,153,2,3,1,3,3
30.11.2005,Olympiacos,Asseco Gdynia,Olympiacos,70,65,16,15,31,13,19,32,20,18,38,21,13,34,,,29,34,41,31,63,72,63,135,1,7,3,5,5
30.11.2005,Anadolu Efes SK,Lietuvos Rytas,Lietuvos Rytas,51,72,14,26,40,14,17,31,8,17,25,15,12,27,,,28,43,23,29,71,52,71,123,12,20,24,21,21
30.11.2005,CSKA Moscow,Real Madrid,CSKA Moscow,64,52,14,12,26,15,15,30,16,8,24,19,17,36,,,29,27,35,25,56,60,56,116,2,8,10,12,12
24.11.2005,Real Madrid,Alpella,Real Madrid,70,58,20,21,41,19,14,33,22,10,32,9,13,22,,,39,35,31,23,74,54,74,128,1,4,16,12,12
24.11.2005,Strasbourg,Petrol Olimpija,Strasbourg,90,82,31,19,50,19,21,40,15,20,35,25,22,47,,,50,40,40,42,90,82,90,172,12,0,5,8,8
24.11.2005,Asseco Gdynia,Barcelona,Barcelona,60,65,12,16,28,23,18,41,10,13,23,15,18,33,,,35,34,25,31,69,56,69,125,4,9,2,5,5
24.11.2005,Panathinaikos,Partizan,Panathinaikos,81,62,24,20,44,28,5,33,16,6,22,13,31,44,,,52,25,29,37,77,66,77,143,4,4,37,19,19
24.11.2005,Unicaja,Montepaschi Siena,Unicaja,82,60,17,9,26,19,16,35,27,22,49,19,13,32,,,36,25,46,35,61,81,61,142,8,21,16,22,22
24.11.2005,Zalgiris Kaunas,Treviso,Zalgiris Kaunas,88,70,25,19,44,18,16,34,23,13,36,22,22,44,,,43,35,45,35,78,80,78,158,6,10,18,18,18
24.11.2005,Anadolu Efes SK,Maccabi Tel Aviv,Anadolu Efes SK,90,88,20,23,43,21,23,44,27,20,47,22,22,44,,,41,46,49,42,87,91,87,178,3,3,2,2,2
23.11.2005,Fortitudo Bologna,Bamberg,Fortitudo Bologna,94,64,29,20,49,24,16,40,26,16,42,15,12,27,,,53,36,41,28,89,69,89,158,9,5,27,30,30
23.11.2005,Tau Ceramica,AEK Athens,Tau Ceramica,77,62,12,24,36,22,13,35,23,17,40,20,8,28,,,34,37,43,25,71,68,71,139,12,6,3,15,15
23.11.2005,Pau-Orthez,CSKA Moscow,CSKA Moscow,55,69,16,11,27,18,22,40,9,16,25,12,20,32,,,34,33,21,36,67,57,67,124,5,12,6,14,14
23.11.2005,Cibona,Olimpia Milano,Cibona,67,60,13,20,33,20,11,31,17,17,34,17,12,29,,,33,31,34,29,64,63,64,127,7,3,2,7,7
23.11.2005,Lietuvos Rytas,Olympiacos,Lietuvos Rytas,78,67,18,21,39,21,13,34,21,25,46,18,8,26,,,39,34,39,33,73,72,73,145,3,5,1,11,11
17.11.2005,Bamberg,Strasbourg,Bamberg,73,60,21,12,33,12,15,27,14,19,33,26,14,40,,,33,27,40,33,60,73,60,133,9,13,1,13,13
17.11.2005,Barcelona,Lietuvos Rytas,Lietuvos Rytas,91,97,12,25,37,29,22,51,20,15,35,30,35,65,,,41,47,50,50,88,100,88,188,13,3,1,6,6
17.11.2005,Olimpia Milano,Asseco Gdynia,Asseco Gdynia,71,92,17,30,47,27,17,44,20,20,40,7,25,32,,,44,47,27,45,91,72,91,163,13,20,3,21,21
17.11.2005,Partizan,Real Madrid,Real Madrid,63,75,18,25,43,13,15,28,21,17,38,11,18,29,,,31,40,32,35,71,67,71,138,7,8,5,12,12
17.11.2005,Treviso,Fortitudo Bologna,Treviso,94,84,22,15,37,15,19,34,32,24,56,25,26,51,,,37,34,57,50,71,107,71,178,7,23,11,10,10
17.11.2005,AEK Athens,Zalgiris Kaunas,AEK Athens,80,65,19,23,42,19,13,32,22,16,38,20,13,33,,,38,36,42,29,74,71,74,145,4,6,8,15,15
17.11.2005,Maccabi Tel Aviv,Cibona,Maccabi Tel Aviv,83,74,13,17,30,19,26,45,21,13,34,30,18,48,,,32,43,51,31,75,82,75,157,4,8,3,9,9
17.11.2005,Olympiacos,Anadolu Efes SK,Anadolu Efes SK,75,78,19,22,41,13,9,22,20,20,40,19,20,39,,,32,31,39,40,63,79,63,142,3,8,1,0,3
16.11.2005,Montepaschi Siena,Panathinaikos,Panathinaikos,78,82,16,26,42,16,12,28,23,18,41,23,26,49,,,32,38,46,44,70,90,70,160,10,8,1,4,4
16.11.2005,Petrol Olimpija,Tau Ceramica,Tau Ceramica,70,87,16,25,41,23,21,44,24,27,51,7,14,21,,,39,46,31,41,85,72,85,157,9,15,10,17,17
16.11.2005,Alpella,Pau-Orthez,Alpella,87,55,23,16,39,22,9,31,25,10,35,17,20,37,,,45,25,42,30,70,72,70,142,7,17,35,32,32
16.11.2005,CSKA Moscow,Unicaja,CSKA Moscow,87,63,17,21,38,20,18,38,26,5,31,24,19,43,,,37,39,50,24,76,74,76,150,4,11,19,24,24
10.11.2005,Bamberg,Petrol Olimpija,Bamberg,81,80,26,20,46,25,21,46,15,20,35,15,19,34,,,51,41,30,39,92,69,92,161,6,11,5,1,1
10.11.2005,Montepaschi Siena,Partizan,Montepaschi Siena,66,59,15,14,29,19,16,35,13,11,24,19,18,37,,,34,30,32,29,64,61,64,125,1,2,6,7,7
10.11.2005,Olympiacos,Maccabi Tel Aviv,Olympiacos,83,78,12,18,30,27,18,45,21,25,46,23,17,40,,,39,36,44,42,75,86,75,161,6,8,1,5,5
10.11.2005,Zalgiris Kaunas,Tau Ceramica,Zalgiris Kaunas,63,58,16,18,34,13,10,23,20,13,33,14,17,31,,,29,28,34,30,57,64,57,121,2,6,8,5,5
10.11.2005,Anadolu Efes SK,Barcelona,Anadolu Efes SK,66,63,25,16,41,8,11,19,14,20,34,19,16,35,,,33,27,33,36,60,69,60,129,9,6,0,3,3
10.11.2005,Strasbourg,Treviso,Treviso,76,78,16,22,38,13,14,27,26,16,42,14,17,31,,,29,36,40,33,65,73,65,138,6,4,3,0,2
09.11.2005,Fortitudo Bologna,AEK Athens,Fortitudo Bologna,88,55,25,11,36,18,10,28,20,16,36,25,18,43,,,43,21,45,34,64,79,64,143,14,24,26,33,33
09.11.2005,Unicaja,Alpella,Unicaja,70,57,25,13,38,15,20,35,15,18,33,15,6,21,,,40,33,30,24,73,54,73,127,12,3,4,13,13
09.11.2005,Pau-Orthez,Real Madrid,Real Madrid,50,69,11,14,25,17,17,34,7,22,29,15,16,31,,,28,31,22,38,59,60,59,119,3,9,18,19,19
09.11.2005,Asseco Gdynia,Cibona,Asseco Gdynia,80,64,20,20,40,16,12,28,26,16,42,18,16,34,,,36,32,44,32,68,76,68,144,0,12,14,16,16
09.11.2005,Panathinaikos,CSKA Moscow,Panathinaikos,92,82,23,26,49,19,19,38,23,19,42,27,18,45,,,42,45,50,37,87,87,87,174,3,5,1,10,10
09.11.2005,Lietuvos Rytas,Olimpia Milano,Olimpia Milano,59,65,18,13,31,13,17,30,5,10,15,23,25,48,,,31,30,28,35,61,63,61,124,5,2,4,6,6
03.11.2005,Barcelona,Olympiacos,Barcelona,86,70,26,16,42,18,15,33,25,15,40,17,24,41,,,44,31,42,39,75,81,75,156,10,11,23,16,16
03.11.2005,Olimpia Milano,Anadolu Efes SK,Anadolu Efes SK,66,71,25,16,41,8,18,26,17,20,37,16,17,33,,,33,34,33,37,67,70,67,137,9,1,4,5,5
03.11.2005,Partizan,Pau-Orthez,Pau-Orthez,57,82,13,20,33,9,17,26,22,27,49,13,18,31,,,22,37,35,45,59,80,59,139,7,2,20,25,25
03.11.2005,Petrol Olimpija,Zalgiris Kaunas,Zalgiris Kaunas,75,78,18,17,35,24,17,41,17,22,39,16,22,38,,,42,34,33,44,76,77,76,153,1,1,3,3,3
03.11.2005,Treviso,Bamberg,Treviso,76,68,26,14,40,16,16,32,18,20,38,16,18,34,,,42,30,34,38,72,72,72,144,12,4,10,8,8
03.11.2005,Maccabi Tel Aviv,Asseco Gdynia,Maccabi Tel Aviv,95,68,23,21,44,23,14,37,26,21,47,23,12,35,,,46,35,49,33,81,82,81,163,2,14,16,27,27
03.11.2005,Real Madrid,Unicaja,Real Madrid,88,77,24,23,47,23,21,44,25,15,40,16,18,34,,,47,44,41,33,91,74,91,165,1,3,13,11,11
02.11.2005,Cibona,Lietuvos Rytas,Cibona,68,57,17,7,24,26,26,52,15,11,26,10,13,23,,,43,33,25,24,76,49,76,125,10,8,14,11,11
02.11.2005,Tau Ceramica,Fortitudo Bologna,Tau Ceramica,77,69,22,18,40,16,14,30,23,18,41,16,19,35,,,38,32,39,37,70,76,70,146,4,7,11,8,8
02.11.2005,AEK Athens,Strasbourg,AEK Athens,73,71,21,19,40,21,18,39,16,18,34,15,16,31,,,42,37,31,34,79,65,79,144,2,6,3,2,2
02.11.2005,CSKA Moscow,Montepaschi Siena,Montepaschi Siena,69,74,17,11,28,14,21,35,22,22,44,16,20,36,,,31,32,38,42,63,80,63,143,6,6,1,5,5
31.10.2005,Alpella,Panathinaikos,Panathinaikos,66,82,16,22,38,16,23,39,17,21,38,17,16,33,,,32,45,34,37,77,71,77,148,6,11,17,16,16
08.05.2005,Maccabi Tel Aviv,Tau Ceramica,Maccabi Tel Aviv,90,78,26,15,41,24,24,48,15,23,38,25,16,41,,,50,39,40,39,89,79,89,168,11,1,3,12,12
08.05.2005,CSKA Moscow,Panathinaikos,Panathinaikos,91,94,20,15,35,22,8,30,19,28,47,17,27,44,,,42,23,36,55,65,91,65,156,5,13,10,0,3
06.05.2005,CSKA Moscow,Tau Ceramica,Tau Ceramica,78,85,17,25,42,23,22,45,19,13,32,19,25,44,,,40,47,38,38,87,76,87,163,8,9,1,7,7
06.05.2005,Maccabi Tel Aviv,Panathinaikos,Maccabi Tel Aviv,91,82,25,18,43,24,23,47,19,21,40,23,20,43,,,49,41,42,41,90,83,90,173,7,1,6,9,9
14.04.2005,Europe,Rest Of The World,Rest Of The World,102,106,27,36,63,28,29,57,18,19,37,29,22,51,,,55,65,47,41,120,88,120,208,9,18,11,4,4
14.04.2005,Panathinaikos,Anadolu Efes SK,Panathinaikos,84,76,22,17,39,26,22,48,24,13,37,12,24,36,,,48,39,36,37,87,73,87,160,5,3,20,8,8
08.04.2005,Anadolu Efes SK,Panathinaikos,Anadolu Efes SK,75,63,18,16,34,10,16,26,24,13,37,23,18,41,,,28,32,47,31,60,78,60,138,2,15,7,12,12
07.04.2005,Pesaro,Maccabi Tel Aviv,Maccabi Tel Aviv,100,103,21,20,41,20,30,50,28,28,56,31,25,56,,,41,50,59,53,91,112,91,203,1,9,9,3,3
07.04.2005,Tau Ceramica,Treviso,Tau Ceramica,66,64,17,19,36,15,11,26,14,13,27,20,21,41,,,32,30,34,34,62,68,62,130,2,4,3,2,2
07.04.2005,Alpella,CSKA Moscow,CSKA Moscow,64,82,15,20,35,19,27,46,17,16,33,13,19,32,,,34,47,30,35,81,65,81,146,5,17,12,18,18
06.04.2005,Panathinaikos,Anadolu Efes SK,Panathinaikos,102,96,21,21,42,25,25,50,18,17,35,24,25,49,,,46,46,42,42,92,84,92,176,0,4,1,0,6
05.04.2005,Treviso,Tau Ceramica,Tau Ceramica,59,98,19,27,46,19,22,41,14,30,44,7,19,26,,,38,49,21,49,87,70,87,157,8,28,27,39,39
05.04.2005,Maccabi Tel Aviv,Pesaro,Maccabi Tel Aviv,88,60,26,10,36,25,18,43,15,15,30,22,17,39,,,51,28,37,32,79,69,79,148,16,9,23,28,28
05.04.2005,CSKA Moscow,Alpella,CSKA Moscow,88,74,20,19,39,29,15,44,14,20,34,25,20,45,,,49,34,39,40,83,79,83,162,1,5,9,14,14
31.03.2005,Cibona,Alpella,Alpella,64,68,12,19,31,20,14,34,24,16,40,8,19,27,,,32,33,32,35,65,67,65,132,7,1,7,4,4
31.03.2005,Montepaschi Siena,Maccabi Tel Aviv,Maccabi Tel Aviv,68,81,19,18,37,14,22,36,14,23,37,21,18,39,,,33,40,35,41,73,76,73,149,1,5,16,13,13
31.03.2005,Pesaro,CSKA Moscow,CSKA Moscow,66,84,14,24,38,12,19,31,18,28,46,22,13,35,,,26,43,40,41,69,81,69,150,10,3,27,18,18
31.03.2005,Real Madrid,Barcelona,Real Madrid,76,73,19,18,37,21,12,33,16,21,37,20,22,42,,,40,30,36,43,70,79,70,149,1,6,5,3,3
30.03.2005,Anadolu Efes SK,AEK Athens,Anadolu Efes SK,69,62,17,10,27,21,23,44,16,13,29,15,16,31,,,38,33,31,29,71,60,71,131,7,2,8,7,7
30.03.2005,Asseco Gdynia,Treviso,Treviso,51,85,11,26,37,10,14,24,9,25,34,21,20,41,,,21,40,30,45,61,75,61,136,15,10,35,34,34
30.03.2005,Panathinaikos,Fortitudo Bologna,Panathinaikos,78,55,21,17,38,17,9,26,17,16,33,23,13,36,,,38,26,40,29,64,69,64,133,4,14,13,23,23
30.03.2005,Zalgiris Kaunas,Tau Ceramica,Tau Ceramica,82,86,24,25,49,23,19,42,13,20,33,22,22,44,,,47,44,35,42,91,77,91,168,1,9,4,4,4
24.03.2005,Barcelona,Pesaro,Pesaro,87,101,19,26,45,19,20,39,22,27,49,27,28,55,,,38,46,49,55,84,104,84,188,7,3,13,14,14
24.03.2005,Treviso,Anadolu Efes SK,Treviso,70,59,19,14,33,21,15,36,8,16,24,22,14,36,,,40,29,30,30,69,60,69,129,5,1,3,11,11
24.03.2005,AEK Athens,Asseco Gdynia,AEK Athens,81,70,20,19,39,23,15,38,23,19,42,15,17,32,,,43,34,38,36,77,74,77,151,1,4,13,11,11
24.03.2005,Maccabi Tel Aviv,Cibona,Maccabi Tel Aviv,83,75,16,10,26,28,25,53,15,22,37,24,18,42,,,44,35,39,40,79,79,79,158,6,4,2,8,8
23.03.2005,Fortitudo Bologna,Zalgiris Kaunas,Fortitudo Bologna,87,74,22,17,39,26,19,45,18,15,33,21,23,44,,,48,36,39,38,84,77,84,161,5,3,15,13,13
23.03.2005,Tau Ceramica,Panathinaikos,Tau Ceramica,86,69,21,14,35,24,14,38,19,18,37,22,23,45,,,45,28,41,41,73,82,73,155,7,13,18,17,17
23.03.2005,Alpella,Montepaschi Siena,Alpella,85,71,21,14,35,16,22,38,22,18,40,26,17,43,,,37,36,48,35,73,83,73,156,7,12,5,14,14
23.03.2005,CSKA Moscow,Real Madrid,CSKA Moscow,89,73,26,13,39,24,19,43,27,19,46,12,22,34,,,50,32,39,41,82,80,82,162,13,7,26,16,16
17.03.2005,Pesaro,Real Madrid,Pesaro,90,88,21,17,38,18,26,44,18,18,36,24,20,44,,,39,43,42,38,82,80,82,162,4,1,4,0,2
17.03.2005,Cibona,Montepaschi Siena,Cibona,78,73,25,13,38,14,20,34,22,18,40,17,22,39,,,39,33,39,40,72,79,72,151,12,6,10,5,5
17.03.2005,Alpella,Maccabi Tel Aviv,Maccabi Tel Aviv,67,83,26,24,50,18,19,37,4,21,25,19,19,38,,,44,43,23,40,87,63,87,150,2,20,16,16,16
17.03.2005,Panathinaikos,Zalgiris Kaunas,Panathinaikos,83,78,21,11,32,23,24,47,20,22,42,19,21,40,,,44,35,39,43,79,82,79,161,10,4,7,5,5
16.03.2005,Fortitudo Bologna,Tau Ceramica,Fortitudo Bologna,86,79,18,22,40,22,20,42,19,23,42,27,14,41,,,40,42,46,37,82,83,82,165,4,4,6,7,7
16.03.2005,Treviso,AEK Athens,Treviso,85,65,20,11,31,17,17,34,24,20,44,24,17,41,,,37,28,48,37,65,85,65,150,9,20,13,20,20
16.03.2005,Asseco Gdynia,Anadolu Efes SK,Anadolu Efes SK,70,89,17,27,44,27,19,46,11,21,32,15,22,37,,,44,46,26,43,90,69,90,159,10,20,12,19,19
16.03.2005,CSKA Moscow,Barcelona,Barcelona,68,79,23,14,37,12,23,35,13,24,37,20,18,38,,,35,37,33,42,72,75,72,147,9,4,13,11,11
10.03.2005,Pesaro,Barcelona,Pesaro,71,70,14,19,33,18,14,32,23,15,38,16,22,38,,,32,33,39,37,65,76,65,141,5,6,7,1,1
10.03.2005,Real Madrid,CSKA Moscow,CSKA Moscow,94,95,26,21,47,21,30,51,21,16,37,16,17,33,,,47,51,37,33,98,70,98,168,5,14,1,0,1
10.03.2005,Cibona,Maccabi Tel Aviv,Maccabi Tel Aviv,74,91,29,27,56,21,19,40,15,23,38,9,22,31,,,50,46,24,45,96,69,96,165,2,22,4,17,17
10.03.2005,Asseco Gdynia,AEK Athens,AEK Athens,59,75,8,24,32,13,18,31,14,17,31,24,16,40,,,21,42,38,33,63,71,63,134,16,4,24,16,16
10.03.2005,Anadolu Efes SK,Treviso,Anadolu Efes SK,52,43,20,17,37,14,11,25,11,2,13,7,13,20,,,34,28,18,15,62,33,62,95,3,10,15,9,9
09.03.2005,Montepaschi Siena,Alpella,Montepaschi Siena,84,71,23,11,34,17,22,39,25,20,45,19,18,37,,,40,33,44,38,73,82,73,155,12,11,12,13,13
09.03.2005,Zalgiris Kaunas,Fortitudo Bologna,Fortitudo Bologna,81,82,25,18,43,11,28,39,28,23,51,17,13,30,,,36,46,45,36,82,81,82,163,7,1,5,1,1
09.03.2005,Panathinaikos,Tau Ceramica,Panathinaikos,93,81,20,28,48,21,23,44,26,14,40,26,16,42,,,41,51,52,30,92,82,92,174,8,1,2,12,12
03.03.2005,Barcelona,Real Madrid,Barcelona,84,71,22,16,38,15,21,36,22,21,43,25,13,38,,,37,37,47,34,74,81,74,155,6,10,1,13,13
03.03.2005,Treviso,Asseco Gdynia,Treviso,89,75,23,17,40,20,19,39,24,27,51,22,12,34,,,43,36,46,39,79,85,79,164,6,10,4,14,14
03.03.2005,Maccabi Tel Aviv,Montepaschi Siena,Maccabi Tel Aviv,85,84,22,18,40,24,27,51,19,19,38,20,20,40,,,46,45,39,39,91,78,91,169,4,6,1,1,1
03.03.2005,AEK Athens,Anadolu Efes SK,AEK Athens,70,69,14,19,33,16,20,36,19,17,36,21,13,34,,,30,39,40,30,69,70,69,139,5,1,7,1,1
02.03.2005,Fortitudo Bologna,Panathinaikos,Fortitudo Bologna,77,73,16,23,39,18,17,35,17,17,34,26,16,42,,,34,40,43,33,74,76,74,150,7,3,6,4,4
02.03.2005,Tau Ceramica,Zalgiris Kaunas,Tau Ceramica,100,69,37,17,54,18,21,39,25,13,38,20,18,38,,,55,38,45,31,93,76,93,169,20,7,29,31,31
02.03.2005,Alpella,Cibona,Alpella,84,77,26,18,44,17,24,41,14,17,31,27,18,45,,,43,42,41,35,85,76,85,161,8,1,2,7,7
02.03.2005,CSKA Moscow,Pesaro,CSKA Moscow,88,68,25,19,44,26,15,41,20,22,42,17,12,29,,,51,34,37,34,85,71,85,156,6,3,15,20,20
24.02.2005,Barcelona,CSKA Moscow,CSKA Moscow,70,91,14,19,33,23,16,39,12,28,40,21,28,49,,,37,35,33,56,72,89,72,161,5,2,14,21,21
24.02.2005,Montepaschi Siena,Cibona,Montepaschi Siena,90,62,21,14,35,24,14,38,22,17,39,23,17,40,,,45,28,45,34,73,79,73,152,7,17,22,28,28
24.02.2005,Real Madrid,Pesaro,Real Madrid,75,71,14,20,34,24,18,42,24,10,34,13,23,36,,,38,38,37,33,76,70,76,146,6,1,14,4,4
24.02.2005,Maccabi Tel Aviv,Alpella,Maccabi Tel Aviv,90,59,22,25,47,20,13,33,20,13,33,28,8,36,,,42,38,48,21,80,69,80,149,3,10,11,31,31
24.02.2005,Zalgiris Kaunas,Panathinaikos,Panathinaikos,73,84,20,26,46,22,15,37,7,13,20,24,30,54,,,42,41,31,43,83,74,83,157,6,10,5,11,11
23.02.2005,Tau Ceramica,Fortitudo Bologna,Tau Ceramica,94,84,25,20,45,30,15,45,18,20,38,21,29,50,,,55,35,39,49,90,88,90,178,5,4,18,10,10
23.02.2005,AEK Athens,Treviso,AEK Athens,83,75,24,14,38,19,28,47,13,15,28,27,18,45,,,43,42,40,33,85,73,85,158,10,2,1,8,8
23.02.2005,Anadolu Efes SK,Asseco Gdynia,Anadolu Efes SK,86,62,22,17,39,22,10,32,17,19,36,25,16,41,,,44,27,42,35,71,77,71,148,5,15,15,24,24
10.02.2005,Asseco Gdynia,Cibona,Asseco Gdynia,83,78,22,7,29,18,18,36,12,17,29,14,24,38,,,40,25,26,41,65,67,65,132,15,1,10,0,5
10.02.2005,Barcelona,Maccabi Tel Aviv,Barcelona,81,79,13,25,38,22,9,31,22,21,43,24,24,48,,,35,34,46,45,69,91,69,160,12,12,2,2,2
10.02.2005,Olympiacos,Estudiantes,Olympiacos,90,80,20,17,37,25,20,45,18,15,33,27,28,55,,,45,37,45,43,82,88,82,170,3,8,11,10,10
10.02.2005,Partizan,Anadolu Efes SK,Anadolu Efes SK,49,74,18,15,33,13,17,30,9,28,37,9,14,23,,,31,32,18,42,63,60,63,123,3,14,20,25,25
10.02.2005,Pesaro,Montepaschi Siena,Pesaro,83,69,25,19,44,21,17,38,21,12,33,16,21,37,,,46,36,37,33,82,70,82,152,6,1,19,14,14
10.02.2005,Petrol Olimpija,AEK Athens,Petrol Olimpija,70,66,10,16,26,26,15,41,18,17,35,16,18,34,,,36,31,34,35,67,69,67,136,6,3,6,4,4
10.02.2005,Real Madrid,Fortitudo Bologna,Fortitudo Bologna,79,81,15,16,31,16,23,39,21,28,49,27,14,41,,,31,39,48,42,70,90,70,160,1,9,15,2,2
10.02.2005,Zalgiris Kaunas,ASVEL,Zalgiris Kaunas,86,72,23,21,44,20,17,37,21,15,36,22,19,41,,,43,38,43,34,81,77,81,158,2,5,11,14,14
09.02.2005,Alpella,Tau Ceramica,Alpella,86,73,28,21,49,15,19,34,20,17,37,23,16,39,,,43,40,43,33,83,76,83,159,7,3,6,13,13
09.02.2005,Frankfurt,CSKA Moscow,CSKA Moscow,88,103,18,30,48,29,22,51,18,24,42,23,27,50,,,47,52,41,51,99,92,99,191,12,11,11,15,15
09.02.2005,Pau-Orthez,Panathinaikos,Panathinaikos,62,88,17,18,35,14,33,47,21,16,37,10,21,31,,,31,51,31,37,82,68,82,150,1,20,15,26,26
09.02.2005,Unicaja,Treviso,Unicaja,74,59,18,19,37,22,13,35,21,13,34,13,14,27,,,40,32,34,27,72,61,72,133,1,2,16,15,15
03.02.2005,Estudiantes,Real Madrid,Estudiantes,90,84,20,17,37,22,22,44,22,19,41,26,26,52,,,42,39,48,45,81,93,81,174,3,9,6,6,6
03.02.2005,Fortitudo Bologna,Asseco Gdynia,Fortitudo Bologna,71,63,15,18,33,19,17,36,15,16,31,22,12,34,,,34,35,37,28,69,65,69,134,3,2,2,8,8
03.02.2005,Maccabi Tel Aviv,Petrol Olimpija,Maccabi Tel Aviv,95,82,19,26,45,22,17,39,24,17,41,30,22,52,,,41,43,54,39,84,93,84,177,7,11,5,13,13
03.02.2005,Panathinaikos,Alpella,Panathinaikos,79,72,16,12,28,23,22,45,21,16,37,19,22,41,,,39,34,40,38,73,78,73,151,4,6,10,7,7
03.02.2005,Treviso,Pau-Orthez,Treviso,91,73,19,22,41,27,21,48,26,14,40,19,16,35,,,46,43,45,30,89,75,89,164,3,2,15,18,18
02.02.2005,Montepaschi Siena,Zalgiris Kaunas,Zalgiris Kaunas,70,74,15,18,33,22,17,39,13,20,33,15,10,25,,,37,35,28,30,72,58,72,130,3,7,5,0,4
02.02.2005,Tau Ceramica,Frankfurt,Tau Ceramica,90,69,21,19,40,20,21,41,21,16,37,28,13,41,,,41,40,49,29,81,78,81,159,2,9,6,21,21
02.02.2005,ASVEL,Barcelona,Barcelona,65,69,17,19,36,15,17,32,17,21,38,16,12,28,,,32,36,33,33,68,66,68,134,2,3,8,4,4
02.02.2005,Cibona,Partizan,Cibona,85,76,28,17,45,22,15,37,19,26,45,16,18,34,,,50,32,35,44,82,79,82,161,11,3,11,9,9
02.02.2005,Anadolu Efes SK,Olympiacos,Anadolu Efes SK,80,54,21,17,38,25,10,35,16,9,25,18,18,36,,,46,27,34,27,73,61,73,134,4,7,26,26,26
02.02.2005,AEK Athens,Pesaro,AEK Athens,78,72,14,25,39,25,12,37,14,20,34,25,15,40,,,39,37,39,35,76,74,76,150,11,2,4,6,6
02.02.2005,CSKA Moscow,Unicaja,CSKA Moscow,76,70,16,14,30,20,20,40,27,13,40,13,23,36,,,36,34,40,36,70,76,70,146,2,6,16,6,6
27.01.2005,Barcelona,Montepaschi Siena,Montepaschi Siena,58,70,16,13,29,8,19,27,17,18,35,17,20,37,,,24,32,34,38,56,72,56,128,3,2,9,12,12
27.01.2005,Cibona,Fortitudo Bologna,Fortitudo Bologna,89,96,16,23,39,22,24,46,22,20,42,21,14,35,,,38,47,43,34,85,77,85,162,7,4,7,0,7
27.01.2005,Petrol Olimpija,ASVEL,Petrol Olimpija,79,67,18,19,37,23,12,35,13,14,27,25,22,47,,,41,31,38,36,72,74,72,146,1,7,9,12,12
27.01.2005,Maccabi Tel Aviv,AEK Athens,Maccabi Tel Aviv,93,92,28,22,50,21,26,47,20,21,41,24,23,47,,,49,48,44,44,97,88,97,185,6,4,0,1,1
27.01.2005,Alpella,Treviso,Treviso,62,69,12,18,30,14,15,29,15,14,29,21,22,43,,,26,33,36,36,59,72,59,131,6,3,6,7,7
26.01.2005,Real Madrid,Anadolu Efes SK,Anadolu Efes SK,57,72,17,13,30,13,24,37,20,14,34,7,21,28,,,30,37,27,35,67,62,67,129,4,10,1,15,15
26.01.2005,Tau Ceramica,Panathinaikos,Tau Ceramica,84,82,16,24,40,29,21,50,17,12,29,22,25,47,,,45,45,39,37,90,76,90,166,8,6,5,2,2
26.01.2005,Pau-Orthez,CSKA Moscow,CSKA Moscow,93,103,24,19,43,21,29,50,22,32,54,26,23,49,,,45,48,48,55,93,103,93,196,5,0,13,10,10
26.01.2005,Zalgiris Kaunas,Pesaro,Zalgiris Kaunas,91,87,16,27,43,18,12,30,18,19,37,27,21,48,,,34,39,45,40,73,85,73,158,11,6,6,0,4
26.01.2005,Asseco Gdynia,Estudiantes,Asseco Gdynia,78,74,17,16,33,18,19,37,25,14,39,18,25,43,,,35,35,43,39,70,82,70,152,1,8,11,4,4
26.01.2005,Olympiacos,Partizan,Olympiacos,100,74,26,8,34,25,18,43,28,21,49,21,27,48,,,51,26,49,48,77,97,77,174,18,23,32,26,26
25.01.2005,Unicaja,Frankfurt,Unicaja,82,67,15,12,27,32,20,52,13,16,29,22,19,41,,,47,32,35,35,79,70,79,149,3,3,12,15,15
20.01.2005,Partizan,Fortitudo Bologna,Fortitudo Bologna,85,88,14,21,35,26,22,48,20,25,45,25,20,45,,,40,43,45,45,83,90,83,173,7,2,8,3,3
20.01.2005,Pesaro,Maccabi Tel Aviv,Pesaro,97,95,22,25,47,25,22,47,28,19,47,22,29,51,,,47,47,50,48,94,98,94,192,3,3,9,2,2
20.01.2005,ASVEL,AEK Athens,AEK Athens,69,73,19,21,40,16,17,33,17,19,36,17,16,33,,,35,38,34,35,73,69,73,142,2,4,5,4,4
20.01.2005,Olympiacos,Real Madrid,Real Madrid,75,83,14,25,39,15,18,33,20,19,39,26,21,47,,,29,43,46,40,72,86,72,158,11,3,13,8,8
20.01.2005,Zalgiris Kaunas,Barcelona,Barcelona,80,81,20,22,42,17,17,34,26,14,40,17,28,45,,,37,39,43,42,76,85,76,161,2,4,10,1,1
20.01.2005,Anadolu Efes SK,Asseco Gdynia,Anadolu Efes SK,78,65,21,13,34,16,21,37,23,14,37,18,17,35,,,37,34,41,31,71,72,71,143,8,7,12,13,13
19.01.2005,Unicaja,Pau-Orthez,Unicaja,80,71,23,20,43,16,18,34,16,18,34,25,15,40,,,39,38,41,33,77,74,77,151,3,3,1,9,9
19.01.2005,Estudiantes,Cibona,Cibona,81,87,26,24,50,13,24,37,14,13,27,28,26,54,,,39,48,42,39,87,81,87,168,2,6,8,6,6
19.01.2005,Frankfurt,Panathinaikos,Frankfurt,68,66,19,14,33,21,20,41,5,18,23,23,14,37,,,40,34,28,32,74,60,74,134,5,6,7,2,2
19.01.2005,Montepaschi Siena,Petrol Olimpija,Montepaschi Siena,74,70,22,22,44,21,19,40,13,12,25,18,17,35,,,43,41,31,29,84,60,84,144,0,10,3,4,4
19.01.2005,Treviso,Tau Ceramica,Treviso,75,63,20,15,35,19,15,34,21,17,38,15,16,31,,,39,30,36,33,69,69,69,138,5,6,13,12,12
19.01.2005,CSKA Moscow,Alpella,CSKA Moscow,90,77,25,23,48,20,19,39,25,18,43,20,17,37,,,45,42,45,35,87,80,87,167,2,3,10,13,13
13.01.2005,Barcelona,Pesaro,Barcelona,77,70,13,23,36,21,17,38,19,15,34,24,15,39,,,34,40,43,30,74,73,74,147,10,3,2,7,7
13.01.2005,Panathinaikos,Treviso,Panathinaikos,80,71,17,17,34,23,15,38,17,18,35,23,21,44,,,40,32,40,39,72,79,72,151,0,8,7,9,9
13.01.2005,Petrol Olimpija,Zalgiris Kaunas,Petrol Olimpija,86,73,21,15,36,17,21,38,27,18,45,21,19,40,,,38,36,48,37,74,85,74,159,6,12,11,13,13
13.01.2005,Maccabi Tel Aviv,ASVEL,Maccabi Tel Aviv,89,69,30,16,46,17,17,34,19,18,37,23,18,41,,,47,33,42,36,80,78,80,158,14,9,15,20,20
13.01.2005,Alpella,Unicaja,Alpella,66,62,12,11,23,18,15,33,13,18,31,23,18,41,,,30,26,36,36,56,72,56,128,1,10,1,4,4
12.01.2005,Cibona,Anadolu Efes SK,Cibona,82,72,16,11,27,18,17,35,27,20,47,21,24,45,,,34,28,48,44,62,92,62,154,5,20,13,10,10
12.01.2005,Fortitudo Bologna,Estudiantes,Fortitudo Bologna,84,78,24,26,50,13,14,27,25,17,42,22,21,43,,,37,40,47,38,77,85,77,162,2,7,5,6,6
12.01.2005,Real Madrid,Partizan,Real Madrid,82,66,21,14,35,24,13,37,16,20,36,21,19,40,,,45,27,37,39,72,76,72,148,7,10,14,16,16
12.01.2005,Tau Ceramica,CSKA Moscow,CSKA Moscow,81,85,23,26,49,18,19,37,24,18,42,16,22,38,,,41,45,40,40,86,80,86,166,3,5,2,4,4
12.01.2005,Pau-Orthez,Frankfurt,Frankfurt,81,86,17,16,33,15,19,34,20,21,41,29,30,59,,,32,35,49,51,67,100,67,167,1,14,4,5,5
12.01.2005,Asseco Gdynia,Olympiacos,Asseco Gdynia,77,71,15,27,42,23,14,37,25,13,38,14,17,31,,,38,41,39,30,79,69,79,148,12,2,9,6,6
12.01.2005,AEK Athens,Montepaschi Siena,AEK Athens,75,71,22,20,42,17,10,27,22,15,37,14,26,40,,,39,30,36,41,69,77,69,146,2,6,16,4,4
06.01.2005,Barcelona,Petrol Olimpija,Barcelona,79,69,18,14,32,21,16,37,24,16,40,16,23,39,,,39,30,40,39,69,79,69,148,4,10,17,10,10
06.01.2005,Montepaschi Siena,Maccabi Tel Aviv,Maccabi Tel Aviv,86,90,21,29,50,21,19,40,15,21,36,29,21,50,,,42,48,44,42,90,86,90,176,8,4,12,4,4
06.01.2005,Partizan,Estudiantes,Partizan,83,77,15,21,36,22,13,35,23,18,41,23,25,48,,,37,34,46,43,71,89,71,160,6,12,8,6,6
06.01.2005,Pesaro,ASVEL,Pesaro,95,86,25,21,46,22,18,40,17,16,33,31,31,62,,,47,39,48,47,86,95,86,181,4,9,9,9,9
06.01.2005,Olympiacos,Cibona,Olympiacos,89,83,17,17,34,20,12,32,16,24,40,22,22,44,,,37,29,38,46,66,84,66,150,0,9,0,0,6
06.01.2005,Zalgiris Kaunas,AEK Athens,Zalgiris Kaunas,81,71,27,19,46,22,16,38,8,19,27,24,17,41,,,49,35,32,36,84,68,84,152,8,3,3,10,10
06.01.2005,Anadolu Efes SK,Fortitudo Bologna,Anadolu Efes SK,79,73,16,20,36,23,21,44,22,12,34,18,20,38,,,39,41,40,32,80,72,80,152,4,1,8,6,6
05.01.2005,Unicaja,Tau Ceramica,Unicaja,78,76,19,17,36,11,21,32,18,12,30,30,26,56,,,30,38,48,38,68,86,68,154,2,10,2,2,2
05.01.2005,Pau-Orthez,Alpella,Pau-Orthez,82,80,17,18,35,19,20,39,26,26,52,20,16,36,,,36,38,46,42,74,88,74,162,1,8,2,2,2
05.01.2005,Frankfurt,Treviso,Treviso,58,77,12,24,36,15,15,30,16,26,42,15,12,27,,,27,39,31,38,66,69,66,135,12,8,22,19,19
05.01.2005,Real Madrid,Asseco Gdynia,Real Madrid,76,66,17,16,33,21,14,35,21,14,35,17,22,39,,,38,30,38,36,68,74,68,142,1,8,15,10,10
05.01.2005,CSKA Moscow,Panathinaikos,CSKA Moscow,75,72,20,13,33,13,26,39,19,21,40,23,12,35,,,33,39,42,33,72,75,72,147,7,3,8,3,3
23.12.2004,Estudiantes,Anadolu Efes SK,Anadolu Efes SK,61,66,20,15,35,11,27,38,23,7,30,7,17,24,,,31,42,30,24,73,54,73,127,5,12,5,5,5
23.12.2004,Maccabi Tel Aviv,Zalgiris Kaunas,Zalgiris Kaunas,102,104,35,26,61,14,29,43,29,20,49,24,29,53,,,49,55,53,49,104,102,104,206,9,2,3,2,2
23.12.2004,Tau Ceramica,Pau-Orthez,Tau Ceramica,93,87,17,16,33,24,25,49,26,22,48,26,24,50,,,41,41,52,46,82,98,82,180,1,11,4,6,6
23.12.2004,Treviso,CSKA Moscow,CSKA Moscow,72,80,24,21,45,14,22,36,10,14,24,24,23,47,,,38,43,34,37,81,71,81,152,3,9,9,8,8
23.12.2004,Petrol Olimpija,Pesaro,Pesaro,63,74,14,24,38,22,13,35,15,23,38,12,14,26,,,36,37,27,37,73,64,73,137,10,10,9,11,11
23.12.2004,AEK Athens,Barcelona,AEK Athens,91,79,20,16,36,26,17,43,15,19,34,30,27,57,,,46,33,45,46,79,91,79,170,4,12,9,12,12
22.12.2004,Cibona,Real Madrid,Cibona,73,58,16,13,29,21,18,39,21,17,38,15,10,25,,,37,31,36,27,68,63,68,131,3,5,10,15,15
22.12.2004,Fortitudo Bologna,Olympiacos,Fortitudo Bologna,94,77,20,17,37,16,18,34,30,17,47,28,25,53,,,36,35,58,42,71,100,71,171,3,23,14,17,17
22.12.2004,ASVEL,Montepaschi Siena,Montepaschi Siena,54,78,14,27,41,11,14,25,9,19,28,20,18,38,,,25,41,29,37,66,66,66,132,13,12,26,24,24
22.12.2004,Asseco Gdynia,Partizan,Asseco Gdynia,76,68,24,24,48,20,12,32,23,15,38,9,17,26,,,44,36,32,32,80,64,80,144,0,4,16,8,8
22.12.2004,Alpella,Frankfurt,Alpella,79,60,21,18,39,19,12,31,14,10,24,25,20,45,,,40,30,39,30,70,69,70,139,3,9,14,19,19
22.12.2004,Panathinaikos,Unicaja,Panathinaikos,88,69,21,18,39,18,23,41,23,11,34,26,17,43,,,39,41,49,28,80,77,80,157,3,8,10,19,19
16.12.2004,ASVEL,Zalgiris Kaunas,ASVEL,85,83,25,14,39,16,23,39,27,25,52,17,21,38,,,41,37,44,46,78,90,78,168,11,7,6,2,2
16.12.2004,Cibona,Asseco Gdynia,Cibona,88,57,21,16,37,25,10,35,24,23,47,18,8,26,,,46,26,42,31,72,73,72,145,5,16,21,31,31
16.12.2004,Estudiantes,Olympiacos,Estudiantes,87,57,29,16,45,21,14,35,18,17,35,19,10,29,,,50,30,37,27,80,64,80,144,13,7,21,30,30
16.12.2004,Montepaschi Siena,Pesaro,Montepaschi Siena,93,70,29,13,42,17,22,39,24,11,35,23,24,47,,,46,35,47,35,81,82,81,163,16,12,24,23,23
16.12.2004,Treviso,Unicaja,Treviso,72,62,20,16,36,15,8,23,13,18,31,24,20,44,,,35,24,37,38,59,75,59,134,4,13,6,10,10
16.12.2004,Maccabi Tel Aviv,Barcelona,Maccabi Tel Aviv,84,59,26,7,33,18,19,37,17,16,33,23,17,40,,,44,26,40,33,70,73,70,143,19,14,19,25,25
16.12.2004,Anadolu Efes SK,Partizan,Anadolu Efes SK,78,63,22,23,45,21,10,31,11,14,25,24,16,40,,,43,33,35,30,76,65,76,141,1,2,7,15,15
15.12.2004,Fortitudo Bologna,Real Madrid,Fortitudo Bologna,77,70,8,21,29,23,13,36,19,16,35,27,20,47,,,31,34,46,36,65,82,65,147,13,12,0,7,7
15.12.2004,Tau Ceramica,Alpella,Alpella,71,81,17,22,39,10,17,27,12,19,31,32,23,55,,,27,39,44,42,66,86,66,152,5,5,19,10,10
15.12.2004,AEK Athens,Petrol Olimpija,AEK Athens,76,75,16,13,29,22,16,38,25,24,49,13,22,35,,,38,29,38,46,67,84,67,151,3,9,10,1,1
15.12.2004,CSKA Moscow,Frankfurt,CSKA Moscow,86,82,14,20,34,22,18,40,28,23,51,22,21,43,,,36,38,50,44,74,94,74,168,6,12,3,4,4
15.12.2004,Panathinaikos,Pau-Orthez,Panathinaikos,103,89,20,24,44,22,18,40,35,22,57,26,25,51,,,42,42,61,47,84,108,84,192,4,19,13,14,14
09.12.2004,Barcelona,ASVEL,Barcelona,73,59,16,17,33,18,11,29,18,17,35,21,14,35,,,34,28,39,31,62,70,62,132,1,11,7,14,14
09.12.2004,Partizan,Cibona,Cibona,78,81,16,24,40,29,23,52,16,17,33,17,17,34,,,45,47,33,34,92,67,92,159,8,14,3,3,3
09.12.2004,Pesaro,AEK Athens,AEK Athens,88,90,21,21,42,21,22,43,22,25,47,24,22,46,,,42,43,46,47,85,93,85,178,0,3,4,2,2
09.12.2004,Real Madrid,Estudiantes,Real Madrid,91,66,24,16,40,35,17,52,13,11,24,19,22,41,,,59,33,32,33,92,65,92,157,8,1,28,25,25
09.12.2004,Olympiacos,Anadolu Efes SK,Anadolu Efes SK,59,110,21,26,47,14,33,47,14,17,31,10,34,44,,,35,59,24,51,94,75,94,169,5,35,27,51,51
09.12.2004,Petrol Olimpija,Maccabi Tel Aviv,Petrol Olimpija,93,81,17,17,34,15,17,32,29,28,57,32,19,51,,,32,34,61,47,66,108,66,174,0,27,1,12,12
09.12.2004,Zalgiris Kaunas,Montepaschi Siena,Zalgiris Kaunas,90,81,26,23,49,12,18,30,27,26,53,25,14,39,,,38,41,52,40,79,92,79,171,3,11,2,9,9
08.12.2004,Unicaja,CSKA Moscow,CSKA Moscow,62,73,18,19,37,13,22,35,14,20,34,17,12,29,,,31,41,31,32,72,63,72,135,1,10,16,11,11
08.12.2004,Pau-Orthez,Treviso,Pau-Orthez,79,72,23,21,44,15,23,38,26,8,34,15,20,35,,,38,44,41,28,82,69,82,151,2,3,12,7,7
08.12.2004,Frankfurt,Tau Ceramica,Tau Ceramica,80,97,22,29,51,18,15,33,23,27,50,17,26,43,,,40,44,40,53,84,93,84,177,7,4,8,17,17
08.12.2004,Asseco Gdynia,Fortitudo Bologna,Asseco Gdynia,78,68,15,14,29,21,16,37,22,17,39,20,21,41,,,36,30,42,38,66,80,66,146,1,12,11,10,10
08.12.2004,Alpella,Panathinaikos,Alpella,66,64,19,17,36,9,14,23,18,18,36,20,15,35,,,28,31,38,33,59,71,59,130,2,7,3,2,2
02.12.2004,Montepaschi Siena,Barcelona,Montepaschi Siena,88,85,23,25,48,16,20,36,18,24,42,31,16,47,,,39,45,49,40,84,89,84,173,2,4,12,3,3
02.12.2004,Pesaro,Zalgiris Kaunas,Pesaro,86,82,22,27,49,24,14,38,21,24,45,19,17,36,,,46,41,40,41,87,81,87,168,5,1,2,4,4
02.12.2004,ASVEL,Petrol Olimpija,ASVEL,61,54,16,10,26,14,9,23,12,16,28,19,19,38,,,30,19,31,35,49,66,49,115,6,12,7,7,7
02.12.2004,Anadolu Efes SK,Real Madrid,Anadolu Efes SK,74,70,18,13,31,17,21,38,18,15,33,21,21,42,,,35,34,39,36,69,75,69,144,5,5,4,4,4
02.12.2004,AEK Athens,Maccabi Tel Aviv,Maccabi Tel Aviv,110,113,29,29,58,25,32,57,24,24,48,32,28,60,,,54,61,56,52,115,108,115,223,0,5,7,3,3
02.12.2004,Partizan,Olympiacos,Partizan,87,73,19,22,41,31,24,55,17,14,31,20,13,33,,,50,46,37,27,96,64,96,160,3,9,7,14,14
01.12.2004,Estudiantes,Asseco Gdynia,Estudiantes,75,67,17,9,26,25,18,43,16,20,36,17,20,37,,,42,27,33,40,69,73,69,142,8,6,11,8,8
01.12.2004,Fortitudo Bologna,Cibona,Fortitudo Bologna,99,88,21,22,43,22,21,43,28,17,45,28,28,56,,,43,43,56,45,86,101,86,187,1,13,11,11,11
01.12.2004,Treviso,Alpella,Alpella,50,65,14,14,28,12,18,30,11,19,30,13,14,27,,,26,32,24,33,58,57,58,115,0,8,14,15,15
01.12.2004,Frankfurt,Unicaja,Frankfurt,73,67,22,30,52,16,10,26,20,20,40,15,7,22,,,38,40,35,27,78,62,78,140,8,5,2,6,6
01.12.2004,CSKA Moscow,Pau-Orthez,CSKA Moscow,80,60,24,15,39,21,17,38,15,13,28,20,15,35,,,45,32,35,28,77,63,77,140,9,3,15,20,20
01.12.2004,Panathinaikos,Tau Ceramica,Panathinaikos,99,95,16,17,33,30,23,53,19,28,47,20,17,37,,,46,40,39,45,86,84,86,170,1,1,3,0,4
25.11.2004,Barcelona,Zalgiris Kaunas,Zalgiris Kaunas,98,102,16,28,44,34,17,51,25,24,49,23,33,56,,,50,45,48,57,95,105,95,200,12,3,6,4,4
25.11.2004,Cibona,Estudiantes,Cibona,85,78,22,22,44,15,20,35,25,17,42,23,19,42,,,37,42,48,36,79,84,79,163,0,6,3,7,7
25.11.2004,Real Madrid,Olympiacos,Real Madrid,76,62,20,15,35,14,17,31,16,18,34,26,12,38,,,34,32,42,30,66,72,66,138,5,10,0,14,14
25.11.2004,Petrol Olimpija,Montepaschi Siena,Petrol Olimpija,79,74,15,19,34,28,24,52,16,14,30,20,17,37,,,43,43,36,31,86,67,86,153,4,7,2,5,5
25.11.2004,Maccabi Tel Aviv,Pesaro,Maccabi Tel Aviv,123,73,26,25,51,34,8,42,28,19,47,35,21,56,,,60,33,63,40,93,103,93,196,1,30,36,50,50
25.11.2004,AEK Athens,ASVEL,AEK Athens,89,63,22,15,37,24,22,46,23,8,31,20,18,38,,,46,37,43,26,83,69,83,152,7,6,24,26,26
24.11.2004,Fortitudo Bologna,Partizan,Fortitudo Bologna,103,91,21,27,48,35,20,55,28,20,48,19,24,43,,,56,47,47,44,103,91,103,194,6,0,17,12,12
24.11.2004,Tau Ceramica,Treviso,Treviso,73,76,26,24,50,17,11,28,13,24,37,17,17,34,,,43,35,30,41,78,71,78,149,2,5,3,3,3
24.11.2004,Pau-Orthez,Unicaja,Unicaja,75,97,25,20,45,17,30,47,22,22,44,11,25,36,,,42,50,33,47,92,80,92,172,5,17,8,22,22
24.11.2004,Asseco Gdynia,Anadolu Efes SK,Anadolu Efes SK,67,73,10,19,29,18,19,37,22,12,34,17,23,40,,,28,38,39,35,66,74,66,140,9,1,0,6,6
24.11.2004,Panathinaikos,Frankfurt,Panathinaikos,72,67,12,23,35,21,8,29,16,25,41,23,11,34,,,33,31,39,36,64,75,64,139,11,8,7,5,5
24.11.2004,Alpella,CSKA Moscow,CSKA Moscow,82,87,20,17,37,15,26,41,20,24,44,27,20,47,,,35,43,47,44,78,91,78,169,3,4,12,5,5
18.11.2004,Estudiantes,Fortitudo Bologna,Fortitudo Bologna,84,97,27,22,49,17,23,40,19,25,44,21,27,48,,,44,45,40,52,89,92,89,181,5,5,7,13,13
18.11.2004,Partizan,Real Madrid,Real Madrid,87,92,21,12,33,16,16,32,19,24,43,18,22,40,,,37,28,37,46,65,83,65,148,9,9,4,0,5
18.11.2004,Treviso,Panathinaikos,Treviso,83,77,18,23,41,22,21,43,27,11,38,16,22,38,,,40,44,43,33,84,76,84,160,5,1,12,6,6
18.11.2004,ASVEL,Maccabi Tel Aviv,Maccabi Tel Aviv,80,85,24,21,45,18,20,38,25,22,47,13,22,35,,,42,41,38,44,83,82,83,165,3,3,4,5,5
18.11.2004,Zalgiris Kaunas,Petrol Olimpija,Petrol Olimpija,78,83,13,21,34,18,27,45,21,15,36,26,20,46,,,31,48,47,35,79,82,79,161,8,1,11,5,5
17.11.2004,Unicaja,Alpella,Unicaja,73,62,19,15,34,19,17,36,22,18,40,13,12,25,,,38,32,35,30,70,65,70,135,4,3,10,11,11
17.11.2004,Montepaschi Siena,AEK Athens,Montepaschi Siena,77,58,18,16,34,23,13,36,18,15,33,18,14,32,,,41,29,36,29,70,65,70,135,2,7,15,19,19
17.11.2004,Pesaro,Barcelona,Barcelona,62,80,24,16,40,13,25,38,13,21,34,12,18,30,,,37,41,25,39,78,64,78,142,8,16,12,18,18
17.11.2004,Frankfurt,Pau-Orthez,Frankfurt,86,62,22,19,41,16,17,33,25,9,34,23,17,40,,,38,36,48,26,74,74,74,148,3,12,18,24,24
17.11.2004,Anadolu Efes SK,Cibona,Anadolu Efes SK,72,70,25,19,44,15,14,29,19,19,38,13,18,31,,,40,33,32,37,73,69,73,142,6,1,7,2,2
17.11.2004,CSKA Moscow,Tau Ceramica,CSKA Moscow,88,83,24,27,51,17,20,37,25,18,43,22,18,40,,,41,47,47,36,88,83,88,171,3,0,1,5,5
17.11.2004,Olympiacos,Asseco Gdynia,Asseco Gdynia,75,77,21,17,38,20,16,36,16,16,32,18,28,46,,,41,33,34,44,74,78,74,152,4,1,8,2,2
11.11.2004,Estudiantes,Partizan,Estudiantes,71,59,19,18,37,18,15,33,17,12,29,17,14,31,,,37,33,34,26,70,60,70,130,1,1,9,12,12
11.11.2004,ASVEL,Pesaro,Pesaro,73,82,18,20,38,17,12,29,21,13,34,14,25,39,,,35,32,35,38,67,73,67,140,2,3,11,0,9
11.11.2004,Petrol Olimpija,Barcelona,Barcelona,69,83,13,15,28,28,25,53,20,17,37,8,26,34,,,41,40,28,43,81,71,81,152,2,12,4,14,14
11.11.2004,Maccabi Tel Aviv,Montepaschi Siena,Maccabi Tel Aviv,93,88,20,24,44,19,25,44,32,24,56,22,15,37,,,39,49,54,39,88,93,88,181,4,5,2,5,5
10.11.2004,Cibona,Olympiacos,Olympiacos,60,64,19,17,36,13,21,34,17,14,31,11,12,23,,,32,38,28,26,70,54,70,124,2,10,3,4,4
10.11.2004,Fortitudo Bologna,Anadolu Efes SK,Fortitudo Bologna,92,71,37,11,48,16,20,36,22,18,40,17,22,39,,,53,31,39,40,84,79,84,163,26,8,26,21,21
10.11.2004,Tau Ceramica,Unicaja,Tau Ceramica,83,79,19,15,34,24,21,45,22,20,42,18,23,41,,,43,36,40,43,79,83,79,162,4,4,9,4,4
10.11.2004,Treviso,Frankfurt,Treviso,93,60,17,8,25,18,17,35,22,13,35,36,22,58,,,35,25,58,35,60,93,60,153,9,33,19,33,33
10.11.2004,Panathinaikos,CSKA Moscow,CSKA Moscow,73,85,17,19,36,18,17,35,16,27,43,22,22,44,,,35,36,38,49,71,87,71,158,2,2,12,12,12
10.11.2004,Asseco Gdynia,Real Madrid,Real Madrid,61,69,16,13,29,10,24,34,22,18,40,13,14,27,,,26,37,35,32,63,67,63,130,3,2,7,8,8
10.11.2004,Alpella,Pau-Orthez,Pau-Orthez,70,75,26,21,47,19,17,36,11,25,36,14,12,26,,,45,38,25,37,83,62,83,145,5,13,7,5,5
10.11.2004,AEK Athens,Zalgiris Kaunas,Zalgiris Kaunas,76,86,21,23,44,15,16,31,17,25,42,23,22,45,,,36,39,40,47,75,87,75,162,2,1,11,10,10
04.11.2004,Barcelona,AEK Athens,Barcelona,69,57,25,14,39,24,9,33,9,15,24,11,19,30,,,49,23,20,34,72,54,72,126,11,3,20,12,12
04.11.2004,Pesaro,Petrol Olimpija,Pesaro,77,68,13,19,32,22,9,31,21,22,43,21,18,39,,,35,28,42,40,63,82,63,145,6,14,6,9,9
04.11.2004,Real Madrid,Cibona,Cibona,69,70,9,18,27,14,19,33,29,22,51,17,11,28,,,23,37,46,33,60,79,60,139,9,9,7,1,1
04.11.2004,Pau-Orthez,Tau Ceramica,Tau Ceramica,81,87,23,22,45,20,25,45,20,14,34,18,26,44,,,43,47,38,40,90,78,90,168,1,9,2,6,6
04.11.2004,Anadolu Efes SK,Estudiantes,Anadolu Efes SK,81,72,20,14,34,21,15,36,22,23,45,18,20,38,,,41,29,40,43,70,83,70,153,6,11,11,9,9
03.11.2004,Unicaja,Panathinaikos,Panathinaikos,75,83,18,16,34,14,18,32,13,19,32,30,30,60,,,32,34,43,49,66,92,66,158,2,9,8,8,8
03.11.2004,Montepaschi Siena,ASVEL,Montepaschi Siena,86,70,19,17,36,31,15,46,18,23,41,18,15,33,,,50,32,36,38,82,74,82,156,2,4,13,16,16
03.11.2004,Partizan,Asseco Gdynia,Asseco Gdynia,64,66,16,13,29,14,22,36,13,16,29,21,15,36,,,30,35,34,31,65,65,65,130,3,1,8,2,2
03.11.2004,Frankfurt,Alpella,Alpella,52,82,11,19,30,9,29,38,17,15,32,15,19,34,,,20,48,32,34,68,66,68,134,8,16,26,30,30
03.11.2004,CSKA Moscow,Treviso,CSKA Moscow,80,79,20,18,38,24,17,41,20,21,41,16,23,39,,,44,35,36,44,79,80,79,159,2,1,8,1,1
03.11.2004,Olympiacos,Fortitudo Bologna,Fortitudo Bologna,71,76,26,24,50,19,15,34,15,13,28,11,24,35,,,45,39,26,37,84,63,84,147,2,13,8,5,5
01.11.2004,Zalgiris Kaunas,Maccabi Tel Aviv,Maccabi Tel Aviv,75,102,19,28,47,22,19,41,21,24,45,13,31,44,,,41,47,34,55,88,89,88,177,9,13,9,27,27
01.05.2004,Maccabi Tel Aviv,Fortitudo Bologna,Maccabi Tel Aviv,118,74,31,13,44,24,17,41,25,21,46,38,23,61,,,55,30,63,44,85,107,85,192,18,33,29,44,44
01.05.2004,CSKA Moscow,Montepaschi Siena,CSKA Moscow,97,94,15,32,47,25,24,49,31,17,48,26,21,47,,,40,56,57,38,96,95,96,191,17,1,2,3,3
29.04.2004,Maccabi Tel Aviv,CSKA Moscow,Maccabi Tel Aviv,93,85,18,27,45,23,15,38,21,13,34,31,30,61,,,41,42,52,43,83,95,83,178,9,10,7,8,8
29.04.2004,Montepaschi Siena,Fortitudo Bologna,Fortitudo Bologna,102,103,20,23,43,18,24,42,24,17,41,28,26,54,,,38,47,52,43,85,95,85,180,3,5,2,0,1
08.04.2004,Maccabi Tel Aviv,Zalgiris Kaunas,Maccabi Tel Aviv,107,99,30,22,52,16,21,37,12,21,33,36,30,66,,,46,43,48,51,89,99,89,188,8,5,6,0,8
08.04.2004,Panathinaikos,Montepaschi Siena,Montepaschi Siena,77,86,26,22,48,20,14,34,14,36,50,17,14,31,,,46,36,31,50,82,81,82,163,4,5,12,9,9
08.04.2004,Treviso,Barcelona,Treviso,88,72,23,13,36,13,24,37,32,15,47,20,20,40,,,36,37,52,35,73,87,73,160,10,15,16,16,16
08.04.2004,Valencia,Alpella,Valencia,78,72,19,17,36,22,21,43,21,24,45,16,10,26,,,41,38,37,34,79,71,79,150,2,1,0,6,6
07.04.2004,Cibona,CSKA Moscow,Cibona,81,72,28,17,45,13,11,24,14,20,34,26,24,50,,,41,28,40,44,69,84,69,153,11,12,7,9,9
07.04.2004,Tau Ceramica,Olympiacos,Tau Ceramica,87,82,25,21,46,27,20,47,23,21,44,12,20,32,,,52,41,35,41,93,76,93,169,4,6,13,5,5
07.04.2004,Anadolu Efes SK,Petrol Olimpija,Anadolu Efes SK,68,58,14,20,34,16,10,26,16,8,24,22,20,42,,,30,30,38,28,60,66,60,126,6,8,8,10,10
07.04.2004,Pau-Orthez,Fortitudo Bologna,Fortitudo Bologna,80,81,21,19,40,16,21,37,23,23,46,20,18,38,,,37,40,43,41,77,84,77,161,2,3,3,1,1
01.04.2004,Barcelona,Panathinaikos,Panathinaikos,64,67,19,14,33,12,20,32,16,15,31,17,18,35,,,31,34,33,33,65,66,65,131,5,1,2,3,3
01.04.2004,Montepaschi Siena,Treviso,Montepaschi Siena,80,64,21,14,35,22,14,36,16,19,35,21,17,38,,,43,28,37,36,71,73,71,144,7,9,12,16,16
01.04.2004,Zalgiris Kaunas,Valencia,Valencia,87,100,14,22,36,15,22,37,24,20,44,34,36,70,,,29,44,58,56,73,114,73,187,8,14,11,13,13
01.04.2004,Alpella,Maccabi Tel Aviv,Alpella,79,76,15,16,31,20,16,36,14,18,32,30,26,56,,,35,32,44,44,67,88,67,155,1,12,1,3,3
31.03.2004,Fortitudo Bologna,Anadolu Efes SK,Fortitudo Bologna,76,75,13,14,27,19,23,42,23,23,46,21,15,36,,,32,37,44,38,69,82,69,151,1,7,5,1,1
31.03.2004,Petrol Olimpija,Pau-Orthez,Pau-Orthez,86,90,24,20,44,16,23,39,19,17,36,27,30,57,,,40,43,46,47,83,93,83,176,4,3,1,4,4
31.03.2004,Olympiacos,Cibona,Cibona,68,70,13,19,32,26,12,38,14,19,33,15,20,35,,,39,31,29,39,70,68,70,138,6,2,3,2,2
31.03.2004,CSKA Moscow,Tau Ceramica,CSKA Moscow,84,82,19,28,47,23,20,43,23,15,38,19,19,38,,,42,48,42,34,90,76,90,166,9,6,2,2,2
25.03.2004,Petrol Olimpija,Fortitudo Bologna,Fortitudo Bologna,73,86,17,32,49,19,22,41,23,15,38,14,17,31,,,36,54,37,32,90,69,90,159,15,17,10,13,13
25.03.2004,Treviso,Panathinaikos,Treviso,111,101,23,27,50,20,23,43,22,25,47,25,15,40,,,43,50,47,40,93,87,93,180,4,3,10,0,10
25.03.2004,Maccabi Tel Aviv,Valencia,Maccabi Tel Aviv,20,0,0,0,0,0,0,0,0,0,0,0,0,0,,,0,0,0,0,0,0,0,0,0,0,0,0,20
25.03.2004,Zalgiris Kaunas,Alpella,Zalgiris Kaunas,95,72,23,15,38,24,22,46,25,18,43,23,17,40,,,47,37,48,35,84,83,84,167,8,11,17,23,23
24.03.2004,Barcelona,Montepaschi Siena,Montepaschi Siena,85,86,21,23,44,20,20,40,16,25,41,28,18,46,,,41,43,44,43,84,87,84,171,2,1,11,1,1
24.03.2004,Tau Ceramica,Cibona,Tau Ceramica,95,76,29,11,40,22,15,37,22,18,40,22,32,54,,,51,26,44,50,77,94,77,171,18,18,29,19,19
24.03.2004,Olympiacos,CSKA Moscow,CSKA Moscow,69,93,16,25,41,11,21,32,13,22,35,29,25,54,,,27,46,42,47,73,89,73,162,9,4,28,24,24
24.03.2004,Anadolu Efes SK,Pau-Orthez,Anadolu Efes SK,78,61,24,20,44,20,22,42,15,8,23,19,11,30,,,44,42,34,19,86,53,86,139,4,8,9,17,17
18.03.2004,Pau-Orthez,Petrol Olimpija,Pau-Orthez,83,77,20,25,45,20,17,37,19,15,34,24,20,44,,,40,42,43,35,82,78,82,160,5,1,2,6,6
18.03.2004,Treviso,Montepaschi Siena,Treviso,95,92,23,18,41,28,27,55,22,25,47,22,22,44,,,51,45,44,47,96,91,96,187,5,1,3,3,3
18.03.2004,Valencia,Zalgiris Kaunas,Valencia,85,76,29,24,53,18,20,38,19,10,29,19,22,41,,,47,44,38,32,91,70,91,161,5,6,12,9,9
18.03.2004,Maccabi Tel Aviv,Alpella,Maccabi Tel Aviv,90,76,23,20,43,26,14,40,21,16,37,20,26,46,,,49,34,41,42,83,83,83,166,3,7,20,14,14
18.03.2004,Panathinaikos,Barcelona,Barcelona,66,84,17,18,35,24,22,46,10,25,35,15,19,34,,,41,40,25,44,81,69,81,150,1,15,14,18,18
17.03.2004,Tau Ceramica,CSKA Moscow,CSKA Moscow,77,80,24,23,47,14,11,25,17,28,45,22,18,40,,,38,34,39,46,72,85,72,157,1,5,7,3,3
17.03.2004,Cibona,Olympiacos,Olympiacos,62,68,21,17,38,16,15,31,9,17,26,16,19,35,,,37,32,25,36,69,61,69,130,4,7,3,6,6
17.03.2004,Anadolu Efes SK,Fortitudo Bologna,Anadolu Efes SK,72,70,24,12,36,13,29,42,22,14,36,13,15,28,,,37,41,35,29,78,64,78,142,12,6,4,2,2
11.03.2004,Montepaschi Siena,Panathinaikos,Montepaschi Siena,86,67,20,20,40,22,15,37,22,13,35,22,19,41,,,42,35,44,32,77,76,77,153,0,9,16,19,19
11.03.2004,Petrol Olimpija,Anadolu Efes SK,Petrol Olimpija,68,57,22,18,40,19,15,34,15,12,27,12,12,24,,,41,33,27,24,74,51,74,125,4,6,11,11,11
11.03.2004,Zalgiris Kaunas,Maccabi Tel Aviv,Zalgiris Kaunas,78,70,18,19,37,24,15,39,16,11,27,20,25,45,,,42,34,36,36,76,72,76,148,1,2,13,8,8
10.03.2004,Barcelona,Treviso,Treviso,67,77,13,18,31,11,21,32,20,21,41,23,17,40,,,24,39,43,38,63,81,63,144,5,4,16,10,10
10.03.2004,Fortitudo Bologna,Pau-Orthez,Fortitudo Bologna,87,81,21,24,45,21,21,42,20,20,40,25,16,41,,,42,45,45,36,87,81,87,168,3,0,3,6,6
10.03.2004,Olympiacos,Tau Ceramica,Tau Ceramica,83,85,26,23,49,12,22,34,21,17,38,24,23,47,,,38,45,45,40,83,85,83,168,3,0,3,2,2
10.03.2004,Alpella,Valencia,Valencia,77,81,22,20,42,23,12,35,11,27,38,21,22,43,,,45,32,32,49,77,81,77,158,2,0,3,4,4
10.03.2004,CSKA Moscow,Cibona,CSKA Moscow,68,61,13,14,27,17,14,31,22,14,36,16,19,35,,,30,28,38,33,58,71,58,129,1,10,10,7,7
04.03.2004,Montepaschi Siena,Barcelona,Barcelona,68,73,10,13,23,22,26,48,15,12,27,21,22,43,,,32,39,36,34,71,70,71,141,3,3,4,5,5
04.03.2004,Valencia,Maccabi Tel Aviv,Maccabi Tel Aviv,74,89,13,18,31,27,25,52,18,20,38,16,26,42,,,40,43,34,46,83,80,83,163,5,9,5,15,15
04.03.2004,Cibona,Tau Ceramica,Tau Ceramica,72,78,8,13,21,20,21,41,25,18,43,19,26,45,,,28,34,44,44,62,88,62,150,5,10,1,6,6
04.03.2004,Alpella,Zalgiris Kaunas,Zalgiris Kaunas,73,85,25,26,51,20,16,36,15,16,31,13,27,40,,,45,42,28,43,87,71,87,158,1,14,2,12,12
04.03.2004,Panathinaikos,Treviso,Panathinaikos,82,75,18,21,39,19,20,39,24,18,42,21,16,37,,,37,41,45,34,78,79,78,157,3,4,2,7,7
03.03.2004,Fortitudo Bologna,Petrol Olimpija,Fortitudo Bologna,84,76,22,16,38,18,11,29,26,22,48,18,27,45,,,40,27,44,49,67,93,67,160,6,17,17,8,8
03.03.2004,Pau-Orthez,Anadolu Efes SK,Anadolu Efes SK,57,77,17,22,39,9,16,25,10,15,25,21,24,45,,,26,38,31,39,64,70,64,134,5,7,17,20,20
03.03.2004,CSKA Moscow,Olympiacos,CSKA Moscow,80,66,20,20,40,19,12,31,25,17,42,16,17,33,,,39,32,41,34,71,75,71,146,0,9,15,14,14
19.02.2004,Alpella,Barcelona,Barcelona,61,76,10,28,38,19,17,36,15,19,34,17,12,29,,,29,45,32,31,74,63,74,137,18,13,20,15,15
19.02.2004,Partizan,AEK Athens,Partizan,78,71,23,19,42,18,21,39,20,18,38,17,13,30,,,41,40,37,31,81,68,81,149,4,3,3,7,7
19.02.2004,Petrol Olimpija,Cibona,Petrol Olimpija,85,81,24,23,47,19,17,36,22,13,35,8,20,28,,,43,40,30,33,83,63,83,146,1,10,12,0,4
19.02.2004,Virtus Roma,Pau-Orthez,Pau-Orthez,73,80,24,24,48,15,22,37,18,20,38,16,14,30,,,39,46,34,34,85,68,85,153,0,12,9,7,7
19.02.2004,Fortitudo Bologna,Unicaja,Fortitudo Bologna,82,60,19,15,34,25,21,46,18,10,28,20,14,34,,,44,36,38,24,80,62,80,142,4,2,16,22,22
19.02.2004,Maccabi Tel Aviv,Montepaschi Siena,Maccabi Tel Aviv,88,86,16,22,38,27,31,58,28,11,39,17,22,39,,,43,53,45,33,96,78,96,174,6,8,7,2,2
19.02.2004,Panathinaikos,KK Krka Novo Mesto,Panathinaikos,101,67,20,18,38,28,16,44,26,18,44,27,15,42,,,48,34,53,33,82,86,82,168,2,19,22,34,34
19.02.2004,Zalgiris Kaunas,CSKA Moscow,CSKA Moscow,75,78,24,13,37,18,28,46,15,14,29,18,23,41,,,42,41,33,37,83,70,83,153,11,8,2,3,3
18.02.2004,Alba Berlin,Olympiacos,Olympiacos,70,71,14,25,39,19,19,38,22,10,32,15,17,32,,,33,44,37,27,77,64,77,141,11,7,1,1,1
18.02.2004,ASVEL,Tau Ceramica,Tau Ceramica,70,82,15,29,44,20,12,32,14,17,31,21,24,45,,,35,41,35,41,76,76,76,152,14,6,9,12,12
18.02.2004,Slask Wroclaw,Treviso,Treviso,72,77,17,20,37,12,16,28,22,18,40,21,23,44,,,29,36,43,41,65,84,65,149,3,7,3,5,5
18.02.2004,Valencia,Anadolu Efes SK,Valencia,107,103,32,20,52,20,22,42,19,29,48,23,23,46,,,52,42,42,52,94,94,94,188,12,0,0,0,4
12.02.2004,Unicaja,Panathinaikos,Unicaja,83,78,11,20,31,17,23,40,26,14,40,29,21,50,,,28,43,55,35,71,90,71,161,9,12,3,5,5
12.02.2004,Cibona,Virtus Roma,Cibona,82,55,17,20,37,16,11,27,23,12,35,26,12,38,,,33,31,49,24,64,73,64,137,3,18,13,27,27
12.02.2004,KK Krka Novo Mesto,Zalgiris Kaunas,Zalgiris Kaunas,65,72,16,13,29,20,16,36,17,15,32,12,28,40,,,36,29,29,43,65,72,65,137,3,0,9,7,7
12.02.2004,Montepaschi Siena,Fortitudo Bologna,Montepaschi Siena,76,69,21,19,40,18,17,35,17,15,32,20,18,38,,,39,36,37,33,75,70,75,145,2,1,5,7,7
12.02.2004,Barcelona,Partizan,Barcelona,95,91,16,19,35,29,18,47,16,26,42,22,20,42,,,45,37,38,46,82,84,82,166,3,1,2,0,4
12.02.2004,Olympiacos,ASVEL,Olympiacos,82,61,13,14,27,26,9,35,18,20,38,25,18,43,,,39,23,43,38,62,81,62,143,1,20,14,21,21
12.02.2004,Anadolu Efes SK,Slask Wroclaw,Anadolu Efes SK,95,92,23,26,49,17,21,38,26,20,46,29,25,54,,,40,47,55,45,87,100,87,187,3,8,1,3,3
12.02.2004,CSKA Moscow,Maccabi Tel Aviv,Maccabi Tel Aviv,80,83,17,14,31,14,17,31,32,21,53,17,31,48,,,31,31,49,52,62,101,62,163,3,18,11,3,3
11.02.2004,Pau-Orthez,Alpella,Alpella,77,83,17,15,32,17,25,42,19,15,34,24,28,52,,,34,40,43,43,74,86,74,160,2,3,2,6,6
11.02.2004,Tau Ceramica,Valencia,Tau Ceramica,73,67,22,19,41,16,15,31,20,19,39,15,14,29,,,38,34,35,33,72,68,72,140,3,1,5,6,6
11.02.2004,Treviso,Alba Berlin,Treviso,91,65,28,15,43,23,12,35,18,17,35,22,21,43,,,51,27,40,38,78,78,78,156,13,13,25,26,26
11.02.2004,AEK Athens,Petrol Olimpija,AEK Athens,91,87,28,23,51,26,21,47,20,27,47,17,16,33,,,54,44,37,43,98,80,98,178,5,7,3,4,4
05.02.2004,Partizan,Pau-Orthez,Pau-Orthez,75,77,17,22,39,32,14,46,16,22,38,10,19,29,,,49,36,26,41,85,67,85,152,5,10,7,2,2
05.02.2004,Petrol Olimpija,Virtus Roma,Petrol Olimpija,87,68,20,17,37,15,9,24,27,28,55,25,14,39,,,35,26,52,42,61,94,61,155,3,26,8,19,19
05.02.2004,AEK Athens,Barcelona,Barcelona,64,70,23,17,40,17,18,35,9,17,26,15,18,33,,,40,35,24,35,75,59,75,134,6,11,3,6,6
05.02.2004,Maccabi Tel Aviv,Zalgiris Kaunas,Maccabi Tel Aviv,92,83,27,17,44,29,27,56,23,14,37,13,25,38,,,56,44,36,39,100,75,100,175,10,8,21,9,9
05.02.2004,Olympiacos,Treviso,Treviso,89,102,22,28,50,27,24,51,27,26,53,13,24,37,,,49,52,40,50,101,90,101,191,6,12,2,13,13
04.02.2004,Fortitudo Bologna,CSKA Moscow,CSKA Moscow,71,78,12,15,27,25,21,46,16,26,42,18,16,34,,,37,36,34,42,73,76,73,149,3,2,9,7,7
04.02.2004,KK Krka Novo Mesto,Unicaja,KK Krka Novo Mesto,78,77,23,14,37,14,24,38,19,26,45,22,13,35,,,37,38,41,39,75,80,75,155,9,3,8,1,1
04.02.2004,Valencia,ASVEL,Valencia,80,64,27,9,36,15,15,30,24,19,43,14,21,35,,,42,24,38,40,66,78,66,144,18,14,23,16,16
04.02.2004,Alba Berlin,Anadolu Efes SK,Alba Berlin,77,61,19,22,41,13,13,26,28,17,45,17,9,26,,,32,35,45,26,67,71,67,138,3,10,8,16,16
04.02.2004,Panathinaikos,Montepaschi Siena,Panathinaikos,80,76,21,15,36,21,24,45,15,24,39,23,13,36,,,42,39,38,37,81,75,81,156,6,1,6,4,4
04.02.2004,Slask Wroclaw,Tau Ceramica,Tau Ceramica,87,88,26,24,50,26,19,45,15,23,38,20,22,42,,,52,43,35,45,95,80,95,175,2,8,1,1,1
04.02.2004,Alpella,Cibona,Alpella,76,70,18,18,36,14,21,35,14,18,32,30,13,43,,,32,39,44,31,71,75,71,146,0,5,11,6,6
29.01.2004,ASVEL,Treviso,Treviso,74,87,12,27,39,16,23,39,18,25,43,28,12,40,,,28,50,46,37,78,83,78,161,15,4,29,13,13
29.01.2004,Montepaschi Siena,KK Krka Novo Mesto,Montepaschi Siena,82,55,17,16,33,17,19,36,25,12,37,23,8,31,,,34,35,48,20,69,68,69,137,1,13,12,27,27
29.01.2004,Tau Ceramica,Alba Berlin,Tau Ceramica,94,81,20,11,31,26,26,52,20,20,40,28,24,52,,,46,37,48,44,83,92,83,175,9,11,9,13,13
29.01.2004,Valencia,Slask Wroclaw,Valencia,102,73,23,22,45,19,9,28,28,22,50,32,20,52,,,42,31,60,42,73,102,73,175,1,29,17,29,29
29.01.2004,Maccabi Tel Aviv,Fortitudo Bologna,Fortitudo Bologna,89,99,23,24,47,12,16,28,26,30,56,28,29,57,,,35,40,54,59,75,113,75,188,1,14,9,10,10
29.01.2004,Zalgiris Kaunas,Unicaja,Zalgiris Kaunas,89,81,20,22,42,23,19,42,20,21,41,26,19,45,,,43,41,46,40,84,86,84,170,2,5,1,8,8
29.01.2004,Anadolu Efes SK,Olympiacos,Anadolu Efes SK,61,52,18,19,37,12,12,24,17,14,31,14,7,21,,,30,31,31,21,61,52,61,113,1,0,2,9,9
28.01.2004,Barcelona,Petrol Olimpija,Barcelona,92,72,24,16,40,26,18,44,22,20,42,20,18,38,,,50,34,42,38,84,80,84,164,8,8,18,20,20
28.01.2004,Cibona,Partizan,Cibona,92,69,27,16,43,17,20,37,22,9,31,26,24,50,,,44,36,48,33,80,81,80,161,11,12,21,23,23
28.01.2004,Pau-Orthez,AEK Athens,AEK Athens,68,78,16,11,27,14,18,32,21,19,40,17,30,47,,,30,29,38,49,59,87,59,146,5,9,3,10,10
28.01.2004,Virtus Roma,Alpella,Alpella,53,69,8,14,22,14,14,28,15,18,33,16,23,39,,,22,28,31,41,50,72,50,122,6,3,9,16,16
28.01.2004,CSKA Moscow,Panathinaikos,CSKA Moscow,75,68,21,19,40,22,22,44,8,13,21,24,14,38,,,43,41,32,27,84,59,84,143,2,9,3,7,7
22.01.2004,Fortitudo Bologna,Zalgiris Kaunas,Fortitudo Bologna,117,107,27,23,50,29,28,57,34,34,68,27,22,49,,,56,51,61,56,107,117,107,224,4,10,5,10,10
22.01.2004,Partizan,Virtus Roma,Virtus Roma,73,81,25,24,49,19,11,30,14,25,39,15,21,36,,,44,35,29,46,79,75,79,154,1,6,2,8,8
22.01.2004,AEK Athens,Cibona,Cibona,73,75,26,13,39,20,21,41,14,17,31,13,24,37,,,46,34,27,41,80,68,80,148,13,7,9,2,2
22.01.2004,Alpella,Petrol Olimpija,Alpella,68,63,15,13,28,20,10,30,14,20,34,19,20,39,,,35,23,33,40,58,73,58,131,2,10,6,5,5
22.01.2004,Panathinaikos,Maccabi Tel Aviv,Maccabi Tel Aviv,84,91,13,33,46,27,13,40,13,24,37,31,21,52,,,40,46,44,45,86,89,86,175,20,2,17,7,7
22.01.2004,Slask Wroclaw,ASVEL,Slask Wroclaw,84,75,22,20,42,26,15,41,18,23,41,18,17,35,,,48,35,36,40,83,76,83,159,2,1,8,9,9
21.01.2004,Unicaja,Montepaschi Siena,Unicaja,75,63,16,22,38,21,10,31,22,18,40,16,13,29,,,37,32,38,31,69,69,69,138,6,6,9,12,12
21.01.2004,Barcelona,Pau-Orthez,Barcelona,81,69,21,22,43,22,13,35,22,15,37,16,19,35,,,43,35,38,34,78,72,78,150,1,3,15,12,12
21.01.2004,KK Krka Novo Mesto,CSKA Moscow,CSKA Moscow,62,89,13,15,28,23,28,51,10,21,31,16,25,41,,,36,43,26,46,79,72,79,151,2,17,18,27,27
21.01.2004,Treviso,Anadolu Efes SK,Anadolu Efes SK,66,79,14,20,34,21,15,36,17,12,29,14,32,46,,,35,35,31,44,70,75,70,145,6,4,5,13,13
21.01.2004,Olympiacos,Tau Ceramica,Olympiacos,81,72,25,19,44,17,21,38,22,14,36,17,18,35,,,42,40,39,32,82,71,82,153,6,1,10,9,9
21.01.2004,Alba Berlin,Valencia,Valencia,80,93,21,22,43,23,28,51,14,20,34,22,23,45,,,44,50,36,43,94,79,94,173,1,14,12,13,13
15.01.2004,Maccabi Tel Aviv,KK Krka Novo Mesto,Maccabi Tel Aviv,98,58,24,10,34,25,24,49,26,14,40,23,10,33,,,49,34,49,24,83,73,83,156,14,15,27,40,40
15.01.2004,Petrol Olimpija,Pau-Orthez,Petrol Olimpija,84,78,19,19,38,23,23,46,23,12,35,19,24,43,,,42,42,42,36,84,78,84,162,0,0,11,6,6
15.01.2004,Valencia,Olympiacos,Olympiacos,78,90,21,17,38,17,14,31,18,26,44,22,33,55,,,38,31,40,59,69,99,69,168,4,9,1,12,12
15.01.2004,Virtus Roma,AEK Athens,AEK Athens,70,73,22,20,42,18,25,43,18,11,29,12,17,29,,,40,45,30,28,85,58,85,143,2,15,2,3,3
15.01.2004,Zalgiris Kaunas,Montepaschi Siena,Montepaschi Siena,73,75,22,17,39,21,21,42,12,19,31,18,18,36,,,43,38,30,37,81,67,81,148,5,8,2,2,2
15.01.2004,Alpella,Partizan,Alpella,81,73,20,17,37,27,16,43,16,19,35,18,21,39,,,47,33,34,40,80,74,80,154,3,1,11,8,8
15.01.2004,Slask Wroclaw,Alba Berlin,Slask Wroclaw,92,80,23,19,42,26,21,47,23,25,48,20,15,35,,,49,40,43,40,89,83,89,172,4,3,7,12,12
14.01.2004,ASVEL,Anadolu Efes SK,Anadolu Efes SK,67,73,19,27,46,18,22,40,13,10,23,17,14,31,,,37,49,30,24,86,54,86,140,8,19,9,6,6
14.01.2004,Cibona,Barcelona,Cibona,74,68,29,16,45,12,18,30,19,20,39,14,14,28,,,41,34,33,34,75,67,75,142,13,1,6,6,6
14.01.2004,Fortitudo Bologna,Panathinaikos,Panathinaikos,114,118,20,19,39,18,22,40,20,26,46,27,18,45,,,38,41,47,44,79,91,79,170,1,6,9,0,4
14.01.2004,Tau Ceramica,Treviso,Tau Ceramica,88,81,28,28,56,30,17,47,20,19,39,10,17,27,,,58,45,30,36,103,66,103,169,0,15,14,7,7
14.01.2004,CSKA Moscow,Unicaja,CSKA Moscow,91,84,19,14,33,20,18,38,23,23,46,16,23,39,,,39,32,39,46,71,85,71,156,5,7,7,0,7
08.01.2004,Unicaja,Maccabi Tel Aviv,Unicaja,87,75,25,21,46,24,28,52,10,13,23,28,13,41,,,49,49,38,26,98,64,98,162,4,11,3,12,12
08.01.2004,Montepaschi Siena,CSKA Moscow,Montepaschi Siena,79,73,20,19,39,23,15,38,22,22,44,14,17,31,,,43,34,36,39,77,75,77,152,1,2,9,6,6
08.01.2004,Partizan,Petrol Olimpija,Partizan,77,67,19,18,37,17,14,31,27,20,47,14,15,29,,,36,32,41,35,68,76,68,144,1,9,11,10,10
08.01.2004,Pau-Orthez,Cibona,Pau-Orthez,105,89,32,26,58,22,16,38,24,22,46,27,25,52,,,54,42,51,47,96,98,96,194,6,9,14,16,16
08.01.2004,Olympiacos,Slask Wroclaw,Olympiacos,98,92,18,21,39,27,25,52,26,21,47,27,25,52,,,45,46,53,46,91,99,91,190,3,7,4,6,6
08.01.2004,Panathinaikos,Zalgiris Kaunas,Panathinaikos,91,80,25,27,52,25,17,42,22,15,37,19,21,40,,,50,44,41,36,94,77,94,171,2,3,13,11,11
07.01.2004,KK Krka Novo Mesto,Fortitudo Bologna,Fortitudo Bologna,58,66,14,6,20,20,15,35,12,20,32,12,25,37,,,34,21,24,45,55,69,55,124,8,3,5,8,8
07.01.2004,Treviso,Valencia,Treviso,90,72,30,18,48,21,10,31,15,23,38,24,21,45,,,51,28,39,44,79,83,79,162,12,11,15,18,18
07.01.2004,Barcelona,Virtus Roma,Barcelona,86,65,24,10,34,22,19,41,12,14,26,28,22,50,,,46,29,40,36,75,76,75,151,14,11,15,21,21
07.01.2004,AEK Athens,Alpella,AEK Athens,83,82,19,24,43,22,20,42,14,22,36,28,16,44,,,41,44,42,38,85,80,85,165,5,2,11,1,1
07.01.2004,Alba Berlin,ASVEL,Alba Berlin,80,73,19,23,42,21,14,35,21,20,41,19,16,35,,,40,37,40,36,77,76,77,153,4,3,4,7,7
07.01.2004,Anadolu Efes SK,Tau Ceramica,Anadolu Efes SK,74,65,17,14,31,16,17,33,16,20,36,25,14,39,,,33,31,41,34,64,75,64,139,3,10,2,9,9
18.12.2003,Barcelona,Alpella,Barcelona,92,57,24,13,37,24,15,39,22,20,42,22,9,31,,,48,28,44,29,76,73,76,149,11,16,22,35,35
18.12.2003,KK Krka Novo Mesto,Panathinaikos,Panathinaikos,64,74,14,17,31,15,20,35,16,18,34,19,19,38,,,29,37,35,37,66,72,66,138,3,2,10,10,10
18.12.2003,Montepaschi Siena,Maccabi Tel Aviv,Maccabi Tel Aviv,85,89,20,21,41,21,21,42,17,22,39,27,25,52,,,41,42,44,47,83,91,83,174,1,2,6,4,4
18.12.2003,Pau-Orthez,Virtus Roma,Virtus Roma,106,110,22,28,50,19,24,43,21,18,39,29,21,50,,,41,52,50,39,93,89,93,182,6,2,8,0,4
18.12.2003,AEK Athens,Partizan,AEK Athens,95,92,26,21,47,25,17,42,19,22,41,25,32,57,,,51,38,44,54,89,98,89,187,5,6,10,3,3
18.12.2003,Olympiacos,Alba Berlin,Olympiacos,96,95,22,21,43,24,23,47,17,18,35,24,25,49,,,46,44,41,43,90,84,90,174,1,3,1,0,1
18.12.2003,CSKA Moscow,Zalgiris Kaunas,CSKA Moscow,90,81,28,22,50,13,16,29,23,26,49,26,17,43,,,41,38,49,43,79,92,79,171,6,11,0,9,9
17.12.2003,Unicaja,Fortitudo Bologna,Fortitudo Bologna,72,80,18,17,35,17,22,39,17,20,37,20,21,41,,,35,39,37,41,74,78,74,152,1,2,7,8,8
17.12.2003,Anadolu Efes SK,Valencia,Anadolu Efes SK,69,59,20,17,37,15,7,22,20,9,29,14,26,40,,,35,24,34,35,59,69,59,128,3,10,22,10,10
17.12.2003,Cibona,Petrol Olimpija,Cibona,95,86,26,25,51,26,19,45,22,29,51,21,13,34,,,52,44,43,42,96,85,96,181,1,1,1,9,9
17.12.2003,Tau Ceramica,ASVEL,Tau Ceramica,92,76,23,21,44,28,18,46,24,8,32,17,29,46,,,51,39,41,37,90,78,90,168,2,2,28,16,16
17.12.2003,Treviso,Slask Wroclaw,Treviso,98,56,31,12,43,23,14,37,22,14,36,22,16,38,,,54,26,44,30,80,74,80,154,19,18,36,42,42
11.12.2003,ASVEL,Olympiacos,Olympiacos,77,92,18,21,39,27,21,48,8,25,33,24,25,49,,,45,42,32,50,87,82,87,169,3,10,14,15,15
11.12.2003,Partizan,Barcelona,Partizan,61,57,12,15,27,18,14,32,12,13,25,19,15,34,,,30,29,31,28,59,59,59,118,3,2,0,4,4
11.12.2003,Petrol Olimpija,AEK Athens,Petrol Olimpija,78,77,22,21,43,18,25,43,18,15,33,20,16,36,,,40,46,38,31,86,69,86,155,1,8,3,1,1
11.12.2003,Virtus Roma,Cibona,Virtus Roma,80,72,25,21,46,12,13,25,25,19,44,18,19,37,,,37,34,43,38,71,81,71,152,4,9,9,8,8
11.12.2003,Maccabi Tel Aviv,CSKA Moscow,CSKA Moscow,84,87,28,18,46,21,16,37,19,29,48,16,24,40,,,49,34,35,53,83,88,83,171,10,1,5,3,3
11.12.2003,Zalgiris Kaunas,KK Krka Novo Mesto,Zalgiris Kaunas,98,75,16,23,39,28,12,40,31,24,55,23,16,39,,,44,35,54,40,79,94,79,173,7,19,16,23,23
11.12.2003,Slask Wroclaw,Anadolu Efes SK,Slask Wroclaw,76,69,13,18,31,19,19,38,22,14,36,22,18,40,,,32,37,44,32,69,76,69,145,5,7,3,7,7
10.12.2003,Fortitudo Bologna,Montepaschi Siena,Fortitudo Bologna,95,86,19,27,46,29,20,49,19,22,41,28,17,45,,,48,47,47,39,95,86,95,181,8,0,2,9,9
10.12.2003,Valencia,Tau Ceramica,Valencia,84,71,26,24,50,20,14,34,20,14,34,18,19,37,,,46,38,38,33,84,71,84,155,2,0,14,13,13
10.12.2003,Alba Berlin,Treviso,Treviso,70,86,19,17,36,22,23,45,10,18,28,19,28,47,,,41,40,29,46,81,75,81,156,2,11,7,16,16
10.12.2003,Alpella,Pau-Orthez,Pau-Orthez,62,78,19,14,33,13,25,38,12,20,32,18,19,37,,,32,39,30,39,71,69,71,140,5,9,15,16,16
10.12.2003,Panathinaikos,Unicaja,Panathinaikos,91,67,21,13,34,26,18,44,20,16,36,24,20,44,,,47,31,44,36,78,80,78,158,8,13,20,24,24
04.12.2003,Unicaja,KK Krka Novo Mesto,Unicaja,87,77,23,30,53,22,18,40,24,16,40,18,13,31,,,45,48,42,29,93,71,93,164,7,6,5,10,10
04.12.2003,ASVEL,Valencia,ASVEL,86,66,17,15,32,20,20,40,21,20,41,28,11,39,,,37,35,49,31,72,80,72,152,2,14,3,20,20
04.12.2003,Montepaschi Siena,Panathinaikos,Montepaschi Siena,86,74,20,20,40,22,17,39,21,20,41,23,17,40,,,42,37,44,37,79,81,79,160,0,7,6,12,12
04.12.2003,Virtus Roma,Petrol Olimpija,Virtus Roma,80,79,16,20,36,19,24,43,14,17,31,31,18,49,,,35,44,45,35,79,80,79,159,4,1,12,1,1
04.12.2003,Zalgiris Kaunas,Maccabi Tel Aviv,Maccabi Tel Aviv,87,91,15,16,31,32,23,55,24,26,50,16,26,42,,,47,39,40,52,86,92,86,178,1,1,6,4,4
03.12.2003,Barcelona,AEK Athens,Barcelona,79,62,15,16,31,22,19,41,24,12,36,18,15,33,,,37,35,42,27,72,69,72,141,1,7,14,17,17
03.12.2003,Cibona,Alpella,Cibona,69,68,23,16,39,21,14,35,10,19,29,15,19,34,,,44,30,25,38,74,63,74,137,7,5,5,1,1
03.12.2003,Pau-Orthez,Partizan,Pau-Orthez,81,78,23,21,44,18,19,37,15,13,28,25,25,50,,,41,40,40,38,81,78,81,159,2,0,3,3,3
03.12.2003,Tau Ceramica,Slask Wroclaw,Tau Ceramica,95,75,28,29,57,26,20,46,23,17,40,18,9,27,,,54,49,41,26,103,67,103,170,1,8,11,20,20
03.12.2003,Treviso,Olympiacos,Treviso,80,75,17,15,32,24,12,36,17,18,35,22,30,52,,,41,27,39,48,68,87,68,155,2,12,13,5,5
03.12.2003,Anadolu Efes SK,Alba Berlin,Anadolu Efes SK,79,68,18,21,39,20,9,29,21,19,40,20,19,39,,,38,30,41,38,68,79,68,147,3,11,10,11,11
03.12.2003,CSKA Moscow,Fortitudo Bologna,Fortitudo Bologna,70,71,22,22,44,9,10,19,21,19,40,18,20,38,,,31,32,39,39,63,78,63,141,0,7,1,1,1
27.11.2003,Unicaja,Zalgiris Kaunas,Zalgiris Kaunas,72,74,19,19,38,15,17,32,24,18,42,14,20,34,,,34,36,38,38,70,76,70,146,0,2,4,2,2
27.11.2003,Fortitudo Bologna,Maccabi Tel Aviv,Maccabi Tel Aviv,104,111,24,25,49,24,20,44,18,24,42,31,28,59,,,48,45,49,52,93,101,93,194,1,4,3,0,7
27.11.2003,Partizan,Cibona,Partizan,93,81,28,25,53,21,10,31,23,21,44,21,25,46,,,49,35,44,46,84,90,84,174,3,9,16,12,12
27.11.2003,Petrol Olimpija,Barcelona,Barcelona,63,69,13,20,33,15,17,32,13,11,24,22,21,43,,,28,37,35,32,65,67,65,132,7,2,7,6,6
27.11.2003,AEK Athens,Pau-Orthez,Pau-Orthez,71,83,15,20,35,20,27,47,14,19,33,22,17,39,,,35,47,36,36,82,72,82,154,5,11,17,12,12
27.11.2003,Olympiacos,Anadolu Efes SK,Anadolu Efes SK,57,69,13,16,29,18,21,39,11,16,27,15,16,31,,,31,37,26,32,68,58,68,126,3,11,11,12,12
27.11.2003,KK Krka Novo Mesto,Montepaschi Siena,KK Krka Novo Mesto,86,74,26,21,47,18,20,38,15,21,36,27,12,39,,,44,41,42,33,85,75,85,160,5,1,3,12,12
26.11.2003,Treviso,ASVEL,Treviso,80,59,13,7,20,28,7,35,19,14,33,20,31,51,,,41,14,39,45,55,84,55,139,6,25,32,21,21
26.11.2003,Alba Berlin,Tau Ceramica,Alba Berlin,95,89,21,28,49,27,18,45,17,17,34,30,26,56,,,48,46,47,43,94,90,94,184,7,1,2,6,6
26.11.2003,Alpella,Virtus Roma,Alpella,67,63,21,20,41,16,11,27,13,15,28,17,17,34,,,37,31,30,32,68,62,68,130,1,1,4,4,4
26.11.2003,Slask Wroclaw,Valencia,Valencia,85,88,22,20,42,19,20,39,24,21,45,20,27,47,,,41,40,44,48,81,92,81,173,2,4,4,3,3
26.11.2003,Panathinaikos,CSKA Moscow,CSKA Moscow,58,69,22,14,36,14,18,32,14,12,26,8,25,33,,,36,32,22,37,68,59,68,127,8,10,6,11,11
20.11.2003,ASVEL,Slask Wroclaw,Slask Wroclaw,65,77,21,25,46,13,21,34,15,11,26,16,20,36,,,34,46,31,31,80,62,80,142,4,15,8,12,12
20.11.2003,Petrol Olimpija,Alpella,Alpella,82,91,24,21,45,15,21,36,21,21,42,22,28,50,,,39,42,43,49,81,92,81,173,3,1,3,9,9
20.11.2003,Tau Ceramica,Olympiacos,Tau Ceramica,92,77,21,29,50,20,14,34,26,18,44,25,16,41,,,41,43,51,34,84,85,84,169,8,8,6,15,15
20.11.2003,Virtus Roma,Partizan,Partizan,63,77,25,21,46,13,17,30,12,20,32,13,19,32,,,38,38,25,39,76,64,76,140,4,13,8,14,14
20.11.2003,Maccabi Tel Aviv,Panathinaikos,Maccabi Tel Aviv,97,75,23,16,39,22,26,48,25,15,40,27,18,45,,,45,42,52,33,87,85,87,172,7,10,13,22,22
20.11.2003,Zalgiris Kaunas,Fortitudo Bologna,Zalgiris Kaunas,87,77,22,17,39,23,29,52,23,20,43,19,11,30,,,45,46,42,31,91,73,91,164,5,4,2,10,10
19.11.2003,Cibona,AEK Athens,Cibona,85,80,24,21,45,19,18,37,15,20,35,27,21,48,,,43,39,42,41,82,83,82,165,3,3,1,5,5
19.11.2003,Montepaschi Siena,Unicaja,Montepaschi Siena,80,71,19,14,33,27,20,47,17,14,31,17,23,40,,,46,34,34,37,80,71,80,151,5,0,15,9,9
19.11.2003,Pau-Orthez,Barcelona,Barcelona,79,83,19,16,35,18,26,44,23,15,38,19,26,45,,,37,42,42,41,79,83,79,162,3,0,3,4,4
19.11.2003,Valencia,Alba Berlin,Valencia,87,72,28,20,48,15,17,32,19,18,37,25,17,42,,,43,37,44,35,80,79,80,159,8,7,7,15,15
19.11.2003,CSKA Moscow,KK Krka Novo Mesto,CSKA Moscow,89,35,23,7,30,25,14,39,24,6,30,17,8,25,,,48,21,41,14,69,55,69,124,16,20,45,54,54
19.11.2003,Anadolu Efes SK,Treviso,Treviso,78,89,16,25,41,17,21,38,19,21,40,26,22,48,,,33,46,45,43,79,88,79,167,9,1,15,11,11
13.11.2003,Unicaja,CSKA Moscow,CSKA Moscow,62,65,10,25,35,21,12,33,15,11,26,16,17,33,,,31,37,31,28,68,59,68,127,15,6,2,3,3
13.11.2003,KK Krka Novo Mesto,Maccabi Tel Aviv,Maccabi Tel Aviv,81,85,24,14,38,17,20,37,16,28,44,24,23,47,,,41,34,40,51,75,91,75,166,10,6,5,4,4
13.11.2003,Montepaschi Siena,Zalgiris Kaunas,Montepaschi Siena,64,56,16,18,34,24,16,40,6,7,13,18,15,33,,,40,34,24,22,74,46,74,120,2,10,5,8,8
13.11.2003,Partizan,Alpella,Partizan,76,68,14,20,34,23,15,38,20,10,30,19,23,42,,,37,35,39,33,72,72,72,144,6,4,12,8,8
13.11.2003,Pau-Orthez,Petrol Olimpija,Petrol Olimpija,89,91,20,17,37,17,24,41,30,15,45,17,28,45,,,37,41,47,43,78,90,78,168,3,6,11,0,2
13.11.2003,AEK Athens,Virtus Roma,AEK Athens,79,77,16,12,28,17,27,44,25,22,47,21,16,37,,,33,39,46,38,72,84,72,156,4,7,3,2,2
13.11.2003,Olympiacos,Valencia,Valencia,69,77,16,18,34,13,15,28,16,13,29,24,31,55,,,29,33,40,44,62,84,62,146,2,7,1,8,8
12.11.2003,Barcelona,Cibona,Barcelona,77,60,18,18,36,20,12,32,15,23,38,24,7,31,,,38,30,39,30,68,69,68,137,0,9,0,17,17
12.11.2003,Treviso,Tau Ceramica,Tau Ceramica,92,99,30,21,51,24,30,54,23,23,46,15,25,40,,,54,51,38,48,105,86,105,191,9,13,3,7,7
12.11.2003,Alba Berlin,Slask Wroclaw,Slask Wroclaw,53,67,9,15,24,19,12,31,11,30,41,14,10,24,,,28,27,25,40,55,65,55,120,6,2,18,14,14
12.11.2003,Anadolu Efes SK,ASVEL,Anadolu Efes SK,69,44,20,11,31,16,7,23,21,14,35,12,12,24,,,36,18,33,26,54,59,54,113,9,15,25,25,25
12.11.2003,Panathinaikos,Fortitudo Bologna,Panathinaikos,78,66,10,16,26,25,13,38,23,13,36,20,24,44,,,35,29,43,37,64,80,64,144,6,14,16,12,12
06.11.2003,Cibona,Pau-Orthez,Cibona,72,71,26,14,40,17,20,37,17,19,36,12,18,30,,,43,34,29,37,77,66,77,143,12,5,7,1,1
06.11.2003,Fortitudo Bologna,KK Krka Novo Mesto,Fortitudo Bologna,97,86,23,20,43,33,21,54,17,23,40,24,22,46,,,56,41,41,45,97,86,97,183,3,0,9,11,11
06.11.2003,Petrol Olimpija,Partizan,Petrol Olimpija,69,67,17,16,33,19,14,33,16,20,36,17,17,34,,,36,30,33,37,66,70,66,136,1,3,2,2,2
06.11.2003,Tau Ceramica,Anadolu Efes SK,Anadolu Efes SK,83,87,24,17,41,27,21,48,16,27,43,16,22,38,,,51,38,32,49,89,81,89,170,7,6,2,4,4
06.11.2003,Maccabi Tel Aviv,Unicaja,Maccabi Tel Aviv,88,73,20,17,37,33,12,45,17,14,31,18,30,48,,,53,29,35,44,82,79,82,161,3,6,27,15,15
06.11.2003,Zalgiris Kaunas,Panathinaikos,Zalgiris Kaunas,80,74,17,20,37,21,16,37,27,18,45,15,20,35,,,38,36,42,38,74,80,74,154,3,6,11,6,6
06.11.2003,Slask Wroclaw,Olympiacos,Slask Wroclaw,82,80,17,15,32,17,17,34,26,26,52,22,22,44,,,34,32,48,48,66,96,66,162,2,16,2,2,2
05.11.2003,ASVEL,Alba Berlin,ASVEL,91,89,27,25,52,17,23,40,27,14,41,20,27,47,,,44,48,47,41,92,88,92,180,2,1,9,2,2
05.11.2003,Valencia,Treviso,Valencia,89,64,18,17,35,26,10,36,25,21,46,20,16,36,,,44,27,45,37,71,82,71,153,1,18,21,25,25
05.11.2003,Alpella,AEK Athens,Alpella,75,69,23,12,35,13,14,27,19,18,37,20,25,45,,,36,26,39,43,62,82,62,144,11,13,11,6,6
05.11.2003,CSKA Moscow,Montepaschi Siena,CSKA Moscow,84,71,21,17,38,20,18,38,19,25,44,24,11,35,,,41,35,43,36,76,79,76,155,4,8,0,13,13
03.11.2003,Virtus Roma,Barcelona,Barcelona,59,61,20,16,36,10,12,22,16,18,34,13,15,28,,,30,28,29,33,58,62,58,120,4,1,0,2,2
