DATE,HT,AT,HS,AS,Q1H,Q1A,Q2H,Q2A,Q3H,Q3A,Q4H,Q4A,P1H,P1A,P2H,P2A,P1T,P2T,HTT,FTT
19.05.2019,Anadolu Efes SK,CSKA Moscow,83,91,20,29,22,15,20,24,21,23,42,44,41,47,86,88,86,174
19.05.2019,Fenerbahce Ulker,Real Madrid,5,94,16,24,24,14,23,31,12,25,40,38,35,56,78,91,78,169
17.05.2019,CSKA Moscow,Real Madrid,95,90,18,22,25,23,22,28,30,17,43,45,52,45,88,97,88,185
17.05.2019,Fenerbahce Ulker,Anadolu Efes SK,73,92,20,19,20,26,17,23,16,24,40,45,33,47,85,80,85,165
01.05.2019,Anadolu Efes SK,Barcelona,80,71,23,28,24,14,14,15,19,14,47,42,33,29,89,62,89,151
26.04.2019,Barcelona,Anadolu Efes SK,82,72,15,22,21,16,27,12,19,22,36,38,46,34,74,80,74,154
26.04.2019,Baskonia,CSKA Moscow,83,92,22,20,26,19,23,29,12,24,48,39,35,53,87,88,87,175
25.04.2019,Zalgiris Kaunas,Fenerbahce Ulker,82,99,16,30,25,19,20,23,21,27,41,49,41,50,90,91,90,181
24.04.2019,Barcelona,Anadolu Efes SK,68,102,20,26,19,26,18,32,11,18,39,52,29,50,91,79,91,170
24.04.2019,Baskonia,CSKA Moscow,77,84,18,28,21,18,20,16,18,22,39,46,38,38,85,76,85,161
23.04.2019,Panathinaikos,Real Madrid,82,89,18,23,23,13,17,22,24,31,41,36,41,53,77,94,77,171
23.04.2019,Zalgiris Kaunas,Fenerbahce Ulker,57,66,19,15,15,16,12,18,11,17,34,31,23,35,65,58,65,123
19.04.2019,Real Madrid,Panathinaikos,78,63,21,8,14,18,26,15,17,22,35,26,43,37,61,80,61,141
19.04.2019,Anadolu Efes SK,Barcelona,72,74,16,19,18,19,25,24,13,12,34,38,38,36,72,74,72,146
18.04.2019,Fenerbahce Ulker,Zalgiris Kaunas,80,82,21,20,18,26,19,27,22,9,39,46,41,36,85,77,85,162
18.04.2019,CSKA Moscow,Baskonia,68,78,18,27,19,15,15,24,16,12,37,42,31,36,79,67,79,146
17.04.2019,Real Madrid,Panathinaikos,75,72,21,17,22,18,15,17,17,20,43,35,32,37,78,69,78,147
17.04.2019,Anadolu Efes SK,Barcelona,75,68,26,15,14,21,18,13,17,19,40,36,35,32,76,67,76,143
16.04.2019,Fenerbahce Ulker,Zalgiris Kaunas,76,43,15,13,23,8,21,14,17,8,38,21,38,22,59,60,59,119
16.04.2019,CSKA Moscow,Baskonia,94,68,23,24,21,16,29,12,21,16,44,40,50,28,84,78,84,162
05.04.2019,Barcelona,Khimki,83,74,21,32,23,11,10,15,29,16,44,43,39,31,87,70,87,157
05.04.2019,Olympiacos,Darussafaka Ct,99,74,20,28,25,16,30,12,24,18,45,44,54,30,89,84,89,173
05.04.2019,Bayern,Gran Canaria,84,77,26,20,18,15,29,18,11,24,44,35,40,42,79,82,79,161
05.04.2019,Fenerbahce Ulker,Maccabi Tel Aviv,78,75,20,20,21,21,10,18,27,16,41,41,37,34,82,71,82,153
04.04.2019,Real Madrid,Zalgiris Kaunas,86,93,27,25,10,21,23,20,26,27,37,46,49,47,83,96,83,179
04.04.2019,Panathinaikos,Buducnost,87,67,23,21,26,15,17,20,21,11,49,36,38,31,85,69,85,154
04.04.2019,Anadolu Efes SK,Olimpia Milano,101,95,24,20,18,33,32,16,27,26,42,53,59,42,95,101,95,196
04.04.2019,CSKA Moscow,Baskonia,82,78,17,21,23,23,15,22,27,12,40,44,42,34,84,76,84,160
29.03.2019,Baskonia,Anadolu Efes SK,92,102,26,30,27,18,14,26,25,28,53,48,39,54,101,93,101,194
29.03.2019,Olympiacos,Zalgiris Kaunas,68,72,18,16,20,18,13,14,17,24,38,34,30,38,72,68,72,140
29.03.2019,Darussafaka Ct,Bayern,92,87,14,27,30,23,21,17,27,20,44,50,48,37,94,85,94,179
29.03.2019,Khimki,CSKA Moscow,72,80,15,23,22,26,14,15,21,16,37,49,35,31,86,66,86,152
28.03.2019,Barcelona,Buducnost,95,83,21,22,23,24,28,23,23,14,44,46,51,37,90,88,90,178
28.03.2019,Olimpia Milano,Fenerbahce Ulker,90,104,17,22,25,30,26,21,22,31,42,52,48,52,94,100,94,194
28.03.2019,Maccabi Tel Aviv,Gran Canaria,90,55,21,9,27,21,16,15,26,10,48,30,42,25,78,67,78,145
28.03.2019,Panathinaikos,Real Madrid,73,74,32,14,13,19,14,20,14,21,45,33,28,41,78,69,78,147
22.03.2019,Olimpia Milano,Panathinaikos,83,95,20,23,27,21,17,28,19,23,47,44,36,51,91,87,91,178
22.03.2019,Baskonia,Real Madrid,86,76,22,18,17,18,25,17,22,23,39,36,47,40,75,87,75,162
22.03.2019,Zalgiris Kaunas,Darussafaka Ct,94,67,22,18,27,12,19,16,26,21,49,30,45,37,79,82,79,161
22.03.2019,Khimki,Maccabi Tel Aviv,71,76,24,15,15,25,16,19,16,17,39,40,32,36,79,68,79,147
21.03.2019,Gran Canaria,Olympiacos,90,67,19,16,21,14,29,16,21,21,40,30,50,37,70,87,70,157
21.03.2019,Bayern,Barcelona,73,71,18,19,14,17,17,20,24,15,32,36,41,35,68,76,68,144
21.03.2019,Buducnost,Anadolu Efes SK,84,91,19,27,21,26,18,18,26,20,40,53,44,38,93,82,93,175
21.03.2019,CSKA Moscow,Fenerbahce Ulker,70,68,14,18,22,17,16,13,18,20,36,35,34,33,71,67,71,138
20.03.2019,Real Madrid,Olimpia Milano,92,89,19,33,31,23,24,19,18,14,50,56,42,33,106,75,106,181
20.03.2019,Maccabi Tel Aviv,Zalgiris Kaunas,83,85,23,19,22,17,14,21,24,28,45,36,38,49,81,87,81,168
20.03.2019,Panathinaikos,Baskonia,72,70,26,10,22,17,8,21,16,22,48,27,24,43,75,67,75,142
20.03.2019,Darussafaka Ct,Khimki,91,85,17,23,31,23,15,19,28,20,48,46,43,39,94,82,94,176
19.03.2019,Barcelona,Gran Canaria,93,64,22,19,16,16,25,11,30,18,38,35,55,29,73,84,73,157
19.03.2019,Olympiacos,Bayern,89,69,20,10,30,21,22,17,17,21,50,31,39,38,81,77,81,158
19.03.2019,Fenerbahce Ulker,Buducnost,76,67,19,16,17,23,22,19,18,9,36,39,40,28,75,68,75,143
19.03.2019,Anadolu Efes SK,CSKA Moscow,78,80,20,15,15,25,23,21,20,19,35,40,43,40,75,83,75,158
15.03.2019,Baskonia,Buducnost,82,62,23,15,16,19,25,15,18,13,39,34,43,28,73,71,73,144
15.03.2019,Fenerbahce Ulker,Barcelona,88,82,16,23,21,15,15,23,36,21,37,38,51,44,75,95,75,170
15.03.2019,CSKA Moscow,Panathinaikos,77,78,20,18,21,17,18,23,18,20,41,35,36,43,76,79,76,155
14.03.2019,Gran Canaria,Darussafaka Ct,84,64,15,18,22,12,23,17,24,17,37,30,47,34,67,81,67,148
14.03.2019,Olimpia Milano,Olympiacos,66,57,19,10,4,13,26,16,17,18,23,23,43,34,46,77,46,123
14.03.2019,Maccabi Tel Aviv,Anadolu Efes SK,71,79,18,13,23,26,17,19,13,21,41,39,30,40,80,70,80,150
14.03.2019,Zalgiris Kaunas,Bayern,85,79,22,20,26,15,21,18,16,26,48,35,37,44,83,81,83,164
14.03.2019,Khimki,Real Madrid,75,100,22,24,16,27,12,19,25,30,38,51,37,49,89,86,89,175
08.03.2019,Baskonia,Khimki,104,86,22,17,18,24,38,16,26,29,40,41,64,45,81,109,81,190
08.03.2019,Buducnost,Olympiacos,76,89,21,27,13,24,20,22,22,16,34,51,42,38,85,80,85,165
08.03.2019,Anadolu Efes SK,Barcelona,92,70,24,12,18,19,22,22,28,17,42,31,50,39,73,89,73,162
08.03.2019,CSKA Moscow,Olimpia Milano,101,95,27,24,24,19,25,23,25,29,51,43,50,52,94,102,94,196
07.03.2019,Real Madrid,Fenerbahce Ulker,101,86,27,25,25,20,25,16,24,25,52,45,49,41,97,90,97,187
07.03.2019,Bayern,Maccabi Tel Aviv,70,77,17,18,14,15,16,25,23,19,31,33,39,44,64,83,64,147
07.03.2019,Zalgiris Kaunas,Gran Canaria,98,64,25,10,21,17,31,18,21,19,46,27,52,37,73,89,73,162
07.03.2019,Darussafaka Ct,Panathinaikos,67,91,17,20,20,26,16,20,14,25,37,46,30,45,83,75,83,158
01.03.2019,Barcelona,Real Madrid,77,70,16,17,26,20,14,14,21,19,42,37,35,33,79,68,79,147
01.03.2019,Olympiacos,CSKA Moscow,81,97,23,21,27,30,14,21,17,25,50,51,31,46,101,77,101,178
01.03.2019,Buducnost,Bayern,75,89,17,25,27,16,15,25,16,23,44,41,31,48,85,79,85,164
28.02.2019,Gran Canaria,Panathinaikos,80,99,26,28,19,22,21,23,14,26,45,50,35,49,95,84,95,179
28.02.2019,Baskonia,Zalgiris Kaunas,80,73,17,12,23,13,19,27,21,21,40,25,40,48,65,88,65,153
28.02.2019,Maccabi Tel Aviv,Darussafaka Ct,77,58,18,10,20,13,19,18,20,17,38,23,39,35,61,74,61,135
28.02.2019,Fenerbahce Ulker,Anadolu Efes SK,84,66,20,17,23,12,14,18,27,19,43,29,41,37,72,78,72,150
28.02.2019,Khimki,Olimpia Milano,88,90,25,20,29,25,19,20,15,25,54,45,34,45,99,79,99,178
22.02.2019,Real Madrid,Bayern,91,78,22,17,20,22,29,13,20,26,42,39,49,39,81,88,81,169
22.02.2019,Panathinaikos,Khimki,94,85,33,21,32,29,13,17,16,18,65,50,29,35,115,64,115,179
22.02.2019,Zalgiris Kaunas,Buducnost,84,76,20,18,19,18,21,26,24,14,39,36,45,40,75,85,75,160
22.02.2019,Darussafaka Ct,Fenerbahce Ulker,75,97,12,26,23,20,13,27,27,24,35,46,40,51,81,91,81,172
21.02.2019,Barcelona,Baskonia,77,67,22,9,24,17,16,19,15,22,46,26,31,41,72,72,72,144
21.02.2019,Olimpia Milano,Maccabi Tel Aviv,87,83,20,22,27,25,17,15,23,21,47,47,40,36,94,76,94,170
21.02.2019,Anadolu Efes SK,Olympiacos,75,65,18,22,18,13,20,14,19,16,36,35,39,30,71,69,71,140
21.02.2019,CSKA Moscow,Gran Canaria,107,85,29,20,27,22,27,22,24,21,56,42,51,43,98,94,98,192
08.02.2019,Olimpia Milano,Darussafaka Ct,90,78,19,17,21,19,20,25,30,17,40,36,50,42,76,92,76,168
08.02.2019,Baskonia,Bayern,76,68,19,16,19,21,21,16,17,15,38,37,38,31,75,69,75,144
08.02.2019,Fenerbahce Ulker,Panathinaikos,85,66,24,18,24,11,15,17,22,20,48,29,37,37,77,74,77,151
08.02.2019,CSKA Moscow,Real Madrid,82,78,22,20,12,20,30,21,18,17,34,40,48,38,74,86,74,160
07.02.2019,Barcelona,Zalgiris Kaunas,78,72,23,20,22,18,15,24,18,10,45,38,33,34,83,67,83,150
07.02.2019,Maccabi Tel Aviv,Olympiacos,65,64,14,16,12,13,19,13,20,22,26,29,39,35,55,74,55,129
07.02.2019,Buducnost,Khimki,90,98,20,22,26,23,19,23,25,30,46,45,44,53,91,97,91,188
07.02.2019,Anadolu Efes SK,Gran Canaria,93,74,26,19,17,27,26,14,24,14,43,46,50,28,89,78,89,167
01.02.2019,Gran Canaria,Olimpia Milano,104,106,28,27,18,12,21,29,22,21,46,39,43,50,85,93,85,178
01.02.2019,Panathinaikos,Anadolu Efes SK,88,75,24,16,18,21,19,19,27,19,42,37,46,38,79,84,79,163
01.02.2019,Darussafaka Ct,Real Madrid,82,86,16,23,22,30,21,19,23,14,38,53,44,33,91,77,91,168
01.02.2019,CSKA Moscow,Buducnost,99,69,28,20,24,27,20,14,27,8,52,47,47,22,99,69,99,168
31.01.2019,Baskonia,Maccabi Tel Aviv,97,73,26,18,28,23,27,16,16,16,54,41,43,32,95,75,95,170
31.01.2019,Bayern,Fenerbahce Ulker,90,86,20,21,9,13,23,18,14,14,29,34,37,32,63,69,63,132
31.01.2019,Olympiacos,Barcelona,55,76,6,27,22,11,15,17,12,21,28,38,27,38,66,65,66,131
31.01.2019,Khimki,Zalgiris Kaunas,74,64,19,17,17,20,11,19,27,8,36,37,38,27,73,65,73,138
25.01.2019,Barcelona,CSKA Moscow,76,84,20,20,21,24,20,19,15,21,41,44,35,40,85,75,85,160
25.01.2019,Buducnost,Gran Canaria,75,70,27,24,9,14,25,19,14,13,36,38,39,32,74,71,74,145
25.01.2019,Darussafaka Ct,Baskonia,80,75,21,29,24,18,18,14,17,14,45,47,35,28,92,63,92,155
25.01.2019,Khimki,Bayern,60,71,28,10,12,25,10,21,10,15,40,35,20,36,75,56,75,131
24.01.2019,Real Madrid,Anadolu Efes SK,92,84,21,21,21,21,22,19,28,23,42,42,50,42,84,92,84,176
24.01.2019,Olimpia Milano,Zalgiris Kaunas,80,70,21,13,13,17,18,20,28,20,34,30,46,40,64,86,64,150
24.01.2019,Maccabi Tel Aviv,Panathinaikos,84,75,16,17,24,18,22,19,22,21,40,35,44,40,75,84,75,159
24.01.2019,Fenerbahce Ulker,Olympiacos,90,75,21,15,19,13,28,26,22,21,40,28,50,47,68,97,68,165
18.01.2019,Baskonia,Olimpia Milano,80,75,16,21,26,28,20,10,18,16,42,49,38,26,91,64,91,155
18.01.2019,Buducnost,Real Madrid,73,60,19,15,17,13,20,20,17,12,36,28,37,32,64,69,64,133
18.01.2019,Zalgiris Kaunas,Panathinaikos,82,69,13,19,20,18,19,14,30,18,33,37,49,32,70,81,70,151
18.01.2019,Anadolu Efes SK,Darussafaka Ct,82,68,21,14,24,11,21,20,16,23,45,25,37,43,70,80,70,150
17.01.2019,Gran Canaria,Fenerbahce Ulker,64,82,19,24,13,20,19,12,13,26,32,44,32,38,76,70,76,146
17.01.2019,Maccabi Tel Aviv,Barcelona,99,83,23,20,34,15,28,17,14,31,57,35,42,48,92,90,92,182
17.01.2019,Olympiacos,Khimki,71,57,20,11,12,11,23,14,16,21,32,22,39,35,54,74,54,128
17.01.2019,CSKA Moscow,Bayern,77,70,13,20,22,17,17,20,25,13,35,37,42,33,72,75,72,147
11.01.2019,Barcelona,Panathinaikos,79,68,17,13,20,23,19,16,23,16,37,36,42,32,73,74,73,147
11.01.2019,Baskonia,Gran Canaria,83,66,16,23,23,19,16,9,28,15,39,42,44,24,81,68,81,149
11.01.2019,Bayern,Olimpia Milano,93,87,23,22,30,23,24,23,16,19,53,45,40,42,98,82,98,180
11.01.2019,Buducnost,Darussafaka Ct,75,74,16,14,20,28,22,11,17,21,36,42,39,32,78,71,78,149
11.01.2019,CSKA Moscow,Maccabi Tel Aviv,76,93,24,22,17,24,21,18,14,29,41,46,35,47,87,82,87,169
10.01.2019,Real Madrid,Olympiacos,94,78,28,23,26,23,18,17,22,15,54,46,40,32,100,72,100,172
10.01.2019,Fenerbahce Ulker,Zalgiris Kaunas,78,61,19,11,24,18,14,15,21,17,43,29,35,32,72,67,72,139
10.01.2019,Anadolu Efes SK,Khimki,81,72,23,16,13,18,26,17,19,21,36,34,45,38,70,83,70,153
09.01.2019,Olimpia Milano,Barcelona,85,90,16,17,21,19,20,29,28,25,37,36,48,54,73,102,73,175
09.01.2019,Maccabi Tel Aviv,Buducnost,81,76,12,18,22,19,25,23,22,16,34,37,47,39,71,86,71,157
09.01.2019,Panathinaikos,Bayern,77,67,22,11,21,21,16,18,18,17,43,32,34,35,75,69,75,144
09.01.2019,Darussafaka Ct,CSKA Moscow,65,80,16,25,18,19,15,16,16,20,34,44,31,36,78,67,78,145
08.01.2019,Gran Canaria,Real Madrid,67,75,15,16,19,11,22,25,11,23,34,27,33,48,61,81,61,142
08.01.2019,Olympiacos,Baskonia,91,87,20,22,23,25,12,15,25,18,43,47,37,33,90,70,90,160
08.01.2019,Zalgiris Kaunas,Anadolu Efes SK,58,79,14,16,15,24,16,23,13,16,29,40,29,39,69,68,69,137
08.01.2019,Khimki,Fenerbahce Ulker,84,78,13,23,25,18,19,13,15,18,38,41,34,31,79,65,79,144
04.01.2019,Barcelona,Darussafaka Ct,97,65,29,16,25,10,19,18,24,20,54,26,43,38,80,81,80,161
04.01.2019,Olympiacos,Panathinaikos,79,65,16,14,25,11,18,15,20,25,41,25,38,40,66,78,66,144
04.01.2019,Zalgiris Kaunas,CSKA Moscow,79,84,17,28,17,16,24,11,20,29,34,44,44,40,78,84,78,162
04.01.2019,Fenerbahce Ulker,Baskonia,96,87,27,25,21,16,27,24,21,22,48,41,48,46,89,94,89,183
03.01.2019,Gran Canaria,Khimki,70,99,30,23,6,27,14,23,20,26,36,50,34,49,86,83,86,169
03.01.2019,Olimpia Milano,Buducnost,111,94,36,22,20,23,26,21,29,28,56,45,55,49,101,104,101,205
03.01.2019,Real Madrid,Maccabi Tel Aviv,91,79,21,19,23,25,25,18,22,17,44,44,47,35,88,82,88,170
03.01.2019,Anadolu Efes SK,Bayern,92,77,27,18,28,18,15,18,22,23,55,36,37,41,91,78,91,169
28.12.2018,Gran Canaria,Zalgiris Kaunas,73,66,20,17,16,9,21,24,16,16,36,26,37,40,62,77,62,139
28.12.2018,Bayern,Buducnost,93,88,14,21,24,28,27,21,28,18,38,49,55,39,87,94,87,181
28.12.2018,Panathinaikos,CSKA Moscow,96,84,19,26,36,18,17,18,24,22,55,44,41,40,99,81,99,180
28.12.2018,Fenerbahce Ulker,Real Madrid,65,63,22,12,10,20,16,12,17,19,32,32,33,31,64,64,64,128
27.12.2018,Barcelona,Anadolu Efes SK,80,65,23,29,16,21,20,7,21,8,39,50,41,15,89,56,89,145
27.12.2018,Maccabi Tel Aviv,Olimpia Milano,94,92,21,24,25,24,29,27,19,17,46,48,48,44,94,92,94,186
27.12.2018,Darussafaka Ct,Olympiacos,79,75,24,12,18,19,18,22,19,22,42,31,37,44,73,81,73,154
27.12.2018,Khimki,Baskonia,77,85,19,27,17,16,22,14,19,28,36,43,41,42,79,83,79,162
21.12.2018,Bayern,Real Madrid,72,82,16,27,15,19,28,19,13,17,31,46,41,36,77,77,77,154
21.12.2018,Panathinaikos,Olimpia Milano,83,86,23,21,17,26,16,17,27,22,40,47,43,39,87,82,87,169
21.12.2018,Zalgiris Kaunas,Maccabi Tel Aviv,80,73,16,16,23,17,20,20,21,20,39,33,41,40,72,81,72,153
21.12.2018,Khimki,Darussafaka Ct,85,84,30,18,15,25,24,14,16,27,45,43,40,41,88,81,88,169
20.12.2018,Baskonia,Barcelona,70,77,16,19,23,23,16,7,15,28,39,42,31,35,81,66,81,147
20.12.2018,Buducnost,Fenerbahce Ulker,65,89,20,26,20,14,15,27,10,22,40,40,25,49,80,74,80,154
20.12.2018,Olympiacos,Gran Canaria,98,77,20,14,32,19,21,21,25,23,52,33,46,44,85,90,85,175
20.12.2018,CSKA Moscow,Anadolu Efes SK,102,84,31,24,25,30,21,14,25,16,56,54,46,30,110,76,110,186
19.12.2018,Real Madrid,Panathinaikos,89,68,23,10,20,21,20,24,26,13,43,31,46,37,74,83,74,157
19.12.2018,Olimpia Milano,Bayern,78,80,16,15,24,26,17,17,21,22,40,41,38,39,81,77,81,158
19.12.2018,Maccabi Tel Aviv,Khimki,79,63,16,18,19,13,26,11,18,21,35,31,44,32,66,76,66,142
19.12.2018,Darussafaka Ct,Zalgiris Kaunas,71,75,19,15,20,18,14,16,18,26,39,33,32,42,72,74,72,146
18.12.2018,Gran Canaria,Baskonia,71,84,27,22,8,19,18,27,18,16,35,41,36,43,76,79,76,155
18.12.2018,Barcelona,Olympiacos,60,69,14,17,16,15,18,23,12,14,30,32,30,37,62,67,62,129
18.12.2018,Fenerbahce Ulker,CSKA Moscow,79,75,18,26,18,22,24,14,19,13,36,48,43,27,84,70,84,154
18.12.2018,Anadolu Efes SK,Buducnost,106,68,29,20,20,21,32,12,25,15,49,41,57,27,90,84,90,174
14.12.2018,Gran Canaria,Buducnost,95,85,26,20,30,14,26,23,13,28,56,34,39,51,90,90,90,180
14.12.2018,Bayern,Zalgiris Kaunas,88,84,18,12,28,26,17,23,25,23,46,38,42,46,84,88,84,172
14.12.2018,Panathinaikos,Darussafaka Ct,75,67,22,16,21,16,14,21,18,14,43,32,32,35,75,67,75,142
13.12.2018,Real Madrid,Barcelona,92,65,22,17,31,13,16,20,23,15,53,30,39,35,83,74,83,157
13.12.2018,Maccabi Tel Aviv,Baskonia,79,81,17,22,24,14,20,18,18,27,41,36,38,45,77,83,77,160
13.12.2018,Fenerbahce Ulker,Olimpia Milano,92,85,15,21,25,19,27,18,25,27,40,40,52,45,80,97,80,177
13.12.2018,CSKA Moscow,Khimki,88,74,24,17,25,23,26,13,13,21,49,40,39,34,89,73,89,162
13.12.2018,Olympiacos,Anadolu Efes SK,88,81,25,12,23,34,17,22,23,13,48,46,40,35,94,75,94,169
07.12.2018,Baskonia,CSKA Moscow,76,73,21,21,19,17,15,17,21,18,40,38,36,35,78,71,78,149
07.12.2018,Panathinaikos,Fenerbahce Ulker,69,81,12,18,21,17,19,21,17,25,33,35,36,46,68,82,68,150
07.12.2018,Anadolu Efes SK,Real Madrid,82,84,23,23,29,22,22,15,8,24,52,45,30,39,97,69,97,166
06.12.2018,Olimpia Milano,Gran Canaria,86,94,22,20,18,28,23,23,23,23,40,48,46,46,88,92,88,180
06.12.2018,Bayern,Khimki,72,65,16,16,15,12,23,22,18,15,31,28,41,37,59,78,59,137
06.12.2018,Buducnost,Barcelona,67,64,14,15,17,18,15,13,21,18,31,33,36,31,64,67,64,131
06.12.2018,Darussafaka Ct,Maccabi Tel Aviv,71,73,17,17,25,19,20,15,9,22,42,36,29,37,78,66,78,144
06.12.2018,Zalgiris Kaunas,Olympiacos,83,75,19,29,21,19,20,11,23,16,40,48,43,27,88,70,88,158
30.11.2018,Barcelona,Fenerbahce Ulker,65,84,17,23,19,22,11,19,18,20,36,45,29,39,81,68,81,149
30.11.2018,Olympiacos,Buducnost,92,70,25,20,19,17,32,14,16,19,44,37,48,33,81,81,81,162
30.11.2018,Anadolu Efes SK,Baskonia,96,85,25,17,19,25,31,25,21,18,44,42,52,43,86,95,86,181
30.11.2018,Khimki,Panathinaikos,76,68,29,25,19,19,11,7,17,17,48,44,28,24,92,52,92,144
29.11.2018,Real Madrid,CSKA Moscow,88,93,20,24,21,14,20,29,27,26,41,38,47,55,79,102,79,181
29.11.2018,Maccabi Tel Aviv,Bayern,95,71,27,17,20,12,20,26,28,16,47,29,48,42,76,90,76,166
29.11.2018,Zalgiris Kaunas,Olimpia Milano,83,78,18,23,22,8,20,27,23,20,40,31,43,47,71,90,71,161
29.11.2018,Darussafaka Ct,Gran Canaria,71,75,25,22,19,12,12,23,15,18,44,34,27,41,78,68,78,146
23.11.2018,Barcelona,Olimpia Milano,90,80,24,25,29,17,21,12,16,26,53,42,37,38,95,75,95,170
23.11.2018,Baskonia,Panathinaikos,86,77,20,12,24,20,29,23,13,22,44,32,42,45,76,87,76,163
23.11.2018,Buducnost,CSKA Moscow,93,92,17,21,18,28,30,18,28,25,35,49,58,43,84,101,84,185
23.11.2018,Zalgiris Kaunas,Khimki,83,84,26,19,13,18,18,21,26,26,39,37,44,47,76,91,76,167
22.11.2018,Gran Canaria,Bayern,74,89,17,21,25,25,20,15,12,28,42,46,32,43,88,75,88,163
22.11.2018,Maccabi Tel Aviv,Fenerbahce Ulker,70,74,16,13,25,23,12,19,17,19,41,36,29,38,77,67,77,144
22.11.2018,Olympiacos,Real Madrid,88,83,29,22,23,19,13,24,23,18,52,41,36,42,93,78,93,171
22.11.2018,Darussafaka Ct,Anadolu Efes SK,88,93,23,19,23,23,14,32,28,19,46,42,42,51,88,93,88,181
21.11.2018,Olimpia Milano,Baskonia,93,90,27,26,20,17,26,25,20,22,47,43,46,47,90,93,90,183
21.11.2018,Panathinaikos,Barcelona,76,70,13,10,21,15,21,25,21,20,34,25,42,45,59,87,59,146
21.11.2018,CSKA Moscow,Zalgiris Kaunas,99,97,16,18,21,20,22,22,27,26,37,38,49,48,75,97,75,172
21.11.2018,Khimki,Buducnost,85,69,18,17,27,13,20,24,20,15,45,30,40,39,75,79,75,154
20.11.2018,Real Madrid,Gran Canaria,89,76,22,28,25,15,15,14,27,19,47,43,42,33,90,75,90,165
20.11.2018,Bayern,Olympiacos,62,72,15,15,12,16,16,14,19,27,27,31,35,41,58,76,58,134
20.11.2018,Fenerbahce Ulker,Darussafaka Ct,100,79,25,10,21,27,22,19,32,23,46,37,54,42,83,96,83,179
20.11.2018,Anadolu Efes SK,Maccabi Tel Aviv,90,77,16,14,22,17,24,22,28,24,38,31,52,46,69,98,69,167
16.11.2018,Gran Canaria,Maccabi Tel Aviv,84,78,23,15,20,23,22,19,19,21,43,38,41,40,81,81,81,162
16.11.2018,Bayern,CSKA Moscow,79,93,23,30,17,26,25,21,14,16,40,56,39,37,96,76,96,172
16.11.2018,Zalgiris Kaunas,Barcelona,85,88,18,23,16,16,16,21,26,16,34,39,42,37,73,79,73,152
16.11.2018,Anadolu Efes SK,Panathinaikos,78,62,19,11,25,17,16,18,18,16,44,28,34,34,72,68,72,140
15.11.2018,Real Madrid,Khimki,79,74,19,12,22,23,15,20,23,19,41,35,38,39,76,77,76,153
15.11.2018,Olympiacos,Fenerbahce Ulker,72,73,18,21,21,18,14,11,19,23,39,39,33,34,78,67,78,145
15.11.2018,Buducnost,Baskonia,99,84,26,18,22,19,27,23,24,24,48,37,51,47,85,98,85,183
15.11.2018,Darussafaka Ct,Olimpia Milano,92,98,19,26,30,28,20,14,23,30,49,54,43,44,103,87,103,190
09.11.2018,Baskonia,Fenerbahce Ulker,72,74,20,18,13,15,22,15,17,26,33,33,39,41,66,80,66,146
09.11.2018,Panathinaikos,Olympiacos,93,80,21,23,20,25,26,14,26,18,41,48,52,32,89,84,89,173
09.11.2018,Buducnost,Zalgiris Kaunas,60,72,15,18,18,15,15,24,12,15,33,33,27,39,66,66,66,132
09.11.2018,Khimki,Barcelona,80,87,23,19,15,19,21,29,21,20,38,38,42,49,76,91,76,167
08.11.2018,Gran Canaria,Anadolu Efes SK,90,94,25,24,27,26,21,20,17,24,52,50,38,44,102,82,102,184
08.11.2018,Olimpia Milano,CSKA Moscow,85,90,21,16,20,24,25,23,19,27,41,40,44,50,81,94,81,175
08.11.2018,Maccabi Tel Aviv,Real Madrid,66,87,15,18,8,23,21,25,22,21,23,41,43,46,64,89,64,153
08.11.2018,Bayern,Darussafaka Ct,116,70,21,17,33,18,33,15,29,20,54,35,62,35,89,97,89,186
02.11.2018,Olimpia Milano,Anadolu Efes SK,81,80,24,17,19,18,25,19,13,26,43,35,38,45,78,83,78,161
02.11.2018,Buducnost,Panathinaikos,67,72,15,18,16,13,16,19,20,22,31,31,36,41,62,77,62,139
02.11.2018,Zalgiris Kaunas,Real Madrid,79,90,32,18,12,25,24,19,11,28,44,43,35,47,87,82,87,169
02.11.2018,Khimki,Gran Canaria,87,72,25,21,24,12,28,20,10,19,49,33,38,39,82,77,82,159
01.11.2018,Barcelona,Maccabi Tel Aviv,74,58,18,12,16,21,25,7,15,18,34,33,40,25,67,65,67,132
01.11.2018,Fenerbahce Ulker,Bayern,88,84,28,26,23,22,14,17,23,19,51,48,37,36,99,73,99,172
01.11.2018,Baskonia,Darussafaka Ct,82,56,16,16,22,14,26,11,18,15,38,30,44,26,68,70,68,138
01.11.2018,CSKA Moscow,Olympiacos,69,65,13,15,18,20,21,9,17,21,31,35,38,30,66,68,66,134
26.10.2018,Gran Canaria,CSKA Moscow,91,106,29,26,26,26,22,28,14,26,55,52,36,54,107,90,107,197
26.10.2018,Panathinaikos,Zalgiris Kaunas,83,87,13,20,20,24,18,14,25,18,33,44,43,32,77,75,77,152
26.10.2018,Darussafaka Ct,Barcelona,71,79,18,23,22,24,24,11,7,21,40,47,31,32,87,63,87,150
25.10.2018,Olympiacos,Maccabi Tel Aviv,88,80,18,21,27,16,23,20,20,23,45,37,43,43,82,86,82,168
25.10.2018,Real Madrid,Buducnost,89,55,21,15,23,16,21,13,24,11,44,31,45,24,75,69,75,144
25.10.2018,Olimpia Milano,Khimki,81,80,23,20,16,25,27,17,15,18,39,45,42,35,84,77,84,161
25.10.2018,Bayern,Baskonia,77,71,20,11,23,21,18,20,16,19,43,32,34,39,75,73,75,148
25.10.2018,Anadolu Efes SK,Fenerbahce Ulker,89,83,12,26,26,26,28,13,23,18,38,52,51,31,90,82,90,172
19.10.2018,Real Madrid,Baskonia,97,79,25,19,27,25,22,23,23,12,52,44,45,35,96,80,96,176
19.10.2018,Olympiacos,Olimpia Milano,75,99,26,24,15,20,22,29,12,26,41,44,34,55,85,89,85,174
19.10.2018,Zalgiris Kaunas,Fenerbahce Ulker,75,82,25,18,17,16,15,19,18,29,42,34,33,48,76,81,76,157
19.10.2018,Khimki,Anadolu Efes SK,84,85,21,18,16,27,18,22,29,18,37,45,47,40,82,87,82,169
18.10.2018,Barcelona,Bayern,83,73,26,17,18,19,21,18,18,19,44,36,39,37,80,76,80,156
18.10.2018,Buducnost,Maccabi Tel Aviv,68,78,16,14,25,20,21,24,6,20,41,34,27,44,75,71,75,146
18.10.2018,Panathinaikos,Gran Canaria,102,87,21,14,29,22,24,19,28,32,50,36,52,51,86,103,86,189
18.10.2018,CSKA Moscow,Darussafaka Ct,79,75,19,17,12,21,26,10,22,27,31,38,48,37,69,85,69,154
17.10.2018,Baskonia,Olympiacos,80,85,19,27,20,23,13,17,28,18,39,50,41,35,89,76,89,165
17.10.2018,Olimpia Milano,Real Madrid,85,91,28,13,22,28,14,26,21,24,50,41,35,50,91,85,91,176
17.10.2018,Fenerbahce Ulker,Khimki,93,85,28,21,26,22,12,20,27,22,54,43,39,42,97,81,97,178
17.10.2018,Anadolu Efes SK,Zalgiris Kaunas,79,93,19,19,13,27,16,22,31,25,32,46,47,47,78,94,78,172
16.10.2018,Gran Canaria,Barcelona,87,86,18,26,26,18,20,25,23,17,44,44,43,42,88,85,88,173
16.10.2018,Bayern,Panathinaikos,80,79,20,20,20,21,16,17,24,21,40,41,40,38,81,78,81,159
16.10.2018,Maccabi Tel Aviv,CSKA Moscow,86,89,22,24,24,26,22,17,18,22,46,50,40,39,96,79,96,175
16.10.2018,Darussafaka Ct,Buducnost,71,63,14,25,25,10,14,14,18,14,39,35,32,28,74,60,74,134
12.10.2018,Fenerbahce Ulker,Gran Canaria,97,72,22,10,27,25,26,23,22,14,49,35,48,37,84,85,84,169
12.10.2018,Khimki,Olympiacos,66,87,22,20,12,24,20,19,12,24,34,44,32,43,78,75,78,153
12.10.2018,Zalgiris Kaunas,Baskonia,79,87,24,22,15,20,14,21,26,24,39,42,40,45,81,85,81,166
12.10.2018,Buducnost,Olimpia Milano,71,82,11,22,20,20,20,15,20,25,31,42,40,40,73,80,73,153
11.10.2018,Real Madrid,Darussafaka Ct,109,93,25,18,28,20,38,31,18,24,53,38,56,55,91,111,91,202
11.10.2018,Bayern,Anadolu Efes SK,71,90,19,18,18,26,14,28,20,18,37,44,34,46,81,80,81,161
11.10.2018,Panathinaikos,Maccabi Tel Aviv,89,84,26,24,20,21,24,22,19,17,46,45,43,39,91,82,91,173
11.10.2018,CSKA Moscow,Barcelona,95,75,21,17,30,12,18,29,26,17,51,29,44,46,80,90,80,170
20.05.2018,Real Madrid,Fenerbahce Ulker,85,80,21,17,17,23,25,15,22,25,38,40,47,40,78,87,78,165
20.05.2018,CSKA Moscow,Zalgiris Kaunas,77,79,19,22,16,19,13,28,29,10,35,41,42,38,76,80,76,156
18.05.2018,CSKA Moscow,Real Madrid,83,92,30,20,16,27,10,16,27,29,46,47,37,45,93,82,93,175
18.05.2018,Fenerbahce Ulker,Zalgiris Kaunas,76,67,19,13,20,20,15,17,22,17,39,33,37,34,72,71,72,143
27.04.2018,Real Madrid,Panathinaikos,89,82,19,14,32,21,27,25,11,22,51,35,38,47,86,85,86,171
27.04.2018,Khimki,CSKA Moscow,88,89,25,32,19,25,21,14,23,18,44,57,44,32,101,76,101,177
26.04.2018,Baskonia,Fenerbahce Ulker,83,92,19,25,13,23,30,24,21,20,32,48,51,44,80,95,80,175
26.04.2018,Zalgiris Kaunas,Olympiacos,101,91,23,22,28,15,27,19,23,35,51,37,50,54,88,104,88,192
25.04.2018,Khimki,CSKA Moscow,79,73,17,15,27,27,16,15,19,16,44,42,35,31,86,66,86,152
25.04.2018,Real Madrid,Panathinaikos,81,74,17,17,23,17,17,19,24,21,40,34,41,40,74,81,74,155
24.04.2018,Baskonia,Fenerbahce Ulker,88,83,19,20,28,18,20,28,21,17,47,38,41,45,85,86,85,171
24.04.2018,Zalgiris Kaunas,Olympiacos,80,60,21,19,26,17,20,14,13,10,47,36,33,24,83,57,83,140
20.04.2018,Olympiacos,Zalgiris Kaunas,79,68,17,15,24,17,13,22,25,14,41,32,38,36,73,74,73,147
20.04.2018,Fenerbahce Ulker,Baskonia,95,89,25,23,28,26,18,19,24,21,53,49,42,40,102,82,102,184
19.04.2018,Panathinaikos,Real Madrid,82,89,21,16,19,20,21,32,21,21,40,36,42,53,76,95,76,171
19.04.2018,CSKA Moscow,Khimki,89,84,24,22,19,23,25,21,21,18,43,45,46,39,88,85,88,173
18.04.2018,Olympiacos,Zalgiris Kaunas,78,87,23,12,15,20,18,21,16,19,38,32,34,40,70,74,70,144
18.04.2018,Fenerbahce Ulker,Baskonia,82,73,21,11,22,15,22,26,17,21,43,26,39,47,69,86,69,155
17.04.2018,Panathinaikos,Real Madrid,95,67,26,13,20,17,31,14,18,23,46,30,49,37,76,86,76,162
17.04.2018,CSKA Moscow,Khimki,98,95,25,34,21,20,26,21,26,20,46,54,52,41,100,93,100,193
06.04.2018,Real Madrid,Bamberg,106,86,27,28,26,22,29,19,24,17,53,50,53,36,103,89,103,192
06.04.2018,Valencia,Maccabi Tel Aviv,87,84,24,18,28,21,9,18,26,27,52,39,35,45,91,80,91,171
06.04.2018,Olympiacos,Zalgiris Kaunas,85,86,25,10,18,21,16,25,21,24,43,31,37,49,74,86,74,160
05.04.2018,Barcelona,Khimki,86,82,31,18,23,27,18,21,14,16,54,45,32,37,99,69,99,168
05.04.2018,Baskonia,Anadolu Efes SK,79,81,18,13,14,20,19,27,28,21,32,33,47,48,65,95,65,160
05.04.2018,Olimpia Milano,Panathinaikos,95,96,27,18,28,24,14,19,18,26,55,42,32,45,97,77,97,174
05.04.2018,Fenerbahce Ulker,Unicaja,91,99,14,22,22,25,15,12,32,24,36,47,47,36,83,83,83,166
05.04.2018,CSKA Moscow,Crvena Zvezda,92,81,23,24,14,20,27,19,28,18,37,44,55,37,81,92,81,173
30.03.2018,Panathinaikos,Valencia,75,56,23,13,17,18,17,16,18,9,40,31,35,25,71,60,71,131
30.03.2018,Crvena Zvezda,Real Madrid,79,82,20,27,19,16,18,21,22,18,39,43,40,39,82,79,82,161
30.03.2018,Zalgiris Kaunas,CSKA Moscow,85,73,23,18,25,24,16,18,21,13,48,42,37,31,90,68,90,158
30.03.2018,Unicaja,Olympiacos,87,85,19,22,28,11,7,23,20,18,47,33,27,41,80,68,80,148
29.03.2018,Baskonia,Maccabi Tel Aviv,83,72,22,18,16,16,18,19,27,19,38,34,45,38,72,83,72,155
29.03.2018,Bamberg,Olimpia Milano,78,83,23,28,20,15,21,17,14,23,43,43,35,40,86,75,86,161
29.03.2018,Anadolu Efes SK,Barcelona,83,107,19,23,15,32,33,26,16,26,34,55,49,52,89,101,89,190
29.03.2018,Khimki,Fenerbahce Ulker,64,73,18,20,20,17,15,22,11,14,38,37,26,36,75,62,75,137
23.03.2018,Barcelona,Baskonia,73,86,16,16,24,27,18,20,15,23,40,43,33,43,83,76,83,159
23.03.2018,Olympiacos,Anadolu Efes SK,89,82,30,15,19,27,21,15,19,25,49,42,40,40,91,80,91,171
23.03.2018,Bamberg,Unicaja,93,88,28,19,27,23,22,26,16,20,55,42,38,46,97,84,97,181
23.03.2018,Khimki,CSKA Moscow,73,90,17,29,20,24,21,15,15,22,37,53,36,37,90,73,90,163
22.03.2018,Olimpia Milano,Valencia,89,93,23,17,20,23,22,28,24,25,43,40,46,53,83,99,83,182
22.03.2018,Real Madrid,Zalgiris Kaunas,88,81,19,16,22,28,24,18,23,19,41,44,47,37,85,84,85,169
22.03.2018,Maccabi Tel Aviv,Panathinaikos,75,76,20,18,21,17,17,21,17,20,41,35,34,41,76,75,76,151
22.03.2018,Crvena Zvezda,Fenerbahce Ulker,63,80,17,22,14,18,10,25,22,15,31,40,32,40,71,72,71,143
21.03.2018,Unicaja,Barcelona,95,91,19,25,30,21,27,22,19,23,49,46,46,45,95,91,95,186
21.03.2018,Baskonia,Bamberg,103,79,27,14,23,25,30,13,23,27,50,39,53,40,89,93,89,182
21.03.2018,Anadolu Efes SK,Khimki,73,85,29,18,20,24,12,19,12,24,49,42,24,43,91,67,91,158
21.03.2018,CSKA Moscow,Olympiacos,89,81,23,26,21,14,25,22,20,19,44,40,45,41,84,86,84,170
20.03.2018,Valencia,Real Madrid,96,88,22,21,24,19,24,20,26,28,46,40,50,48,86,98,86,184
20.03.2018,Panathinaikos,Crvena Zvezda,91,71,24,15,23,23,30,18,14,15,47,38,44,33,85,77,85,162
20.03.2018,Zalgiris Kaunas,Olimpia Milano,77,65,17,16,14,18,23,16,23,15,31,34,46,31,65,77,65,142
20.03.2018,Fenerbahce Ulker,Maccabi Tel Aviv,87,73,16,21,29,15,29,20,13,17,45,36,42,37,81,79,81,160
16.03.2018,Unicaja,Panathinaikos,79,90,24,18,20,14,16,26,19,32,44,32,35,58,76,93,76,169
16.03.2018,Fenerbahce Ulker,CSKA Moscow,79,81,23,25,17,19,18,10,21,27,40,44,39,37,84,76,84,160
15.03.2018,Baskonia,Zalgiris Kaunas,84,64,27,19,16,14,24,12,17,19,43,33,41,31,76,72,76,148
15.03.2018,Maccabi Tel Aviv,Khimki,91,94,19,21,20,23,27,21,25,29,39,44,52,50,83,102,83,185
15.03.2018,Bamberg,Anadolu Efes SK,88,79,22,22,22,19,25,14,19,24,44,41,44,38,85,82,85,167
15.03.2018,Olympiacos,Barcelona,63,90,17,22,21,18,14,23,11,27,38,40,25,50,78,75,78,153
15.03.2018,Crvena Zvezda,Valencia,106,90,23,23,27,25,29,19,27,23,50,48,56,42,98,98,98,196
13.03.2018,Olimpia Milano,Real Madrid,77,88,17,25,19,24,18,19,23,20,36,49,41,39,85,80,85,165
09.03.2018,Barcelona,Crvena Zvezda,88,54,17,12,28,12,17,25,26,5,45,24,43,30,69,73,69,142
09.03.2018,Olympiacos,Bamberg,87,79,27,19,15,23,27,19,18,18,42,42,45,37,84,82,84,166
09.03.2018,Zalgiris Kaunas,Fenerbahce Ulker,78,85,24,17,16,14,18,21,20,33,40,31,38,54,71,92,71,163
09.03.2018,CSKA Moscow,Unicaja,101,76,30,20,27,23,22,18,22,15,57,43,44,33,100,77,100,177
08.03.2018,Real Madrid,Panathinaikos,92,75,19,20,19,17,26,18,28,20,38,37,54,38,75,92,75,167
08.03.2018,Valencia,Baskonia,71,81,20,16,16,15,19,22,16,28,36,31,35,50,67,85,67,152
08.03.2018,Anadolu Efes SK,Maccabi Tel Aviv,81,94,21,20,21,23,20,24,19,27,42,43,39,51,85,90,85,175
08.03.2018,Khimki,Olimpia Milano,77,86,20,30,19,19,23,12,15,25,39,49,38,37,88,75,88,163
02.03.2018,Real Madrid,Fenerbahce Ulker,83,86,20,20,25,20,20,28,18,18,45,40,38,46,85,84,85,169
02.03.2018,Panathinaikos,Olympiacos,85,87,18,16,16,27,16,19,21,9,34,43,37,28,77,65,77,142
02.03.2018,Crvena Zvezda,Unicaja,80,76,24,24,16,13,22,15,18,24,40,37,40,39,77,79,77,156
01.03.2018,Baskonia,Khimki,87,77,18,26,26,13,25,13,18,25,44,39,43,38,83,81,83,164
01.03.2018,Olimpia Milano,Anadolu Efes SK,77,64,17,17,27,12,14,16,19,19,44,29,33,35,73,68,73,141
01.03.2018,Valencia,Bamberg,86,70,28,11,9,23,23,20,26,16,37,34,49,36,71,85,71,156
01.03.2018,Maccabi Tel Aviv,CSKA Moscow,73,93,18,22,18,30,20,15,17,26,36,52,37,41,88,78,88,166
01.03.2018,Zalgiris Kaunas,Barcelona,90,74,19,15,25,19,26,16,20,24,44,34,46,40,78,86,78,164
23.02.2018,Barcelona,Real Madrid,74,101,13,30,22,22,22,31,17,18,35,52,39,49,87,88,87,175
23.02.2018,Bamberg,Crvena Zvezda,86,62,21,23,25,13,23,9,17,17,46,36,40,26,82,66,82,148
23.02.2018,Anadolu Efes SK,Zalgiris Kaunas,70,86,23,21,13,24,20,23,14,18,36,45,34,41,81,75,81,156
23.02.2018,Khimki,Panathinaikos,78,61,24,18,22,13,17,15,15,15,46,31,32,30,77,62,77,139
22.02.2018,Unicaja,Maccabi Tel Aviv,83,69,23,19,19,22,18,14,23,14,42,41,41,28,83,69,83,152
22.02.2018,Olympiacos,Valencia,80,70,22,11,18,28,22,16,18,15,40,39,40,31,79,71,79,150
22.02.2018,Fenerbahce Ulker,Olimpia Milano,89,70,23,20,25,13,17,15,24,22,48,33,41,37,81,78,81,159
22.02.2018,CSKA Moscow,Baskonia,93,86,20,25,26,24,25,22,22,15,46,49,47,37,95,84,95,179
09.02.2018,Real Madrid,Olympiacos,79,80,20,21,19,24,23,20,17,15,39,45,40,35,84,75,84,159
09.02.2018,Crvena Zvezda,Olimpia Milano,100,89,23,20,27,25,21,20,29,24,50,45,50,44,95,94,95,189
09.02.2018,Zalgiris Kaunas,Khimki,74,84,26,15,18,28,15,18,15,23,44,43,30,41,87,71,87,158
09.02.2018,Fenerbahce Ulker,Bamberg,77,69,16,13,26,19,19,16,16,21,42,32,35,37,74,72,74,146
08.02.2018,Unicaja,Anadolu Efes SK,79,68,23,12,17,16,21,27,18,13,40,28,39,40,68,79,68,147
08.02.2018,Valencia,CSKA Moscow,103,99,21,23,28,19,24,24,30,33,49,42,54,57,91,111,91,202
08.02.2018,Panathinaikos,Baskonia,80,76,21,22,25,18,21,13,13,23,46,40,34,36,86,70,86,156
08.02.2018,Maccabi Tel Aviv,Barcelona,94,82,22,23,24,15,19,23,29,21,46,38,48,44,84,92,84,176
02.02.2018,Baskonia,Crvena Zvezda,103,84,27,17,26,23,22,19,28,25,53,40,50,44,93,94,93,187
02.02.2018,Bamberg,Panathinaikos,95,74,23,17,19,15,15,23,38,19,42,32,53,42,74,95,74,169
02.02.2018,Khimki,Unicaja,68,66,9,11,22,28,18,16,19,11,31,39,37,27,70,64,70,134
01.02.2018,Olympiacos,Fenerbahce Ulker,95,70,34,18,11,18,26,18,24,16,45,36,50,34,81,84,81,165
01.02.2018,Barcelona,Olimpia Milano,81,83,25,15,23,27,14,22,19,19,48,42,33,41,90,74,90,164
01.02.2018,Zalgiris Kaunas,Maccabi Tel Aviv,99,84,26,20,27,26,23,16,23,22,53,46,46,38,99,84,99,183
01.02.2018,Anadolu Efes SK,Valencia,82,66,23,19,20,12,20,22,19,13,43,31,39,35,74,74,74,148
01.02.2018,CSKA Moscow,Real Madrid,93,87,33,11,21,20,24,29,15,27,54,31,39,56,85,95,85,180
26.01.2018,Olimpia Milano,Maccabi Tel Aviv,102,111,26,30,24,27,20,26,32,28,50,57,52,54,107,106,107,213
26.01.2018,Valencia,Khimki,85,83,23,24,23,20,17,20,22,19,46,44,39,39,90,78,90,168
26.01.2018,Crvena Zvezda,Olympiacos,89,78,24,20,19,14,14,29,32,15,43,34,46,44,77,90,77,167
26.01.2018,Fenerbahce Ulker,Barcelona,86,82,22,18,20,26,23,13,21,25,42,44,44,38,86,82,86,168
26.01.2018,CSKA Moscow,Bamberg,81,72,18,19,21,11,16,16,26,26,39,30,42,42,69,84,69,153
25.01.2018,Real Madrid,Anadolu Efes SK,87,68,20,14,19,16,21,17,27,21,39,30,48,38,69,86,69,155
25.01.2018,Unicaja,Baskonia,83,85,21,19,22,27,21,21,19,18,43,46,40,39,89,79,89,168
25.01.2018,Panathinaikos,Zalgiris Kaunas,94,93,29,17,18,20,12,21,24,25,47,37,36,46,84,82,84,166
19.01.2018,Unicaja,Real Madrid,80,75,20,15,18,12,19,25,23,23,38,27,42,48,65,90,65,155
19.01.2018,Baskonia,Olimpia Milano,82,83,19,22,17,25,20,18,26,18,36,47,46,36,83,82,83,165
19.01.2018,Panathinaikos,CSKA Moscow,70,75,20,15,9,16,22,20,19,24,29,31,41,44,60,85,60,145
19.01.2018,Anadolu Efes SK,Fenerbahce Ulker,84,89,24,24,11,22,22,22,27,21,35,46,49,43,81,92,81,173
18.01.2018,Barcelona,Bamberg,81,66,18,15,26,19,15,18,22,14,44,34,37,32,78,69,78,147
18.01.2018,Maccabi Tel Aviv,Crvena Zvezda,89,75,23,16,24,13,17,23,25,23,47,29,42,46,76,88,76,164
18.01.2018,Zalgiris Kaunas,Valencia,86,82,26,19,21,12,16,26,23,25,47,31,39,51,78,90,78,168
18.01.2018,Khimki,Olympiacos,82,54,28,14,21,11,16,13,17,16,49,25,33,29,74,62,74,136
17.01.2018,Olimpia Milano,Unicaja,101,87,31,22,19,22,29,27,22,16,50,44,51,43,94,94,94,188
17.01.2018,Real Madrid,Baskonia,75,73,18,17,16,17,25,27,16,12,34,34,41,39,68,80,68,148
17.01.2018,Fenerbahce Ulker,Panathinaikos,67,62,18,20,17,10,12,20,20,12,35,30,32,32,65,64,65,129
17.01.2018,CSKA Moscow,Anadolu Efes SK,110,79,35,21,23,25,23,15,29,18,58,46,52,33,104,85,104,189
16.01.2018,Valencia,Barcelona,81,76,22,14,21,22,19,23,19,17,43,36,38,40,79,78,79,157
16.01.2018,Bamberg,Zalgiris Kaunas,93,86,21,23,16,21,27,17,29,25,37,44,56,42,81,98,81,179
16.01.2018,Olympiacos,Maccabi Tel Aviv,94,64,24,16,29,24,17,11,24,13,53,40,41,24,93,65,93,158
16.01.2018,Crvena Zvezda,Khimki,70,79,21,14,16,17,17,21,16,27,37,31,33,48,68,81,68,149
12.01.2018,Baskonia,Olympiacos,86,54,16,21,20,9,36,14,14,10,36,30,50,24,66,74,66,140
12.01.2018,Zalgiris Kaunas,Unicaja,79,77,17,19,15,21,20,15,27,22,32,40,47,37,72,84,72,156
12.01.2018,Anadolu Efes SK,Crvena Zvezda,104,95,22,21,28,25,27,25,27,24,50,46,54,49,96,103,96,199
12.01.2018,Khimki,Real Madrid,78,95,17,26,14,25,18,16,29,28,31,51,47,44,82,91,82,173
11.01.2018,Olimpia Milano,CSKA Moscow,81,107,15,23,21,27,25,27,20,30,36,50,45,57,86,102,86,188
11.01.2018,Valencia,Fenerbahce Ulker,67,80,7,18,20,15,23,18,17,29,27,33,40,47,60,87,60,147
11.01.2018,Maccabi Tel Aviv,Bamberg,90,88,20,25,19,16,26,23,25,24,39,41,51,47,80,98,80,178
11.01.2018,Panathinaikos,Barcelona,84,75,17,19,19,15,18,14,30,27,36,34,48,41,70,89,70,159
05.01.2018,Real Madrid,Maccabi Tel Aviv,93,81,25,26,23,24,21,10,24,21,48,50,45,31,98,76,98,174
05.01.2018,Bamberg,Khimki,70,74,26,26,16,14,16,16,12,18,42,40,28,34,82,62,82,144
05.01.2018,Olympiacos,Olimpia Milano,87,80,26,17,22,17,22,19,17,27,48,34,39,46,82,85,82,167
05.01.2018,Crvena Zvezda,Zalgiris Kaunas,77,65,16,18,17,13,15,14,29,20,33,31,44,34,64,78,64,142
05.01.2018,Fenerbahce Ulker,Baskonia,79,74,18,22,18,16,27,21,16,15,36,38,43,36,74,79,74,153
04.01.2018,Barcelona,CSKA Moscow,85,72,25,17,22,25,19,13,19,17,47,42,38,30,89,68,89,157
04.01.2018,Unicaja,Valencia,83,85,19,19,29,20,21,26,14,20,48,39,35,46,87,81,87,168
04.01.2018,Panathinaikos,Anadolu Efes SK,90,79,23,12,24,21,23,23,20,23,47,33,43,46,80,89,80,169
29.12.2017,Olimpia Milano,Crvena Zvezda,88,91,15,29,25,16,20,16,28,30,40,45,48,46,85,94,85,179
29.12.2017,Baskonia,CSKA Moscow,81,90,26,18,22,33,24,19,9,20,48,51,33,39,99,72,99,171
29.12.2017,Anadolu Efes SK,Bamberg,69,58,15,18,14,20,15,10,25,10,29,38,40,20,67,60,67,127
29.12.2017,Khimki,Barcelona,65,79,15,25,17,11,25,21,8,22,32,36,33,43,68,76,68,144
28.12.2017,Valencia,Panathinaikos,67,63,12,17,20,15,16,16,19,15,32,32,35,31,64,66,64,130
28.12.2017,Maccabi Tel Aviv,Unicaja,78,89,22,19,25,20,11,22,20,28,47,39,31,50,86,81,86,167
28.12.2017,Zalgiris Kaunas,Olympiacos,74,68,22,19,14,19,12,15,26,15,36,38,38,30,74,68,74,142
28.12.2017,Fenerbahce Ulker,Real Madrid,77,79,17,10,19,27,25,25,16,17,36,37,41,42,73,83,73,156
22.12.2017,Unicaja,Olimpia Milano,74,71,26,20,9,22,20,11,19,18,35,42,39,29,77,68,77,145
22.12.2017,Baskonia,Barcelona,85,82,22,17,30,18,22,22,11,25,52,35,33,47,87,80,87,167
22.12.2017,Anadolu Efes SK,Olympiacos,58,61,9,17,16,16,14,12,19,16,25,33,33,28,58,61,58,119
22.12.2017,CSKA Moscow,Khimki,79,68,23,16,20,17,14,22,22,13,43,33,36,35,76,71,76,147
21.12.2017,Valencia,Zalgiris Kaunas,63,71,16,19,20,15,10,20,17,17,36,34,27,37,70,64,70,134
21.12.2017,Maccabi Tel Aviv,Fenerbahce Ulker,82,73,24,15,16,21,20,18,22,19,40,36,42,37,76,79,76,155
21.12.2017,Bamberg,Real Madrid,66,81,13,29,22,21,16,18,15,13,35,50,31,31,85,62,85,147
21.12.2017,Crvena Zvezda,Panathinaikos,63,69,15,20,23,21,11,17,14,11,38,41,25,28,79,53,79,132
20.12.2017,Barcelona,Unicaja,83,90,24,26,21,18,19,22,19,24,45,44,38,46,89,84,89,173
20.12.2017,Olimpia Milano,Baskonia,92,85,27,25,22,12,27,21,16,27,49,37,43,48,86,91,86,177
20.12.2017,Olympiacos,CSKA Moscow,88,86,23,20,22,28,19,20,24,18,45,48,43,38,93,81,93,174
20.12.2017,Khimki,Anadolu Efes SK,86,68,26,19,11,14,20,23,29,12,37,33,49,35,70,84,70,154
19.12.2017,Real Madrid,Valencia,91,72,24,18,19,23,21,17,27,14,43,41,48,31,84,79,84,163
19.12.2017,Panathinaikos,Maccabi Tel Aviv,89,76,25,21,24,22,18,13,22,20,49,43,40,33,92,73,92,165
19.12.2017,Zalgiris Kaunas,Bamberg,88,84,21,22,29,27,22,23,16,12,50,49,38,35,99,73,99,172
19.12.2017,Fenerbahce Ulker,Crvena Zvezda,82,56,17,11,24,22,21,9,20,14,41,33,41,23,74,64,74,138
15.12.2017,Valencia,Crvena Zvezda,82,86,22,26,16,14,25,16,19,30,38,40,44,46,78,90,78,168
15.12.2017,Panathinaikos,Olimpia Milano,80,72,14,23,25,18,25,16,16,15,39,41,41,31,80,72,80,152
15.12.2017,Anadolu Efes SK,Baskonia,81,82,19,24,23,21,26,20,13,17,42,45,39,37,87,76,87,163
15.12.2017,CSKA Moscow,Maccabi Tel Aviv,101,86,21,20,28,14,23,23,29,29,49,34,52,52,83,104,83,187
14.12.2017,Real Madrid,Barcelona,87,75,15,15,25,23,28,14,19,23,40,38,47,37,78,84,78,162
14.12.2017,Bamberg,Olympiacos,67,65,15,14,17,26,18,18,17,7,32,40,35,25,72,60,72,132
14.12.2017,Unicaja,Khimki,93,84,27,26,20,22,20,18,26,18,47,48,46,36,95,82,95,177
14.12.2017,Fenerbahce Ulker,Zalgiris Kaunas,89,90,24,16,18,25,22,22,25,27,42,41,47,49,83,96,83,179
08.12.2017,Barcelona,Fenerbahce Ulker,68,83,28,22,10,17,13,25,17,19,38,39,30,44,77,74,77,151
08.12.2017,Olympiacos,Real Madrid,92,83,18,8,16,22,22,17,16,25,34,30,38,42,64,80,64,144
08.12.2017,Crvena Zvezda,Anadolu Efes SK,100,81,29,23,21,21,24,18,26,19,50,44,50,37,94,87,94,181
07.12.2017,Olimpia Milano,Khimki,71,77,24,12,14,19,18,24,15,22,38,31,33,46,69,79,69,148
07.12.2017,Baskonia,Unicaja,88,82,27,12,14,24,18,20,29,26,41,36,47,46,77,93,77,170
07.12.2017,Maccabi Tel Aviv,Valencia,94,91,25,21,21,25,23,19,25,26,46,46,48,45,92,93,92,185
07.12.2017,Bamberg,CSKA Moscow,76,92,20,22,19,20,20,28,17,22,39,42,37,50,81,87,81,168
07.12.2017,Zalgiris Kaunas,Panathinaikos,80,74,10,20,21,13,33,14,16,27,31,33,49,41,64,90,64,154
01.12.2017,Real Madrid,Crvena Zvezda,83,87,24,19,15,27,19,21,25,20,39,46,44,41,85,85,85,170
01.12.2017,Panathinaikos,Unicaja,82,71,16,15,16,20,22,19,28,17,32,35,50,36,67,86,67,153
01.12.2017,CSKA Moscow,Barcelona,92,78,24,24,20,15,22,19,26,20,44,39,48,39,83,87,83,170
30.11.2017,Baskonia,Fenerbahce Ulker,69,83,25,15,12,26,14,25,18,17,37,41,32,42,78,74,78,152
30.11.2017,Valencia,Olympiacos,64,72,13,20,17,15,15,19,19,18,30,35,34,37,65,71,65,136
30.11.2017,Maccabi Tel Aviv,Zalgiris Kaunas,81,74,15,14,24,15,26,22,16,23,39,29,42,45,68,87,68,155
30.11.2017,Anadolu Efes SK,Olimpia Milano,73,68,23,16,10,14,19,20,21,18,33,30,40,38,63,78,63,141
30.11.2017,Khimki,Bamberg,82,73,23,21,19,19,20,16,20,17,42,40,40,33,82,73,82,155
24.11.2017,Unicaja,CSKA Moscow,80,89,16,27,23,19,26,17,15,26,39,46,41,43,85,84,85,169
24.11.2017,Panathinaikos,Real Madrid,82,80,23,28,17,26,24,15,18,11,40,54,42,26,94,68,94,162
24.11.2017,Fenerbahce Ulker,Khimki,71,67,24,15,14,11,20,22,13,19,38,26,33,41,64,74,64,138
23.11.2017,Barcelona,Maccabi Tel Aviv,89,67,22,11,22,13,22,20,23,23,44,24,45,43,68,88,68,156
23.11.2017,Crvena Zvezda,Baskonia,81,85,17,22,21,25,19,17,24,21,38,47,43,38,85,81,85,166
23.11.2017,Olimpia Milano,Olympiacos,85,86,21,17,21,29,20,20,23,20,42,46,43,40,88,83,88,171
23.11.2017,Bamberg,Valencia,83,82,20,23,21,24,11,19,31,16,41,47,42,35,88,77,88,165
23.11.2017,Zalgiris Kaunas,Anadolu Efes SK,91,83,22,26,25,18,19,17,25,22,47,44,44,39,91,83,91,174
17.11.2017,Barcelona,Valencia,89,71,24,18,26,14,21,24,18,15,50,32,39,39,82,78,82,160
17.11.2017,Olimpia Milano,Bamberg,71,62,13,16,14,19,16,16,28,11,27,35,44,27,62,71,62,133
17.11.2017,Olympiacos,Crvena Zvezda,85,59,22,13,25,24,20,12,18,10,47,37,38,22,84,60,84,144
17.11.2017,CSKA Moscow,Fenerbahce Ulker,93,95,16,27,25,19,22,15,20,22,41,46,42,37,87,79,87,166
16.11.2017,Real Madrid,Unicaja,89,57,19,12,21,15,22,11,27,19,40,27,49,30,67,79,67,146
16.11.2017,Zalgiris Kaunas,Baskonia,77,97,15,21,17,33,25,16,20,27,32,54,45,43,86,88,86,174
16.11.2017,Anadolu Efes SK,Panathinaikos,81,82,21,28,23,20,16,14,21,20,44,48,37,34,92,71,92,163
16.11.2017,Khimki,Maccabi Tel Aviv,69,77,19,28,20,14,16,20,14,15,39,42,30,35,81,65,81,146
15.11.2017,Valencia,Olimpia Milano,98,103,20,19,25,22,19,17,10,16,45,41,29,33,86,62,86,148
15.11.2017,Bamberg,Barcelona,84,81,12,38,25,11,25,17,22,15,37,49,47,32,86,79,86,165
15.11.2017,Crvena Zvezda,CSKA Moscow,59,85,10,22,17,22,7,21,25,20,27,44,32,41,71,73,71,144
15.11.2017,Fenerbahce Ulker,Olympiacos,83,90,17,18,23,12,13,27,22,18,40,30,35,45,70,80,70,150
14.11.2017,Unicaja,Zalgiris Kaunas,83,85,17,21,17,20,14,18,24,13,34,41,38,31,75,69,75,144
14.11.2017,Baskonia,Real Madrid,105,75,36,17,28,27,24,19,17,12,64,44,41,31,108,72,108,180
14.11.2017,Panathinaikos,Khimki,93,65,26,16,20,11,26,22,21,16,46,27,47,38,73,85,73,158
14.11.2017,Maccabi Tel Aviv,Anadolu Efes SK,72,92,19,19,16,28,26,20,11,25,35,47,37,45,82,82,82,164
10.11.2017,Unicaja,Crvena Zvezda,79,65,22,12,23,19,18,19,16,15,45,31,34,34,76,68,76,144
10.11.2017,Bamberg,Fenerbahce Ulker,57,80,16,21,17,22,13,11,11,26,33,43,24,37,76,61,76,137
10.11.2017,Olympiacos,Panathinaikos,62,70,17,16,13,19,17,14,15,21,30,35,32,35,65,67,65,132
10.11.2017,Khimki,Baskonia,91,90,18,21,22,27,21,16,30,26,40,48,51,42,88,93,88,181
09.11.2017,Barcelona,Anadolu Efes SK,85,89,15,26,20,16,22,25,28,22,35,42,50,47,77,97,77,174
09.11.2017,Olimpia Milano,Zalgiris Kaunas,62,94,20,25,11,25,10,20,21,24,31,50,31,44,81,75,81,156
09.11.2017,Maccabi Tel Aviv,Real Madrid,90,83,22,30,25,12,17,24,26,17,47,42,43,41,89,84,89,173
09.11.2017,CSKA Moscow,Valencia,94,67,20,19,23,19,30,16,21,13,43,38,51,29,81,80,81,161
03.11.2017,Barcelona,Olympiacos,73,51,14,14,18,12,17,15,24,10,32,26,41,25,58,66,58,124
03.11.2017,Anadolu Efes SK,Unicaja,74,79,19,25,16,10,24,18,15,26,35,35,39,44,70,83,70,153
03.11.2017,CSKA Moscow,Zalgiris Kaunas,94,91,22,19,29,17,18,26,25,29,51,36,43,55,87,98,87,185
02.11.2017,Real Madrid,Khimki,80,86,23,25,16,20,20,21,21,20,39,45,41,41,84,82,84,166
02.11.2017,Maccabi Tel Aviv,Olimpia Milano,79,68,18,14,21,15,21,13,19,26,39,29,40,39,68,79,68,147
02.11.2017,Baskonia,Panathinaikos,85,84,27,24,20,21,16,22,22,17,47,45,38,39,92,77,92,169
02.11.2017,Fenerbahce Ulker,Valencia,79,66,20,18,18,12,19,19,22,17,38,30,41,36,68,77,68,145
02.11.2017,Crvena Zvezda,Bamberg,69,75,18,30,16,13,19,16,16,16,34,43,35,32,77,67,77,144
27.10.2017,Valencia,Unicaja,91,53,31,11,26,14,16,17,18,11,57,25,34,28,82,62,82,144
27.10.2017,Panathinaikos,Fenerbahce Ulker,70,68,19,21,17,23,17,11,17,13,36,44,34,24,80,58,80,138
27.10.2017,Bamberg,Baskonia,78,72,17,17,18,15,25,19,18,21,35,32,43,40,67,83,67,150
27.10.2017,Anadolu Efes SK,CSKA Moscow,80,98,26,27,17,27,17,19,20,25,43,54,37,44,97,81,97,178
26.10.2017,Olimpia Milano,Barcelona,78,74,17,22,22,17,15,14,24,21,39,39,39,35,78,74,78,152
26.10.2017,Olympiacos,Khimki,92,75,22,20,27,20,25,15,18,20,49,40,43,35,89,78,89,167
26.10.2017,Crvena Zvezda,Maccabi Tel Aviv,87,84,19,24,20,25,23,12,25,23,39,49,48,35,88,83,88,171
26.10.2017,Zalgiris Kaunas,Real Madrid,66,87,16,18,15,22,19,23,16,24,31,40,35,47,71,82,71,153
25.10.2017,Unicaja,Bamberg,76,80,22,24,13,15,23,15,18,26,35,39,41,41,74,82,74,156
25.10.2017,Baskonia,Valencia,63,80,13,28,26,22,15,17,9,13,39,50,24,30,89,54,89,143
25.10.2017,Fenerbahce Ulker,Anadolu Efes SK,81,70,15,20,19,14,28,18,19,18,34,34,47,36,68,83,68,151
25.10.2017,CSKA Moscow,Panathinaikos,81,63,27,15,16,18,17,18,21,12,43,33,38,30,76,68,76,144
24.10.2017,Barcelona,Zalgiris Kaunas,75,81,21,24,18,21,15,17,21,19,39,45,36,36,84,72,84,156
24.10.2017,Real Madrid,Olimpia Milano,100,90,30,28,24,26,27,20,19,16,54,54,46,36,108,82,108,190
24.10.2017,Maccabi Tel Aviv,Olympiacos,68,69,18,18,15,17,12,16,23,18,33,35,35,34,68,69,68,137
24.10.2017,Khimki,Crvena Zvezda,85,78,20,28,23,16,21,11,21,23,43,44,42,34,87,76,87,163
20.10.2017,Valencia,Anadolu Efes SK,78,71,19,13,19,25,28,10,12,23,38,38,40,33,76,73,76,149
20.10.2017,Olympiacos,Unicaja,80,75,21,11,16,22,22,14,21,28,37,33,43,42,70,85,70,155
20.10.2017,Crvena Zvezda,Barcelona,90,82,24,13,20,19,18,25,28,25,44,32,46,50,76,96,76,172
20.10.2017,Khimki,Zalgiris Kaunas,85,77,21,15,25,21,17,17,22,24,46,36,39,41,82,80,82,162
19.10.2017,Real Madrid,CSKA Moscow,82,69,20,15,25,18,11,20,26,16,45,33,37,36,78,73,78,151
19.10.2017,Olimpia Milano,Fenerbahce Ulker,86,92,21,23,17,14,16,27,26,16,38,37,42,43,75,85,75,160
19.10.2017,Panathinaikos,Bamberg,93,83,22,15,21,20,26,21,24,27,43,35,50,48,78,98,78,176
19.10.2017,Maccabi Tel Aviv,Baskonia,74,68,19,16,20,14,17,23,18,15,39,30,35,38,69,73,69,142
13.10.2017,Barcelona,Panathinaikos,98,71,24,20,16,15,25,19,33,17,40,35,58,36,75,94,75,169
13.10.2017,Khimki,Valencia,75,70,18,17,25,19,16,21,16,13,43,36,32,34,79,66,79,145
13.10.2017,Zalgiris Kaunas,Crvena Zvezda,78,76,15,13,28,27,10,17,25,19,43,40,35,36,83,71,83,154
12.10.2017,Unicaja,Fenerbahce Ulker,68,67,20,20,16,21,14,16,18,10,36,41,32,26,77,58,77,135
12.10.2017,Bamberg,Maccabi Tel Aviv,71,88,20,14,16,23,23,18,12,33,36,37,35,51,73,86,73,159
12.10.2017,Olympiacos,Baskonia,75,64,16,12,25,21,19,16,15,15,41,33,34,31,74,65,74,139
12.10.2017,Anadolu Efes SK,Real Madrid,74,88,19,28,17,17,20,17,18,26,36,45,38,43,81,81,81,162
12.10.2017,CSKA Moscow,Olimpia Milano,93,84,16,30,22,18,27,16,28,20,38,48,55,36,86,91,86,177
21.05.2017,Fenerbahce Ulker,Olympiacos,80,64,26,18,13,16,21,14,20,16,39,34,41,30,73,71,73,144
21.05.2017,Real Madrid,CSKA Moscow,70,94,10,23,22,22,24,24,14,25,32,45,38,49,77,87,77,164
19.05.2017,Fenerbahce Ulker,Real Madrid,84,75,21,13,23,21,19,16,21,25,44,34,40,41,78,81,78,159
19.05.2017,CSKA Moscow,Olympiacos,78,82,18,12,22,21,24,27,14,22,40,33,38,49,73,87,73,160
02.05.2017,Olympiacos,Anadolu Efes SK,87,78,25,21,12,20,26,17,24,20,37,41,50,37,78,87,78,165
28.04.2017,Anadolu Efes SK,Olympiacos,62,74,21,14,17,21,16,20,8,19,38,35,24,39,73,63,73,136
28.04.2017,Darussafaka Ct,Real Madrid,78,89,21,24,17,21,20,27,20,17,38,45,40,44,83,84,83,167
26.04.2017,Darussafaka Ct,Real Madrid,81,88,17,26,16,20,25,24,23,18,33,46,48,42,79,90,79,169
26.04.2017,Anadolu Efes SK,Olympiacos,64,60,14,17,19,10,18,10,13,23,33,27,31,33,60,64,60,124
25.04.2017,Baskonia,CSKA Moscow,88,90,24,22,20,21,26,29,18,18,44,43,44,47,87,91,87,178
25.04.2017,Fenerbahce Ulker,Panathinaikos,79,61,18,17,19,13,15,12,27,19,37,30,42,31,67,73,67,140
21.04.2017,Real Madrid,Darussafaka Ct,80,84,19,22,19,22,30,22,12,18,38,44,42,40,82,82,82,164
21.04.2017,Olympiacos,Anadolu Efes SK,71,73,22,23,22,14,10,14,17,22,44,37,27,36,81,63,81,144
20.04.2017,Panathinaikos,Fenerbahce Ulker,75,80,20,22,23,23,16,18,16,17,43,45,32,35,88,67,88,155
20.04.2017,CSKA Moscow,Baskonia,84,82,21,20,19,15,29,23,15,24,40,35,44,47,75,91,75,166
19.04.2017,Real Madrid,Darussafaka Ct,83,75,16,24,20,13,25,16,22,22,36,37,47,38,73,85,73,158
19.04.2017,Olympiacos,Anadolu Efes SK,87,72,18,11,24,20,25,19,20,22,42,31,45,41,73,86,73,159
18.04.2017,Panathinaikos,Fenerbahce Ulker,58,71,15,16,27,12,8,20,8,23,42,28,16,43,70,59,70,129
18.04.2017,CSKA Moscow,Baskonia,98,90,26,19,18,21,28,22,26,28,44,40,54,50,84,104,84,188
07.04.2017,Real Madrid,Anadolu Efes SK,97,80,16,21,21,15,25,24,35,20,37,36,60,44,73,104,73,177
07.04.2017,Olimpia Milano,Unics Kazan,68,91,21,22,18,14,10,29,19,26,39,36,29,55,75,84,75,159
07.04.2017,CSKA Moscow,Olympiacos,90,86,25,15,22,22,24,26,19,23,47,37,43,49,84,92,84,176
07.04.2017,Darussafaka Ct,Crvena Zvezda,78,62,25,14,18,18,12,17,23,13,43,32,35,30,75,65,75,140
06.04.2017,Baskonia,Zalgiris Kaunas,79,84,16,21,24,20,16,27,23,16,40,41,39,43,81,82,81,163
06.04.2017,Maccabi Tel Aviv,Panathinaikos,61,81,26,20,16,12,12,31,7,18,42,32,19,49,74,68,74,142
06.04.2017,Bamberg,Galatasaray CC,79,84,23,20,22,23,18,15,16,26,45,43,34,41,88,75,88,163
06.04.2017,Fenerbahce Ulker,Barcelona,68,65,11,15,19,16,14,15,14,12,30,31,28,27,61,55,61,116
31.03.2017,Real Madrid,Fenerbahce Ulker,61,56,20,16,9,16,19,11,13,13,29,32,32,24,61,56,61,117
31.03.2017,Panathinaikos,CSKA Moscow,85,80,20,17,25,23,13,15,15,18,45,40,28,33,85,61,85,146
31.03.2017,Crvena Zvezda,Unics Kazan,83,65,10,14,30,17,17,18,26,16,40,31,43,34,71,77,71,148
31.03.2017,Galatasaray CC,Baskonia,80,103,21,27,23,33,22,20,14,23,44,60,36,43,104,79,104,183
31.03.2017,Zalgiris Kaunas,Olimpia Milano,84,88,27,18,14,21,22,24,21,25,41,39,43,49,80,92,80,172
30.03.2017,Barcelona,Maccabi Tel Aviv,76,71,23,13,17,19,18,22,18,17,40,32,36,39,72,75,72,147
30.03.2017,Bamberg,Darussafaka Ct,97,99,22,14,18,15,18,26,26,29,40,29,44,55,69,99,69,168
30.03.2017,Anadolu Efes SK,Olympiacos,77,69,22,15,21,21,15,14,19,19,43,36,34,33,79,67,79,146
24.03.2017,Barcelona,Crvena Zvezda,67,54,17,18,15,11,20,14,15,11,32,29,35,25,61,60,61,121
24.03.2017,Olympiacos,Real Madrid,73,79,20,19,17,18,17,21,19,21,37,37,36,42,74,78,74,152
24.03.2017,Darussafaka Ct,Galatasaray CC,73,67,16,18,21,21,24,13,12,15,37,39,36,28,76,64,76,140
24.03.2017,Unics Kazan,CSKA Moscow,74,85,18,25,15,19,24,30,17,11,33,44,41,41,77,82,77,159
23.03.2017,Baskonia,Panathinaikos,63,72,6,24,15,13,16,17,26,18,21,37,42,35,58,77,58,135
23.03.2017,Olimpia Milano,Bamberg,76,84,14,29,22,21,16,14,24,20,36,50,40,34,86,74,86,160
23.03.2017,Maccabi Tel Aviv,Zalgiris Kaunas,77,93,14,17,19,27,25,27,19,22,33,44,44,49,77,93,77,170
23.03.2017,Anadolu Efes SK,Fenerbahce Ulker,80,77,21,14,23,21,21,19,15,23,44,35,36,42,79,78,79,157
22.03.2017,Real Madrid,Barcelona,85,69,22,13,19,14,23,24,21,18,41,27,44,42,68,86,68,154
22.03.2017,Crvena Zvezda,Olympiacos,64,66,9,17,8,13,26,12,15,16,17,30,41,28,47,69,47,116
22.03.2017,Galatasaray CC,Unics Kazan,75,67,21,23,24,6,12,12,18,26,45,29,30,38,74,68,74,142
22.03.2017,CSKA Moscow,Darussafaka Ct,95,85,24,19,23,16,21,27,27,23,47,35,48,50,82,98,82,180
21.03.2017,Panathinaikos,Olimpia Milano,74,61,21,15,17,10,19,15,17,21,38,25,36,36,63,72,63,135
21.03.2017,Bamberg,Baskonia,71,96,11,28,26,25,16,21,18,22,37,53,34,43,90,77,90,167
21.03.2017,Zalgiris Kaunas,Anadolu Efes SK,68,76,22,17,22,24,15,19,9,16,44,41,24,35,85,59,85,144
21.03.2017,Fenerbahce Ulker,Maccabi Tel Aviv,79,81,25,15,16,23,18,18,20,25,41,38,38,43,79,81,79,160
17.03.2017,Baskonia,CSKA Moscow,79,78,18,14,16,19,27,21,18,24,34,33,45,45,67,90,67,157
17.03.2017,Olympiacos,Galatasaray CC,71,80,27,14,21,21,11,22,12,23,48,35,23,45,83,68,83,151
17.03.2017,Darussafaka Ct,Barcelona,67,56,11,13,32,9,10,20,14,14,43,22,24,34,65,58,65,123
17.03.2017,Unics Kazan,Zalgiris Kaunas,80,82,23,24,20,18,17,22,20,18,43,42,37,40,85,77,85,162
16.03.2017,Bamberg,Fenerbahce Ulker,78,83,21,27,17,15,18,26,22,15,38,42,40,41,80,81,80,161
16.03.2017,Olimpia Milano,Crvena Zvezda,71,78,10,25,21,18,19,17,21,18,31,43,40,35,74,75,74,149
16.03.2017,Panathinaikos,Real Madrid,88,82,21,19,22,22,15,17,30,24,43,41,45,41,84,86,84,170
16.03.2017,Anadolu Efes SK,Maccabi Tel Aviv,92,87,17,17,24,25,26,15,25,30,41,42,51,45,83,96,83,179
10.03.2017,Real Madrid,Crvena Zvezda,98,68,38,24,25,20,17,13,18,11,63,44,35,24,107,59,107,166
10.03.2017,Olympiacos,Darussafaka Ct,81,73,25,18,23,15,21,25,12,15,48,33,33,40,81,73,81,154
10.03.2017,Anadolu Efes SK,Bamberg,68,87,23,17,9,25,13,22,23,23,32,42,36,45,74,81,74,155
09.03.2017,Barcelona,Unics Kazan,70,62,24,20,12,14,19,10,15,18,36,34,34,28,70,62,70,132
09.03.2017,Maccabi Tel Aviv,Olimpia Milano,92,82,26,20,25,15,19,26,22,21,51,35,41,47,86,88,86,174
09.03.2017,Zalgiris Kaunas,Panathinaikos,64,58,9,17,10,14,15,10,30,17,19,31,45,27,50,72,50,122
09.03.2017,Fenerbahce Ulker,Baskonia,74,79,18,19,17,24,20,18,19,18,35,43,39,36,78,75,78,153
09.03.2017,CSKA Moscow,Galatasaray CC,85,69,13,17,33,12,19,20,20,20,46,29,39,40,75,79,75,154
03.03.2017,Barcelona,CSKA Moscow,61,85,4,29,20,19,23,18,14,19,24,48,37,37,72,74,72,146
03.03.2017,Darussafaka Ct,Panathinaikos,77,72,17,17,18,16,18,20,24,19,35,33,42,39,68,81,68,149
03.03.2017,Unics Kazan,Anadolu Efes SK,92,99,22,22,21,27,18,20,21,13,43,49,39,33,92,72,92,164
02.03.2017,Baskonia,Olimpia Milano,87,74,23,20,15,17,28,16,21,21,38,37,49,37,75,86,75,161
02.03.2017,Maccabi Tel Aviv,Olympiacos,71,82,13,17,19,23,13,18,26,24,32,40,39,42,72,81,72,153
02.03.2017,Crvena Zvezda,Bamberg,74,60,17,9,26,20,13,14,18,17,43,29,31,31,72,62,72,134
02.03.2017,Galatasaray CC,Real Madrid,87,84,25,20,24,26,24,14,14,24,49,46,38,38,95,76,95,171
02.03.2017,Zalgiris Kaunas,Fenerbahce Ulker,67,76,17,19,14,11,17,25,19,21,31,30,36,46,61,82,61,143
24.02.2017,Real Madrid,Darussafaka Ct,101,83,30,14,23,23,22,23,26,23,53,37,48,46,90,94,90,184
24.02.2017,Panathinaikos,Unics Kazan,83,82,24,25,15,21,13,15,31,21,39,46,44,36,85,80,85,165
24.02.2017,Bamberg,Zalgiris Kaunas,86,91,22,28,23,21,23,18,18,24,45,49,41,42,94,83,94,177
24.02.2017,Anadolu Efes SK,Baskonia,96,85,23,21,24,17,26,22,23,25,47,38,49,47,85,96,85,181
23.02.2017,Olimpia Milano,Barcelona,78,83,22,22,23,19,10,24,23,18,45,41,33,42,86,75,86,161
23.02.2017,Crvena Zvezda,Galatasaray CC,77,58,20,17,28,12,16,13,13,16,48,29,29,29,77,58,77,135
23.02.2017,Fenerbahce Ulker,Olympiacos,67,64,22,22,18,12,7,22,20,8,40,34,27,30,74,57,74,131
23.02.2017,CSKA Moscow,Maccabi Tel Aviv,93,81,26,14,28,34,15,12,24,21,54,48,39,33,102,72,102,174
10.02.2017,Barcelona,Galatasaray CC,62,69,16,10,12,16,22,19,12,24,28,26,34,43,54,77,54,131
10.02.2017,Olympiacos,Zalgiris Kaunas,73,64,19,19,16,16,21,19,17,10,35,35,38,29,70,67,70,137
10.02.2017,Darussafaka Ct,Fenerbahce Ulker,72,65,10,20,24,11,13,16,25,18,34,31,38,34,65,72,65,137
09.02.2017,Panathinaikos,Bamberg,81,72,27,19,15,22,20,13,19,18,42,41,39,31,83,70,83,153
09.02.2017,Maccabi Tel Aviv,Baskonia,85,84,22,18,24,21,23,16,16,29,46,39,39,45,85,84,85,169
09.02.2017,CSKA Moscow,Crvena Zvezda,102,80,33,26,25,20,19,18,25,16,58,46,44,34,104,78,104,182
09.02.2017,Anadolu Efes SK,Olimpia Milano,90,86,15,27,25,27,29,20,21,12,40,54,50,32,94,82,94,176
09.02.2017,Unics Kazan,Real Madrid,77,81,18,17,18,26,23,14,18,24,36,43,41,38,79,79,79,158
03.02.2017,Crvena Zvezda,Anadolu Efes SK,72,86,20,16,16,31,16,14,20,25,36,47,36,39,83,75,83,158
03.02.2017,Baskonia,Real Madrid,71,79,15,16,21,23,16,20,19,20,36,39,35,40,75,75,75,150
03.02.2017,Galatasaray CC,Panathinaikos,79,84,24,18,16,25,24,25,15,16,40,43,39,41,83,80,83,163
02.02.2017,Olimpia Milano,Darussafaka Ct,89,87,20,24,18,27,23,22,28,14,38,51,51,36,89,87,89,176
02.02.2017,Bamberg,Maccabi Tel Aviv,90,75,16,21,25,22,25,10,24,22,41,43,49,32,84,81,84,165
02.02.2017,Zalgiris Kaunas,Barcelona,89,85,18,24,21,14,22,23,28,24,39,38,50,47,77,97,77,174
02.02.2017,Fenerbahce Ulker,CSKA Moscow,77,71,15,14,21,26,24,11,17,20,36,40,41,31,76,72,76,148
02.02.2017,Unics Kazan,Olympiacos,75,90,13,33,23,23,18,13,21,21,36,56,39,34,92,73,92,165
27.01.2017,Real Madrid,Olimpia Milano,94,89,22,18,24,31,23,24,25,16,46,49,48,40,95,88,95,183
27.01.2017,Olympiacos,Bamberg,83,77,24,13,17,19,24,24,18,21,41,32,42,45,73,87,73,160
27.01.2017,Barcelona,Baskonia,79,93,20,21,23,32,20,30,16,10,43,53,36,40,96,76,96,172
27.01.2017,Darussafaka Ct,Zalgiris Kaunas,66,69,14,16,17,22,18,17,17,14,31,38,35,31,69,66,69,135
27.01.2017,CSKA Moscow,Anadolu Efes SK,80,77,25,24,17,11,23,17,15,25,42,35,38,42,77,80,77,157
26.01.2017,Maccabi Tel Aviv,Unics Kazan,60,52,16,9,17,15,12,14,15,14,33,24,27,28,57,55,57,112
26.01.2017,Crvena Zvezda,Panathinaikos,72,66,20,14,19,19,18,23,15,10,39,33,33,33,72,66,72,138
26.01.2017,Fenerbahce Ulker,Galatasaray CC,85,80,19,27,22,27,23,12,21,14,41,54,44,26,95,70,95,165
25.01.2017,Olimpia Milano,Olympiacos,99,83,15,21,26,20,26,20,32,22,41,41,58,42,82,100,82,182
25.01.2017,Bamberg,Real Madrid,89,91,21,25,26,26,22,19,20,21,47,51,42,40,98,82,98,180
25.01.2017,Anadolu Efes SK,Darussafaka Ct,93,81,25,19,17,19,22,18,29,25,42,38,51,43,80,94,80,174
24.01.2017,Baskonia,Crvena Zvezda,69,87,15,25,12,25,22,20,20,17,27,50,42,37,77,79,77,156
24.01.2017,Panathinaikos,Barcelona,71,65,15,13,21,16,18,17,17,19,36,29,35,36,65,71,65,136
24.01.2017,Zalgiris Kaunas,CSKA Moscow,79,74,20,20,18,25,19,16,22,13,38,45,41,29,83,70,83,153
24.01.2017,Galatasaray CC,Maccabi Tel Aviv,102,63,20,16,32,23,20,13,30,11,52,39,50,24,91,74,91,165
24.01.2017,Unics Kazan,Fenerbahce Ulker,81,86,15,22,19,17,26,29,21,18,34,39,47,47,73,94,73,167
20.01.2017,Olympiacos,Baskonia,92,62,24,17,26,11,26,15,16,19,50,28,42,34,78,76,78,154
20.01.2017,Darussafaka Ct,Unics Kazan,71,64,23,17,10,17,18,18,20,12,33,34,38,30,67,68,67,135
20.01.2017,Zalgiris Kaunas,Real Madrid,59,74,17,17,16,24,20,12,6,21,33,41,26,33,74,59,74,133
19.01.2017,Barcelona,Anadolu Efes SK,89,78,16,15,17,19,30,19,26,25,33,34,56,44,67,100,67,167
19.01.2017,Olimpia Milano,Galatasaray CC,92,87,23,21,26,18,22,21,21,27,49,39,43,48,88,91,88,179
19.01.2017,Maccabi Tel Aviv,Crvena Zvezda,67,71,17,16,17,17,20,15,13,23,34,33,33,38,67,71,67,138
19.01.2017,Fenerbahce Ulker,Panathinaikos,84,63,27,16,17,12,16,17,24,18,44,28,40,35,72,75,72,147
19.01.2017,CSKA Moscow,Bamberg,85,64,21,17,23,16,25,15,16,16,44,33,41,31,77,72,77,149
13.01.2017,Real Madrid,Maccabi Tel Aviv,80,75,16,21,21,15,16,20,27,19,37,36,43,39,73,82,73,155
13.01.2017,Panathinaikos,Anadolu Efes SK,92,81,21,13,17,19,12,18,20,20,38,32,32,38,70,70,70,140
13.01.2017,CSKA Moscow,Olimpia Milano,101,64,27,9,29,16,22,21,23,18,56,25,45,39,81,84,81,165
13.01.2017,Galatasaray CC,Zalgiris Kaunas,87,79,17,17,23,17,25,23,22,22,40,34,47,45,74,92,74,166
12.01.2017,Barcelona,Olympiacos,67,69,20,17,13,12,21,27,13,13,33,29,34,40,62,74,62,136
12.01.2017,Crvena Zvezda,Fenerbahce Ulker,75,73,23,23,21,19,17,17,14,14,44,42,31,31,86,62,86,148
12.01.2017,Darussafaka Ct,Baskonia,98,89,20,24,27,22,30,22,21,21,47,46,51,43,93,94,93,187
12.01.2017,Unics Kazan,Bamberg,63,58,13,20,17,16,16,11,17,11,30,36,33,22,66,55,66,121
06.01.2017,Real Madrid,CSKA Moscow,95,85,23,24,27,22,24,24,21,15,50,46,45,39,96,84,96,180
06.01.2017,Olympiacos,Panathinaikos,77,69,17,11,21,26,17,13,22,19,38,37,39,32,75,71,75,146
06.01.2017,Zalgiris Kaunas,Crvena Zvezda,61,77,7,21,15,26,17,14,22,16,22,47,39,30,69,69,69,138
06.01.2017,Fenerbahce Ulker,Olimpia Milano,86,79,18,19,23,21,22,18,23,21,41,40,45,39,81,84,81,165
05.01.2017,Baskonia,Unics Kazan,102,70,25,15,28,21,24,14,25,20,53,36,49,34,89,83,89,172
05.01.2017,Maccabi Tel Aviv,Darussafaka Ct,93,92,29,14,24,22,14,35,26,21,53,36,40,56,89,96,89,185
05.01.2017,Bamberg,Barcelona,85,65,18,17,22,14,19,16,26,18,40,31,45,34,71,79,71,150
05.01.2017,Anadolu Efes SK,Galatasaray CC,84,73,22,18,20,18,24,23,18,14,42,36,42,37,78,79,78,157
30.12.2016,Barcelona,Darussafaka Ct,81,77,19,22,16,18,24,17,22,20,35,40,46,37,75,83,75,158
30.12.2016,Galatasaray CC,Bamberg,75,90,19,24,19,23,14,27,23,16,38,47,37,43,85,80,85,165
30.12.2016,Unics Kazan,Panathinaikos,83,81,13,19,22,25,28,21,20,16,35,44,48,37,79,85,79,164
29.12.2016,Baskonia,Maccabi Tel Aviv,101,88,30,24,12,16,29,24,30,24,42,40,59,48,82,107,82,189
29.12.2016,Olimpia Milano,Zalgiris Kaunas,70,78,16,21,17,15,23,20,14,22,33,36,37,42,69,79,69,148
29.12.2016,Olympiacos,Fenerbahce Ulker,71,62,18,9,22,12,18,19,13,22,40,21,31,41,61,72,61,133
29.12.2016,Crvena Zvezda,CSKA Moscow,78,67,27,14,21,20,16,22,14,11,48,34,30,33,82,63,82,145
29.12.2016,Anadolu Efes SK,Real Madrid,78,80,22,21,14,16,27,24,15,19,36,37,42,43,73,85,73,158
23.12.2016,Barcelona,Olimpia Milano,89,75,32,19,17,16,23,16,17,24,49,35,40,40,84,80,84,164
23.12.2016,Panathinaikos,Baskonia,69,68,27,18,10,23,18,18,14,9,37,41,32,27,78,59,78,137
23.12.2016,Darussafaka Ct,Maccabi Tel Aviv,86,84,13,22,18,26,27,13,28,23,31,48,55,36,79,91,79,170
23.12.2016,CSKA Moscow,Fenerbahce Ulker,79,95,23,13,18,23,18,22,16,17,41,36,34,39,77,73,77,150
22.12.2016,Bamberg,Olympiacos,82,68,23,13,25,17,11,20,23,18,48,30,34,38,78,72,78,150
22.12.2016,Crvena Zvezda,Real Madrid,82,70,20,19,23,16,19,16,20,19,43,35,39,35,78,74,78,152
22.12.2016,Zalgiris Kaunas,Unics Kazan,80,88,19,23,27,20,23,15,11,30,46,43,34,45,89,79,89,168
22.12.2016,Galatasaray CC,Anadolu Efes SK,76,86,18,16,26,22,14,22,18,26,44,38,32,48,82,80,82,162
21.12.2016,Baskonia,Barcelona,65,62,9,16,15,14,23,15,18,17,24,30,41,32,54,73,54,127
21.12.2016,Maccabi Tel Aviv,CSKA Moscow,76,80,31,16,15,26,13,16,17,22,46,42,30,38,88,68,88,156
21.12.2016,Olimpia Milano,Panathinaikos,72,86,21,16,8,24,13,24,30,22,29,40,43,46,69,89,69,158
21.12.2016,Fenerbahce Ulker,Darussafaka Ct,64,71,18,20,17,17,13,13,16,21,35,37,29,34,72,63,72,135
20.12.2016,Real Madrid,Bamberg,95,72,24,9,23,16,25,15,23,32,47,25,48,47,72,95,72,167
20.12.2016,Olympiacos,Crvena Zvezda,73,65,22,18,23,16,11,9,17,22,45,34,28,31,79,59,79,138
20.12.2016,Anadolu Efes SK,Zalgiris Kaunas,71,84,13,16,17,28,21,22,20,18,30,44,41,40,74,81,74,155
20.12.2016,Unics Kazan,Galatasaray CC,73,60,15,11,22,20,18,12,18,17,37,31,36,29,68,65,68,133
16.12.2016,Panathinaikos,Fenerbahce Ulker,81,70,23,14,18,23,20,15,20,18,41,37,40,33,78,73,78,151
16.12.2016,CSKA Moscow,Barcelona,92,76,24,11,20,31,27,23,21,11,44,42,48,34,86,82,86,168
16.12.2016,Galatasaray CC,Olimpia Milano,83,80,21,15,22,17,19,27,21,21,43,32,40,48,75,88,75,163
15.12.2016,Bamberg,Anadolu Efes SK,91,83,23,22,25,19,23,23,20,19,48,41,43,42,89,85,89,174
15.12.2016,Crvena Zvezda,Maccabi Tel Aviv,83,58,19,14,23,10,23,18,18,16,42,24,41,34,66,75,66,141
15.12.2016,Zalgiris Kaunas,Olympiacos,75,88,23,21,17,21,20,21,15,25,40,42,35,46,82,81,82,163
15.12.2016,Darussafaka Ct,Real Madrid,81,68,17,20,18,11,17,13,29,24,35,31,46,37,66,83,66,149
15.12.2016,Unics Kazan,Baskonia,91,92,20,22,20,21,27,24,24,25,40,43,51,49,83,100,83,183
09.12.2016,Baskonia,Darussafaka Ct,73,52,18,9,19,10,18,14,18,19,37,19,36,33,56,69,56,125
09.12.2016,Olympiacos,Unics Kazan,88,59,24,16,19,12,25,14,20,17,43,28,45,31,71,76,71,147
09.12.2016,Panathinaikos,Galatasaray CC,85,58,20,13,19,18,25,14,21,13,39,31,46,27,70,73,70,143
09.12.2016,Anadolu Efes SK,Barcelona,72,68,21,15,15,13,18,17,18,23,36,28,36,40,64,76,64,140
08.12.2016,Real Madrid,Zalgiris Kaunas,96,91,25,22,24,27,25,20,22,22,49,49,47,42,98,89,98,187
08.12.2016,Olimpia Milano,CSKA Moscow,64,79,23,21,15,15,16,30,10,13,38,36,26,43,74,69,74,143
08.12.2016,Fenerbahce Ulker,Crvena Zvezda,87,72,20,18,21,13,27,19,19,22,41,31,46,41,72,87,72,159
07.12.2016,Maccabi Tel Aviv,Bamberg,70,85,16,20,14,26,22,16,18,23,30,46,40,39,76,79,76,155
02.12.2016,Barcelona,Panathinaikos,72,57,19,19,17,12,21,9,15,17,36,31,36,26,67,62,67,129
02.12.2016,Baskonia,Galatasaray CC,69,62,22,9,14,23,18,16,15,14,36,32,33,30,68,63,68,131
02.12.2016,Crvena Zvezda,Zalgiris Kaunas,79,88,16,24,28,18,22,24,13,22,44,42,35,46,86,81,86,167
02.12.2016,Darussafaka Ct,Olympiacos,71,77,21,24,13,19,17,14,20,20,34,43,37,34,77,71,77,148
01.12.2016,Maccabi Tel Aviv,Anadolu Efes SK,77,86,20,21,20,26,23,16,14,23,40,47,37,39,87,76,87,163
01.12.2016,Bamberg,CSKA Moscow,88,90,16,17,14,24,28,20,30,29,30,41,58,49,71,107,71,178
01.12.2016,Fenerbahce Ulker,Real Madrid,78,77,23,19,16,21,18,17,21,20,39,40,39,37,79,76,79,155
01.12.2016,Unics Kazan,Olimpia Milano,100,79,35,24,22,19,16,26,27,10,57,43,43,36,100,79,100,179
25.11.2016,Panathinaikos,Darussafaka Ct,86,80,21,16,25,18,18,26,22,20,46,34,40,46,80,86,80,166
25.11.2016,CSKA Moscow,Baskonia,112,84,17,27,32,19,34,23,29,15,49,46,63,38,95,101,95,196
25.11.2016,Galatasaray CC,Barcelona,78,64,17,16,22,19,22,13,17,16,39,35,39,29,74,68,74,142
24.11.2016,Real Madrid,Unics Kazan,89,75,25,17,15,20,22,18,27,20,40,37,49,38,77,87,77,164
24.11.2016,Olimpia Milano,Fenerbahce Ulker,70,79,17,21,19,23,27,14,7,21,36,44,34,35,80,69,80,149
24.11.2016,Zalgiris Kaunas,Bamberg,86,72,18,22,29,17,24,16,15,17,47,39,39,33,86,72,86,158
24.11.2016,Olympiacos,Maccabi Tel Aviv,73,80,20,24,17,20,12,21,24,15,37,44,36,36,81,72,81,153
24.11.2016,Anadolu Efes SK,Crvena Zvezda,100,79,21,21,26,19,27,24,26,15,47,40,53,39,87,92,87,179
18.11.2016,Barcelona,Real Madrid,63,102,17,29,14,25,15,21,17,27,31,54,32,48,85,80,85,165
18.11.2016,Panathinaikos,Olympiacos,77,79,23,23,16,24,24,14,14,18,39,47,38,32,86,70,86,156
18.11.2016,CSKA Moscow,Zalgiris Kaunas,95,86,19,21,21,20,27,28,28,17,40,41,55,45,81,100,81,181
18.11.2016,Galatasaray CC,Darussafaka Ct,85,81,17,21,20,17,28,17,20,26,37,38,48,43,75,91,75,166
17.11.2016,Baskonia,Bamberg,81,74,16,23,16,24,23,16,26,11,32,47,49,27,79,76,79,155
17.11.2016,Crvena Zvezda,Olimpia Milano,83,70,14,19,23,13,17,14,29,24,37,32,46,38,69,84,69,153
17.11.2016,Fenerbahce Ulker,Anadolu Efes SK,88,80,17,25,26,17,21,19,24,19,43,42,45,38,85,83,85,168
17.11.2016,Unics Kazan,Maccabi Tel Aviv,73,74,17,25,21,16,16,20,19,13,38,41,35,33,79,68,79,147
16.11.2016,Real Madrid,Panathinaikos,87,84,21,23,32,27,19,18,15,16,53,50,34,34,103,68,103,171
16.11.2016,Olympiacos,Barcelona,59,52,21,16,11,9,17,13,10,14,32,25,27,27,57,54,57,111
16.11.2016,Zalgiris Kaunas,Galatasaray CC,87,75,20,20,29,17,20,14,18,24,49,37,38,38,86,76,86,162
16.11.2016,Darussafaka Ct,CSKA Moscow,91,83,30,18,19,19,24,20,18,26,49,37,42,46,86,88,86,174
15.11.2016,Olimpia Milano,Baskonia,88,76,27,17,22,18,23,21,16,20,49,35,39,41,84,80,84,164
15.11.2016,Maccabi Tel Aviv,Fenerbahce Ulker,87,77,15,17,28,22,23,21,21,17,43,39,44,38,82,82,82,164
15.11.2016,Bamberg,Crvena Zvezda,78,79,14,11,15,27,32,20,17,21,29,38,49,41,67,90,67,157
15.11.2016,Anadolu Efes SK,Unics Kazan,104,99,24,26,25,28,32,20,23,25,49,54,55,45,103,100,103,203
11.11.2016,Baskonia,Fenerbahce Ulker,86,52,14,11,27,13,26,16,19,12,41,24,45,28,65,73,65,138
11.11.2016,CSKA Moscow,Real Madrid,91,90,17,26,32,12,24,30,18,22,49,38,42,52,87,94,87,181
11.11.2016,Galatasaray CC,Olympiacos,89,87,14,20,24,14,25,23,26,30,38,34,51,53,72,104,72,176
10.11.2016,Barcelona,Zalgiris Kaunas,92,86,16,12,20,23,29,24,27,27,36,35,56,51,71,107,71,178
10.11.2016,Olimpia Milano,Anadolu Efes SK,105,92,25,24,30,25,24,18,26,25,55,49,50,43,104,93,104,197
10.11.2016,Panathinaikos,Maccabi Tel Aviv,83,75,18,12,17,16,17,15,15,24,35,28,32,39,63,71,63,134
10.11.2016,Darussafaka Ct,Bamberg,72,70,23,17,17,23,20,10,12,20,40,40,32,30,80,62,80,142
10.11.2016,Unics Kazan,Crvena Zvezda,65,62,17,17,10,15,14,11,24,19,27,32,38,30,59,68,59,127
04.11.2016,Crvena Zvezda,Baskonia,63,70,15,22,13,15,20,22,15,11,28,37,35,33,65,68,65,133
04.11.2016,Anadolu Efes SK,Panathinaikos,91,83,16,20,19,22,18,11,17,17,35,42,35,28,77,63,77,140
04.11.2016,Zalgiris Kaunas,Darussafaka Ct,80,83,25,15,10,11,21,35,24,22,35,26,45,57,61,102,61,163
03.11.2016,Real Madrid,Galatasaray CC,90,81,19,22,26,25,21,17,24,17,45,47,45,34,92,79,92,171
03.11.2016,Bamberg,Olimpia Milano,106,102,18,21,20,25,23,18,30,27,38,46,53,45,84,98,84,182
03.11.2016,Olympiacos,CSKA Moscow,75,81,21,25,7,19,23,22,24,15,28,44,47,37,72,84,72,156
02.11.2016,Maccabi Tel Aviv,Barcelona,69,79,18,20,16,20,13,18,22,21,34,40,35,39,74,74,74,148
02.11.2016,Fenerbahce Ulker,Unics Kazan,73,81,15,20,24,23,23,20,11,18,39,43,34,38,82,72,82,154
28.10.2016,Barcelona,Bamberg,78,74,19,19,21,19,19,19,19,17,40,38,38,36,78,74,78,152
28.10.2016,Panathinaikos,Crvena Zvezda,70,59,23,14,23,11,15,16,9,18,46,25,24,34,71,58,71,129
28.10.2016,Galatasaray CC,Fenerbahce Ulker,87,103,19,22,22,26,23,22,23,33,41,48,46,55,89,101,89,190
28.10.2016,Zalgiris Kaunas,Maccabi Tel Aviv,74,87,16,21,16,22,25,21,17,23,32,43,42,44,75,86,75,161
27.10.2016,Baskonia,Olympiacos,90,95,27,22,25,25,22,25,16,23,52,47,38,48,99,86,99,185
27.10.2016,Olimpia Milano,Real Madrid,90,101,20,26,21,26,25,23,24,26,41,52,49,49,93,98,93,191
27.10.2016,Darussafaka Ct,Anadolu Efes SK,79,84,20,13,26,22,19,23,14,26,46,35,33,49,81,82,81,163
27.10.2016,CSKA Moscow,Unics Kazan,98,80,23,20,24,23,21,12,30,25,47,43,51,37,90,88,90,178
26.10.2016,Maccabi Tel Aviv,Galatasaray CC,98,92,18,24,26,23,25,18,29,27,44,47,54,45,91,99,91,190
26.10.2016,Bamberg,Panathinaikos,83,84,15,20,22,22,26,20,20,22,37,42,46,42,79,88,79,167
26.10.2016,Fenerbahce Ulker,Zalgiris Kaunas,82,68,28,24,16,13,19,19,19,12,44,37,38,31,81,69,81,150
26.10.2016,Crvena Zvezda,Barcelona,76,65,9,16,31,15,20,17,16,17,40,31,36,34,71,70,71,141
25.10.2016,Real Madrid,Baskonia,87,91,19,32,24,22,23,15,21,22,43,54,44,37,97,81,97,178
25.10.2016,Anadolu Efes SK,CSKA Moscow,87,93,23,26,14,23,26,20,24,24,37,49,50,44,86,94,86,180
25.10.2016,Olympiacos,Olimpia Milano,91,81,25,19,21,22,24,20,21,20,46,41,45,40,87,85,87,172
25.10.2016,Unics Kazan,Darussafaka Ct,87,94,29,28,18,18,12,19,28,29,47,46,40,48,93,88,93,181
21.10.2016,Barcelona,Fenerbahce Ulker,72,73,19,21,17,19,15,13,21,20,36,40,36,33,76,69,76,145
21.10.2016,CSKA Moscow,Panathinaikos,81,77,22,19,13,11,22,28,24,19,35,30,46,47,65,93,65,158
21.10.2016,Galatasaray CC,Crvena Zvezda,83,85,30,17,17,30,20,22,16,16,47,47,36,38,94,74,94,168
21.10.2016,Zalgiris Kaunas,Baskonia,78,73,20,23,14,17,27,21,17,12,34,40,44,33,74,77,74,151
20.10.2016,Darussafaka Ct,Olimpia Milano,80,81,23,24,18,22,17,14,22,21,41,46,39,35,87,74,87,161
20.10.2016,Maccabi Tel Aviv,Real Madrid,82,89,16,20,17,26,24,16,25,27,33,46,49,43,79,92,79,171
20.10.2016,Bamberg,Unics Kazan,89,86,19,17,22,27,19,23,29,19,41,44,48,42,85,90,85,175
20.10.2016,Olympiacos,Anadolu Efes SK,90,66,28,16,13,17,21,20,28,13,41,33,49,33,74,82,74,156
14.10.2016,Baskonia,Anadolu Efes SK,85,84,25,27,24,24,19,22,17,11,49,51,36,33,100,69,100,169
14.10.2016,Panathinaikos,Zalgiris Kaunas,84,76,20,15,17,15,14,22,33,24,37,30,47,46,67,93,67,160
14.10.2016,Fenerbahce Ulker,Bamberg,67,66,18,22,18,11,17,18,14,15,36,33,31,33,69,64,69,133
14.10.2016,Unics Kazan,Barcelona,63,69,21,23,15,11,15,9,12,26,36,34,27,35,70,62,70,132
13.10.2016,Crvena Zvezda,Darussafaka Ct,70,73,24,17,20,13,8,16,18,27,44,30,26,43,74,69,74,143
13.10.2016,Olimpia Milano,Maccabi Tel Aviv,99,97,25,24,19,20,28,21,27,32,44,44,55,53,88,108,88,196
13.10.2016,Galatasaray CC,CSKA Moscow,84,109,18,27,27,30,26,24,13,28,45,57,39,52,102,91,102,193
12.10.2016,Real Madrid,Olympiacos,83,65,24,17,18,23,20,13,21,12,42,40,41,25,82,66,82,148
30.09.2016,Guandong,CSKA Moscow,75,101,21,25,13,28,19,22,22,26,34,53,41,48,87,89,87,176
28.09.2016,Sichuan,CSKA Moscow,49,92,19,29,8,20,15,19,7,24,27,49,22,43,76,65,76,141
15.05.2016,Fenerbahce Ulker,CSKA Moscow,96,101,20,22,10,28,23,19,30,14,30,50,53,33,80,86,80,166
15.05.2016,Baskonia,Lokomotiv Kuban,75,85,16,20,26,20,11,21,22,24,42,40,33,45,82,78,82,160
13.05.2016,Fenerbahce Ulker,Baskonia,88,77,23,15,18,25,14,17,17,15,41,40,31,32,81,63,81,144
13.05.2016,CSKA Moscow,Lokomotiv Kuban,88,81,23,12,24,25,21,22,20,22,47,37,41,44,84,85,84,169
26.04.2016,Lokomotiv Kuban,Barcelona,81,67,26,21,24,18,8,23,23,5,50,39,31,28,89,59,89,148
21.04.2016,Barcelona,Lokomotiv Kuban,80,92,19,21,16,19,19,11,22,25,35,40,41,36,75,77,75,152
19.04.2016,Barcelona,Lokomotiv Kuban,82,70,19,23,23,13,19,14,21,20,42,36,40,34,78,74,78,152
19.04.2016,Real Madrid,Fenerbahce Ulker,63,75,13,18,14,12,13,24,23,21,27,30,36,45,57,81,57,138
19.04.2016,Panathinaikos,Baskonia,75,84,17,20,20,22,18,14,20,28,37,42,38,42,79,80,79,159
18.04.2016,Crvena Zvezda,CSKA Moscow,71,78,21,18,14,18,12,23,24,19,35,36,36,42,71,78,71,149
15.04.2016,Baskonia,Panathinaikos,82,78,16,21,22,15,16,15,19,22,38,36,35,37,74,72,74,146
15.04.2016,Lokomotiv Kuban,Barcelona,66,92,19,24,12,24,18,23,17,21,31,48,35,44,79,79,79,158
14.04.2016,Fenerbahce Ulker,Real Madrid,100,78,27,14,27,15,22,19,24,30,54,29,46,49,83,95,83,178
14.04.2016,CSKA Moscow,Crvena Zvezda,77,76,20,20,24,28,19,12,14,16,44,48,33,28,92,61,92,153
13.04.2016,Baskonia,Panathinaikos,84,68,18,16,21,12,25,21,20,19,39,28,45,40,67,85,67,152
13.04.2016,Lokomotiv Kuban,Barcelona,66,61,17,19,10,14,23,20,16,8,27,33,39,28,60,67,60,127
12.04.2016,Fenerbahce Ulker,Real Madrid,75,69,15,11,26,18,12,23,22,17,41,29,34,40,70,74,70,144
12.04.2016,CSKA Moscow,Crvena Zvezda,84,74,25,20,19,20,19,16,21,18,44,40,40,34,84,74,84,158
08.04.2016,Olympiacos,CSKA Moscow,96,99,25,33,20,17,24,14,27,35,45,50,51,49,95,100,95,195
08.04.2016,Unicaja,Fenerbahce Ulker,71,67,23,20,16,8,19,20,13,19,39,28,32,39,67,71,67,138
08.04.2016,Cedevita,Crvena Zvezda,83,62,29,12,23,19,16,14,15,17,52,31,31,31,83,62,83,145
08.04.2016,Darussafaka Ct,Lokomotiv Kuban,87,86,20,23,18,24,26,19,23,20,38,47,49,39,85,88,85,173
07.04.2016,Real Madrid,Khimki,83,70,33,28,21,21,12,9,17,12,54,49,29,21,103,50,103,153
07.04.2016,Bamberg,Baskonia,89,69,29,14,16,14,18,24,26,17,45,28,44,41,73,85,73,158
07.04.2016,Anadolu Efes SK,Panathinaikos,91,86,17,23,26,29,18,14,30,20,43,52,48,34,95,82,95,177
07.04.2016,Zalgiris Kaunas,Barcelona,59,66,16,16,18,12,14,21,11,17,34,28,25,38,62,63,62,125
01.04.2016,Panathinaikos,Cedevita,76,60,20,5,22,14,16,18,18,23,42,19,34,41,61,75,61,136
01.04.2016,Baskonia,Real Madrid,89,88,11,21,25,25,31,21,22,21,36,46,53,42,82,95,82,177
01.04.2016,Fenerbahce Ulker,Anadolu Efes SK,90,86,19,16,18,18,29,16,24,36,37,34,53,52,71,105,71,176
01.04.2016,CSKA Moscow,Zalgiris Kaunas,100,86,21,23,26,25,27,13,26,25,47,48,53,38,95,91,95,186
31.03.2016,Barcelona,Bamberg,75,57,18,12,25,11,16,18,16,16,43,23,32,34,66,66,66,132
31.03.2016,Crvena Zvezda,Darussafaka Ct,61,80,20,15,14,20,15,20,12,25,34,35,27,45,69,72,69,141
31.03.2016,Khimki,Olympiacos,98,66,25,22,23,14,28,14,22,16,48,36,50,30,84,80,84,164
31.03.2016,Lokomotiv Kuban,Unicaja,81,60,18,14,21,21,23,20,19,5,39,35,42,25,74,67,74,141
25.03.2016,Anadolu Efes SK,Unicaja,87,67,27,11,22,19,16,17,22,20,49,30,38,37,79,75,79,154
25.03.2016,Olympiacos,Real Madrid,99,84,23,17,30,16,20,21,26,30,53,33,46,51,86,97,86,183
25.03.2016,Cedevita,Fenerbahce Ulker,89,59,22,13,22,17,27,13,18,16,44,30,45,29,74,74,74,148
25.03.2016,Zalgiris Kaunas,Khimki,71,76,17,20,20,15,12,21,22,20,37,35,34,41,72,75,72,147
24.03.2016,Bamberg,CSKA Moscow,91,83,22,20,21,19,25,28,23,16,43,39,48,44,82,92,82,174
24.03.2016,Darussafaka Ct,Panathinaikos,84,86,30,22,12,18,21,25,21,21,42,40,42,46,82,88,82,170
24.03.2016,Lokomotiv Kuban,Crvena Zvezda,86,62,19,15,26,20,21,14,20,13,45,35,41,27,80,68,80,148
23.03.2016,Baskonia,Barcelona,75,71,15,16,25,17,16,12,19,26,40,33,35,38,73,73,73,146
18.03.2016,Olympiacos,Zalgiris Kaunas,74,59,14,15,25,15,19,11,16,18,39,30,35,29,69,64,69,133
18.03.2016,Unicaja,Crvena Zvezda,72,78,20,12,23,15,17,26,12,25,43,27,29,51,70,80,70,150
18.03.2016,Anadolu Efes SK,Cedevita,80,76,20,28,14,8,19,18,27,22,34,36,46,40,70,86,70,156
18.03.2016,Bamberg,Khimki,84,79,16,17,24,23,16,24,28,15,40,40,44,39,80,83,80,163
17.03.2016,Barcelona,Real Madrid,72,65,25,4,15,24,12,23,20,14,40,28,32,37,68,69,68,137
17.03.2016,Panathinaikos,Lokomotiv Kuban,84,79,19,19,17,22,24,22,24,16,36,41,48,38,77,86,77,163
17.03.2016,Fenerbahce Ulker,Darussafaka Ct,77,69,25,21,20,18,12,15,20,15,45,39,32,30,84,62,84,146
17.03.2016,CSKA Moscow,Baskonia,90,78,20,14,20,12,28,30,22,22,40,26,50,52,66,102,66,168
11.03.2016,Barcelona,CSKA Moscow,100,98,21,24,26,14,13,26,25,21,47,38,38,47,85,85,85,170
11.03.2016,Crvena Zvezda,Panathinaikos,69,67,10,18,18,13,25,11,16,25,28,31,41,36,59,77,59,136
11.03.2016,Darussafaka Ct,Anadolu Efes SK,68,72,15,13,11,21,24,21,18,17,26,34,42,38,60,80,60,140
11.03.2016,Zalgiris Kaunas,Real Madrid,75,90,17,13,24,26,12,23,22,28,41,39,34,51,80,85,80,165
10.03.2016,Baskonia,Khimki,98,83,21,24,24,22,27,15,26,22,45,46,53,37,91,90,91,181
10.03.2016,Bamberg,Olympiacos,72,71,19,21,19,16,13,19,21,15,38,37,34,34,75,68,75,143
10.03.2016,Cedevita,Unicaja,78,91,23,25,19,23,12,17,24,26,42,48,36,43,90,79,90,169
10.03.2016,Lokomotiv Kuban,Fenerbahce Ulker,52,55,13,17,12,13,19,13,8,12,25,30,27,25,55,52,55,107
04.03.2016,Olympiacos,Baskonia,82,68,19,16,25,14,19,17,19,21,44,30,38,38,74,76,74,150
04.03.2016,Fenerbahce Ulker,Crvena Zvezda,72,65,14,18,11,16,24,6,23,25,25,34,47,31,59,78,59,137
04.03.2016,Zalgiris Kaunas,Bamberg,75,73,25,19,16,19,18,17,16,18,41,38,34,35,79,69,79,148
03.03.2016,Anadolu Efes SK,Lokomotiv Kuban,61,76,16,17,12,21,16,15,17,23,28,38,33,38,66,71,66,137
03.03.2016,Unicaja,Panathinaikos,58,76,7,26,20,16,19,22,12,12,27,42,31,34,69,65,69,134
03.03.2016,Cedevita,Darussafaka Ct,77,83,19,24,19,19,23,16,16,24,38,43,39,40,81,79,81,160
03.03.2016,Khimki,Barcelona,75,61,24,14,24,15,13,14,14,18,48,29,27,32,77,59,77,136
02.03.2016,Real Madrid,CSKA Moscow,87,96,18,18,19,24,25,22,25,32,37,42,50,54,79,104,79,183
26.02.2016,Barcelona,Olympiacos,82,66,19,19,26,12,26,16,11,19,45,31,37,35,76,72,76,148
26.02.2016,Crvena Zvezda,Anadolu Efes SK,91,82,24,19,14,27,25,19,28,17,38,46,53,36,84,89,84,173
25.02.2016,Baskonia,Zalgiris Kaunas,71,65,22,20,10,12,13,21,26,12,32,32,39,33,64,72,64,136
25.02.2016,Panathinaikos,Fenerbahce Ulker,76,71,15,20,21,16,19,17,21,18,36,36,40,35,72,75,72,147
25.02.2016,Bamberg,Real Madrid,86,90,26,23,19,23,20,26,21,18,45,46,41,44,91,85,91,176
25.02.2016,Lokomotiv Kuban,Cedevita,87,63,29,12,15,21,26,13,17,17,44,33,43,30,77,73,77,150
25.02.2016,Darussafaka Ct,Unicaja,78,55,19,16,18,12,22,17,19,10,37,28,41,27,65,68,65,133
25.02.2016,CSKA Moscow,Khimki,108,98,28,23,25,23,24,20,31,32,53,46,55,52,99,107,99,206
12.02.2016,Barcelona,Zalgiris Kaunas,92,86,16,19,22,12,27,24,27,31,38,31,54,55,69,109,69,178
12.02.2016,Panathinaikos,Anadolu Efes SK,83,78,17,20,19,15,28,24,19,19,36,35,47,43,71,90,71,161
12.02.2016,CSKA Moscow,Olympiacos,92,85,18,15,23,18,25,28,26,24,41,33,51,52,74,103,74,177
12.02.2016,Lokomotiv Kuban,Darussafaka Ct,82,58,19,16,25,12,16,12,22,18,44,28,38,30,72,68,72,140
11.02.2016,Baskonia,Bamberg,90,64,26,13,23,17,23,16,18,18,49,30,41,34,79,75,79,154
11.02.2016,Crvena Zvezda,Cedevita,94,74,26,12,17,20,19,24,32,18,43,32,51,42,75,93,75,168
11.02.2016,Fenerbahce Ulker,Unicaja,80,59,16,15,25,13,20,17,19,14,41,28,39,31,69,70,69,139
11.02.2016,Khimki,Real Madrid,82,93,26,26,24,17,19,28,13,22,50,43,32,50,93,82,93,175
05.02.2016,Olympiacos,Khimki,89,77,20,24,18,19,24,17,27,17,38,43,51,34,81,85,81,166
05.02.2016,Real Madrid,Baskonia,68,77,19,19,18,22,12,18,19,18,37,41,31,36,78,67,78,145
05.02.2016,Anadolu Efes SK,Fenerbahce Ulker,73,77,21,18,20,17,16,20,16,22,41,35,32,42,76,74,76,150
05.02.2016,Zalgiris Kaunas,CSKA Moscow,59,94,11,26,18,18,16,22,14,28,29,44,30,50,73,80,73,153
04.02.2016,Unicaja,Lokomotiv Kuban,64,82,16,16,16,18,15,26,17,22,32,34,32,48,66,80,66,146
04.02.2016,Bamberg,Barcelona,74,70,13,17,22,15,18,18,21,20,35,32,39,38,67,77,67,144
04.02.2016,Darussafaka Ct,Crvena Zvezda,69,66,21,19,20,18,14,17,14,12,41,37,28,29,78,57,78,135
04.02.2016,Cedevita,Panathinaikos,60,78,13,18,9,21,14,21,24,18,22,39,38,39,61,77,61,138
29.01.2016,Barcelona,Baskonia,78,81,15,13,14,18,15,20,26,19,29,31,41,39,60,80,60,140
29.01.2016,Panathinaikos,Darussafaka Ct,82,79,16,21,26,17,21,20,19,21,42,38,40,41,80,81,80,161
29.01.2016,Crvena Zvezda,Lokomotiv Kuban,80,66,33,21,17,16,17,17,13,12,50,37,30,29,87,59,87,146
29.01.2016,Unicaja,Anadolu Efes SK,75,85,23,21,24,25,19,20,9,19,47,46,28,39,93,67,93,160
29.01.2016,Khimki,Zalgiris Kaunas,111,80,25,18,27,20,25,23,34,19,52,38,59,42,90,101,90,191
28.01.2016,Real Madrid,Olympiacos,84,72,17,19,24,16,22,13,21,24,41,35,43,37,76,80,76,156
28.01.2016,Fenerbahce Ulker,Cedevita,86,73,27,12,13,21,22,28,24,12,40,33,46,40,73,86,73,159
28.01.2016,CSKA Moscow,Bamberg,91,70,25,23,30,11,18,16,18,20,55,34,36,36,89,72,89,161
22.01.2016,Crvena Zvezda,Unicaja,87,73,21,14,20,17,19,22,27,20,41,31,46,42,72,88,72,160
22.01.2016,Darussafaka Ct,Fenerbahce Ulker,100,106,24,37,27,25,22,24,27,20,51,62,49,44,113,93,113,206
22.01.2016,Zalgiris Kaunas,Olympiacos,75,55,17,18,16,9,20,18,22,10,33,27,42,28,60,70,60,130
22.01.2016,Khimki,Bamberg,78,61,16,12,14,16,24,17,24,16,30,28,48,33,58,81,58,139
21.01.2016,Real Madrid,Barcelona,86,87,27,17,21,20,15,25,23,25,48,37,38,50,85,88,85,173
21.01.2016,Baskonia,CSKA Moscow,81,71,18,10,16,24,23,20,24,17,34,34,47,37,68,84,68,152
21.01.2016,Cedevita,Anadolu Efes SK,84,80,24,20,23,27,18,12,19,21,47,47,37,33,94,70,94,164
21.01.2016,Lokomotiv Kuban,Panathinaikos,76,67,22,22,16,17,15,12,23,16,38,39,38,28,77,66,77,143
15.01.2016,Olympiacos,Bamberg,72,77,10,18,16,21,21,20,25,18,26,39,46,38,65,84,65,149
15.01.2016,Real Madrid,Zalgiris Kaunas,92,86,26,18,19,24,20,11,27,33,45,42,47,44,87,91,87,178
15.01.2016,Anadolu Efes SK,Darussafaka Ct,84,71,14,15,22,12,25,24,23,20,36,27,48,44,63,92,63,155
15.01.2016,Khimki,Baskonia,76,68,17,12,22,27,20,9,17,20,39,39,37,29,78,66,78,144
14.01.2016,Unicaja,Cedevita,90,67,27,14,25,17,19,19,19,17,52,31,38,36,83,74,83,157
14.01.2016,Panathinaikos,Crvena Zvezda,63,74,14,16,20,22,14,16,15,20,34,38,29,36,72,65,72,137
14.01.2016,Fenerbahce Ulker,Lokomotiv Kuban,85,79,20,18,17,27,14,15,34,19,37,45,48,34,82,82,82,164
14.01.2016,CSKA Moscow,Barcelona,93,82,28,29,26,17,22,13,17,23,54,46,39,36,100,75,100,175
08.01.2016,Panathinaikos,Unicaja,68,66,21,17,16,16,21,22,10,11,37,33,31,33,70,64,70,134
08.01.2016,Bamberg,Zalgiris Kaunas,96,63,24,13,25,16,22,23,25,11,49,29,47,34,78,81,78,159
08.01.2016,Crvena Zvezda,Fenerbahce Ulker,65,88,20,23,8,18,18,22,19,25,28,41,37,47,69,84,69,153
08.01.2016,Lokomotiv Kuban,Anadolu Efes SK,78,77,13,21,24,22,16,16,25,18,37,43,41,34,80,75,80,155
07.01.2016,Barcelona,Khimki,87,70,23,16,26,13,18,22,20,19,49,29,38,41,78,79,78,157
07.01.2016,Baskonia,Olympiacos,76,82,18,24,16,19,22,19,20,20,34,43,42,39,77,81,77,158
07.01.2016,Darussafaka Ct,Cedevita,72,79,26,19,13,21,19,18,14,21,39,40,33,39,79,72,79,151
07.01.2016,CSKA Moscow,Real Madrid,95,81,22,20,28,21,21,23,24,17,50,41,45,40,91,85,91,176
30.12.2015,Real Madrid,Bamberg,82,79,13,19,17,21,27,20,25,19,30,40,52,39,70,91,70,161
30.12.2015,Fenerbahce Ulker,Panathinaikos,82,75,28,18,18,25,16,15,20,17,46,43,36,32,89,68,89,157
30.12.2015,Cedevita,Lokomotiv Kuban,75,89,21,16,20,34,15,13,19,26,41,50,34,39,91,73,91,164
30.12.2015,Zalgiris Kaunas,Baskonia,68,89,14,33,26,22,15,9,13,25,40,55,28,34,95,62,95,157
30.12.2015,Anadolu Efes SK,Crvena Zvezda,85,84,25,23,19,31,17,18,24,12,44,54,41,30,98,71,98,169
29.12.2015,Unicaja,Darussafaka Ct,70,62,14,16,15,16,25,21,16,9,29,32,41,30,61,71,61,132
29.12.2015,Olympiacos,Barcelona,74,62,14,14,25,12,17,14,18,22,39,26,35,36,65,71,65,136
29.12.2015,Khimki,CSKA Moscow,91,89,21,29,20,22,28,20,22,18,41,51,50,38,92,88,92,180
18.12.2015,Olimpia Milano,Limoges,69,77,19,20,22,28,13,18,15,11,41,48,28,29,89,57,89,146
18.12.2015,Olympiacos,Anadolu Efes SK,68,81,10,21,19,19,25,24,14,17,29,40,39,41,69,80,69,149
18.12.2015,Unicaja,CSKA Moscow,76,88,24,20,22,22,11,23,19,23,46,42,30,46,88,76,88,164
18.12.2015,Crvena Zvezda,Bayern,85,76,31,20,13,20,12,25,29,11,44,40,41,36,84,77,84,161
18.12.2015,Zielona Gora,Pinar Karsiyaka,81,83,20,24,16,25,25,14,20,20,36,49,45,34,85,79,85,164
18.12.2015,Lokomotiv Kuban,Barcelona,78,74,18,17,11,18,25,25,24,14,29,35,49,39,64,88,64,152
17.12.2015,Real Madrid,Strasbourg,97,65,29,15,23,22,23,13,22,15,52,37,45,28,89,73,89,162
17.12.2015,Baskonia,Cedevita,92,70,23,16,22,13,22,28,25,13,45,29,47,41,74,88,74,162
17.12.2015,Bamberg,Sassari,86,54,20,14,29,19,18,14,19,7,49,33,37,21,82,58,82,140
17.12.2015,Darussafaka Ct,Maccabi Tel Aviv,66,70,23,19,12,19,14,12,17,20,35,38,31,32,73,63,73,136
17.12.2015,Zalgiris Kaunas,Panathinaikos,72,75,16,21,20,13,22,18,14,23,36,34,36,41,70,77,70,147
17.12.2015,Khimki,Fenerbahce Ulker,68,70,26,24,13,15,10,11,19,20,39,39,29,31,78,60,78,138
11.12.2015,Fenerbahce Ulker,Crvena Zvezda,79,61,18,20,21,17,19,14,21,10,39,37,40,24,76,64,76,140
11.12.2015,Panathinaikos,Zielona Gora,82,51,26,23,21,10,20,14,15,4,47,33,35,18,80,53,80,133
11.12.2015,Strasbourg,Khimki,69,78,24,20,19,25,14,14,12,19,43,45,26,33,88,59,88,147
11.12.2015,Bayern,Real Madrid,67,86,18,20,20,16,13,29,16,21,38,36,29,50,74,79,74,153
11.12.2015,Cedevita,Olimpia Milano,82,85,18,25,13,20,26,21,25,19,31,45,51,40,76,91,76,167
11.12.2015,CSKA Moscow,Darussafaka Ct,94,66,24,19,27,22,29,7,14,18,51,41,43,25,92,68,92,160
10.12.2015,Barcelona,Zalgiris Kaunas,88,92,16,27,22,18,25,25,25,22,38,45,50,47,83,97,83,180
10.12.2015,Limoges,Olympiacos,67,76,15,20,21,26,12,19,19,11,36,46,31,30,82,61,82,143
10.12.2015,Sassari,Unicaja,65,77,23,26,16,22,12,15,14,14,39,48,26,29,87,55,87,142
10.12.2015,Maccabi Tel Aviv,Bamberg,85,65,22,10,19,18,29,22,15,15,41,28,44,37,69,81,69,150
10.12.2015,Anadolu Efes SK,Baskonia,95,86,16,21,25,25,26,20,28,20,41,46,54,40,87,94,87,181
10.12.2015,Pinar Karsiyaka,Lokomotiv Kuban,78,88,22,27,21,23,14,20,21,18,43,50,35,38,93,73,93,166
04.12.2015,Panathinaikos,Barcelona,93,86,21,22,24,13,21,22,27,29,45,35,48,51,80,99,80,179
04.12.2015,Strasbourg,Bayern,69,82,15,21,14,27,11,18,29,16,29,48,40,34,77,74,77,151
04.12.2015,Crvena Zvezda,Khimki,96,91,27,26,23,27,18,16,28,22,50,53,46,38,103,84,103,187
04.12.2015,Darussafaka Ct,Unicaja,63,57,20,15,10,13,15,20,18,9,30,28,33,29,58,62,58,120
04.12.2015,Lokomotiv Kuban,Zielona Gora,51,66,13,24,14,16,11,12,13,14,27,40,24,26,67,50,67,117
03.12.2015,Olympiacos,Olimpia Milano,73,63,14,13,11,16,23,19,25,15,25,29,48,34,54,82,54,136
03.12.2015,Bamberg,CSKA Moscow,88,100,20,26,27,25,23,28,18,21,47,51,41,49,98,90,98,188
03.12.2015,Real Madrid,Fenerbahce Ulker,80,73,18,28,18,17,20,10,24,18,36,45,44,28,81,72,81,153
03.12.2015,Baskonia,Limoges,92,56,29,15,25,14,19,14,19,13,54,29,38,27,83,65,83,148
03.12.2015,Cedevita,Anadolu Efes SK,75,81,13,17,26,25,26,15,10,24,39,42,36,39,81,75,81,156
03.12.2015,Sassari,Maccabi Tel Aviv,74,76,15,20,18,20,19,17,22,19,33,40,41,36,73,77,73,150
02.12.2015,Zalgiris Kaunas,Pinar Karsiyaka,74,52,22,14,18,11,13,16,21,11,40,25,34,27,65,61,65,126
27.11.2015,Darussafaka Ct,Bamberg,54,65,17,17,12,15,12,18,13,15,29,32,25,33,61,58,61,119
27.11.2015,Crvena Zvezda,Real Madrid,94,88,28,18,18,25,20,24,28,21,46,43,48,45,89,93,89,182
27.11.2015,CSKA Moscow,Sassari,93,87,25,26,25,19,20,13,23,29,50,45,43,42,95,85,95,180
27.11.2015,Pinar Karsiyaka,Panathinaikos,66,69,9,21,14,15,18,14,25,19,23,36,43,33,59,76,59,135
27.11.2015,Lokomotiv Kuban,Zalgiris Kaunas,80,50,28,14,25,3,12,10,15,23,53,17,27,33,70,60,70,130
26.11.2015,Unicaja,Maccabi Tel Aviv,82,68,26,20,22,11,15,18,19,19,48,31,34,37,79,71,79,150
26.11.2015,Olimpia Milano,Anadolu Efes SK,88,84,23,21,21,25,22,19,22,19,44,46,44,38,90,82,90,172
26.11.2015,Olympiacos,Baskonia,59,52,12,6,24,16,10,17,13,13,36,22,23,30,58,53,58,111
26.11.2015,Limoges,Cedevita,69,78,18,20,21,28,12,15,18,15,39,48,30,30,87,60,87,147
26.11.2015,Fenerbahce Ulker,Strasbourg,81,64,22,14,18,20,21,13,20,17,40,34,41,30,74,71,74,145
26.11.2015,Zielona Gora,Barcelona,64,93,18,24,17,20,15,25,14,24,35,44,29,49,79,78,79,157
26.11.2015,Khimki,Bayern,70,81,14,23,16,19,21,17,19,22,30,42,40,39,72,79,72,151
20.11.2015,Sassari,Darussafaka Ct,60,68,16,12,14,25,11,19,19,12,30,37,30,31,67,61,67,128
20.11.2015,Panathinaikos,Lokomotiv Kuban,71,77,10,21,19,12,25,26,17,18,29,33,42,44,62,86,62,148
20.11.2015,Bamberg,Unicaja,73,53,14,17,26,12,20,8,13,16,40,29,33,24,69,57,69,126
20.11.2015,Anadolu Efes SK,Limoges,92,74,25,20,26,15,19,22,22,17,51,35,41,39,86,80,86,166
19.11.2015,Barcelona,Pinar Karsiyaka,107,79,26,16,22,21,31,20,28,22,48,37,59,42,85,101,85,186
19.11.2015,Bayern,Fenerbahce Ulker,67,84,10,30,20,20,18,17,19,17,30,50,37,34,80,71,80,151
19.11.2015,Strasbourg,Crvena Zvezda,78,75,19,30,15,22,22,12,22,11,34,52,44,23,86,67,86,153
19.11.2015,Baskonia,Olimpia Milano,94,82,28,19,24,18,20,17,22,28,52,37,42,45,89,87,89,176
19.11.2015,Maccabi Tel Aviv,CSKA Moscow,82,88,18,13,19,25,26,27,19,23,37,38,45,50,75,95,75,170
19.11.2015,Cedevita,Olympiacos,70,83,24,21,16,20,16,23,14,19,40,41,30,42,81,72,81,153
19.11.2015,Zalgiris Kaunas,Zielona Gora,67,56,17,14,19,15,21,20,10,7,36,29,31,27,65,58,65,123
18.11.2015,Real Madrid,Khimki,82,85,22,24,20,20,21,22,19,19,42,44,40,41,86,81,86,167
13.11.2015,Fenerbahce Ulker,Khimki,88,83,23,21,26,20,15,18,24,24,49,41,39,42,90,81,90,171
13.11.2015,Panathinaikos,Zalgiris Kaunas,91,56,27,13,17,12,26,16,21,15,44,25,47,31,69,78,69,147
13.11.2015,Sassari,Bamberg,73,90,21,14,13,22,19,24,20,30,34,36,39,54,70,93,70,163
13.11.2015,Strasbourg,Real Madrid,93,86,24,25,27,19,27,19,15,23,51,44,42,42,95,84,95,179
13.11.2015,Cedevita,Baskonia,76,67,16,18,15,19,23,13,22,17,31,37,45,30,68,75,68,143
13.11.2015,Pinar Karsiyaka,Zielona Gora,77,66,21,16,15,12,21,13,20,25,36,28,41,38,64,79,64,143
13.11.2015,CSKA Moscow,Unicaja,78,86,20,17,23,25,22,19,13,25,43,42,35,44,85,79,85,164
12.11.2015,Barcelona,Lokomotiv Kuban,72,68,18,16,19,15,11,18,24,19,37,31,35,37,68,72,68,140
12.11.2015,Bayern,Crvena Zvezda,79,90,19,19,24,19,23,25,13,27,43,38,36,52,81,88,81,169
12.11.2015,Limoges,Olimpia Milano,74,65,19,21,20,9,17,16,18,19,39,30,35,35,69,70,69,139
12.11.2015,Maccabi Tel Aviv,Darussafaka Ct,73,84,20,20,19,17,14,23,20,24,39,37,34,47,76,81,76,157
12.11.2015,Anadolu Efes SK,Olympiacos,87,91,13,20,17,16,24,18,22,22,30,36,46,40,66,86,66,152
06.11.2015,Unicaja,Sassari,80,62,20,16,16,21,24,7,20,18,36,37,44,25,73,69,73,142
06.11.2015,Crvena Zvezda,Fenerbahce Ulker,60,74,19,25,12,20,11,14,18,15,31,45,29,29,76,58,76,134
06.11.2015,Zielona Gora,Panathinaikos,71,68,19,15,21,18,17,16,14,19,40,33,31,35,73,66,73,139
06.11.2015,Zalgiris Kaunas,Barcelona,78,85,23,22,16,23,18,22,21,18,39,45,39,40,84,79,84,163
06.11.2015,Lokomotiv Kuban,Pinar Karsiyaka,72,53,17,21,13,14,22,7,20,11,30,35,42,18,65,60,65,125
05.11.2015,Baskonia,Anadolu Efes SK,92,90,16,18,12,15,24,24,29,24,28,33,53,48,61,101,61,162
05.11.2015,Olimpia Milano,Cedevita,68,77,11,21,19,14,20,14,18,28,30,35,38,42,65,80,65,145
05.11.2015,Olympiacos,Limoges,75,49,16,17,12,12,23,13,24,7,28,29,47,20,57,67,57,124
05.11.2015,Real Madrid,Bayern,101,99,33,20,18,31,22,30,28,18,51,51,50,48,102,98,102,200
05.11.2015,Bamberg,Maccabi Tel Aviv,77,66,23,22,19,13,9,22,26,9,42,35,35,31,77,66,77,143
05.11.2015,Darussafaka Ct,CSKA Moscow,75,80,19,24,24,24,9,22,23,10,43,48,32,32,91,64,91,155
05.11.2015,Khimki,Strasbourg,88,62,23,15,16,11,25,14,24,22,39,26,49,36,65,85,65,150
30.10.2015,Olimpia Milano,Olympiacos,66,71,23,20,14,19,17,13,12,19,37,39,29,32,76,61,76,137
30.10.2015,Bayern,Strasbourg,76,61,18,12,13,17,23,18,22,14,31,29,45,32,60,77,60,137
30.10.2015,Unicaja,Darussafaka Ct,81,69,16,20,28,17,20,16,17,16,44,37,37,32,81,69,81,150
30.10.2015,Zielona Gora,Lokomotiv Kuban,75,83,15,13,23,27,19,19,18,24,38,40,37,43,78,80,78,158
30.10.2015,Fenerbahce Ulker,Real Madrid,77,66,20,18,19,14,24,24,14,10,39,32,38,34,71,72,71,143
30.10.2015,Khimki,Crvena Zvezda,91,53,22,17,29,13,20,9,20,14,51,30,40,23,81,63,81,144
29.10.2015,Barcelona,Panathinaikos,77,52,17,11,25,17,13,15,22,9,42,28,35,24,70,59,70,129
29.10.2015,Limoges,Baskonia,71,107,12,26,22,34,21,18,16,29,34,60,37,47,94,84,94,178
29.10.2015,Maccabi Tel Aviv,Sassari,79,63,15,17,20,16,22,14,22,16,35,33,44,30,68,74,68,142
29.10.2015,Anadolu Efes SK,Cedevita,75,81,25,21,16,15,17,18,17,27,41,36,34,45,77,79,77,156
29.10.2015,CSKA Moscow,Bamberg,83,77,16,15,21,13,21,21,25,28,37,28,46,49,65,95,65,160
29.10.2015,Pinar Karsiyaka,Zalgiris Kaunas,66,68,15,23,18,15,19,20,14,10,33,38,33,30,71,63,71,134
23.10.2015,Barcelona,Zielona Gora,78,72,19,20,24,17,21,20,14,15,43,37,35,35,80,70,80,150
23.10.2015,Sassari,CSKA Moscow,78,107,26,25,15,35,22,19,15,28,41,60,37,47,101,84,101,185
23.10.2015,Strasbourg,Fenerbahce Ulker,91,70,21,24,28,17,16,17,26,12,49,41,42,29,90,71,90,161
23.10.2015,Baskonia,Olympiacos,96,89,21,18,27,21,21,24,11,17,48,39,32,41,87,73,87,160
23.10.2015,Bamberg,Darussafaka Ct,86,76,20,13,16,14,31,29,19,20,36,27,50,49,63,99,63,162
23.10.2015,Zalgiris Kaunas,Lokomotiv Kuban,74,76,31,27,9,16,17,17,17,16,40,43,34,33,83,67,83,150
22.10.2015,Real Madrid,Crvena Zvezda,98,71,22,6,34,14,26,21,16,30,56,20,42,51,76,93,76,169
22.10.2015,Panathinaikos,Pinar Karsiyaka,85,73,30,15,17,19,17,18,21,21,47,34,38,39,81,77,81,158
22.10.2015,Bayern,Khimki,69,60,22,16,23,15,14,20,10,9,45,31,24,29,76,53,76,129
22.10.2015,Maccabi Tel Aviv,Unicaja,82,93,21,24,26,23,16,21,19,25,47,47,35,46,94,81,94,175
22.10.2015,Cedevita,Limoges,80,84,19,27,13,17,22,15,26,25,32,44,48,40,76,88,76,164
22.10.2015,Anadolu Efes SK,Olimpia Milano,89,73,21,20,22,22,26,21,20,10,43,42,46,31,85,77,85,162
16.10.2015,Limoges,Anadolu Efes SK,77,89,17,30,20,17,19,21,21,21,37,47,40,42,84,82,84,166
16.10.2015,Olimpia Milano,Baskonia,78,76,17,23,21,13,23,10,17,30,38,36,40,40,74,80,74,154
16.10.2015,Khimki,Real Madrid,84,70,21,14,22,18,18,17,23,21,43,32,41,38,75,79,75,154
16.10.2015,Zielona Gora,Zalgiris Kaunas,62,66,17,15,18,19,18,12,9,20,35,34,27,32,69,59,69,128
16.10.2015,Fenerbahce Ulker,Bayern,74,67,10,20,20,19,22,20,22,8,30,39,44,28,69,72,69,141
16.10.2015,Lokomotiv Kuban,Panathinaikos,81,70,17,21,28,20,18,20,18,9,45,41,36,29,86,65,86,151
15.10.2015,Olympiacos,Cedevita,76,61,21,20,17,15,19,13,19,13,38,35,38,26,73,64,73,137
15.10.2015,Unicaja,Bamberg,76,71,18,18,18,16,27,15,13,22,36,34,40,37,70,77,70,147
15.10.2015,Darussafaka Ct,Sassari,83,74,15,19,17,12,14,19,20,16,32,31,34,35,63,69,63,132
15.10.2015,Crvena Zvezda,Strasbourg,81,59,19,20,24,12,19,16,19,11,43,32,38,27,75,65,75,140
15.10.2015,CSKA Moscow,Maccabi Tel Aviv,100,69,29,20,15,9,29,19,27,21,44,29,56,40,73,96,73,169
15.10.2015,Pinar Karsiyaka,Barcelona,71,62,18,18,11,9,25,11,17,24,29,27,42,35,56,77,56,133
17.05.2015,Real Madrid,Olympiacos,78,59,15,19,20,9,18,18,25,13,35,28,43,31,63,74,63,137
17.05.2015,Fenerbahce Ulker,CSKA Moscow,80,86,13,27,11,21,31,18,25,20,24,48,56,38,72,94,72,166
15.05.2015,Real Madrid,Fenerbahce Ulker,96,87,20,21,35,14,21,24,20,28,55,35,41,52,90,93,90,183
15.05.2015,CSKA Moscow,Olympiacos,68,70,20,17,16,18,15,12,17,23,36,35,32,35,71,67,71,138
23.04.2015,Olympiacos,Barcelona,71,68,16,17,13,20,21,13,21,18,29,37,42,31,66,73,66,139
23.04.2015,Anadolu Efes SK,Real Madrid,63,76,21,18,18,15,10,18,14,25,39,33,24,43,72,67,72,139
22.04.2015,Panathinaikos,CSKA Moscow,55,74,11,21,21,16,12,23,11,14,32,37,23,37,69,60,69,129
21.04.2015,Anadolu Efes SK,Real Madrid,75,72,15,20,17,10,24,16,19,26,32,30,43,42,62,85,62,147
21.04.2015,Olympiacos,Barcelona,73,71,26,23,18,13,15,24,14,11,44,36,29,35,80,64,80,144
20.04.2015,Panathinaikos,CSKA Moscow,86,85,14,20,20,14,22,19,30,32,34,34,52,51,68,103,68,171
20.04.2015,Maccabi Tel Aviv,Fenerbahce Ulker,74,75,20,13,11,24,14,13,20,15,31,37,34,28,68,62,68,130
17.04.2015,Barcelona,Olympiacos,63,76,10,15,15,20,20,21,18,20,25,35,38,41,60,79,60,139
17.04.2015,Real Madrid,Anadolu Efes SK,90,85,22,16,15,29,26,21,27,19,37,45,53,40,82,93,82,175
16.04.2015,Fenerbahce Ulker,Maccabi Tel Aviv,82,67,30,14,20,20,18,19,14,14,50,34,32,33,84,65,84,149
16.04.2015,CSKA Moscow,Panathinaikos,100,80,21,14,26,21,25,19,28,26,47,35,53,45,82,98,82,180
15.04.2015,Real Madrid,Anadolu Efes SK,80,71,22,20,13,23,26,10,19,18,35,43,45,28,78,73,78,151
15.04.2015,Barcelona,Olympiacos,73,57,20,8,15,18,15,12,23,19,35,26,38,31,61,69,61,130
14.04.2015,Fenerbahce Ulker,Maccabi Tel Aviv,80,72,16,22,22,20,21,16,21,14,38,42,42,30,80,72,80,152
14.04.2015,CSKA Moscow,Panathinaikos,93,66,29,21,27,6,21,15,16,24,56,27,37,39,83,76,83,159
10.04.2015,Real Madrid,Zalgiris Kaunas,99,83,21,12,19,31,28,19,31,21,40,43,59,40,83,99,83,182
10.04.2015,Galatasaray CC,Barcelona,65,88,17,21,17,18,17,22,14,27,34,39,31,49,73,80,73,153
10.04.2015,Olympiacos,Nizhny Novgorod,77,70,25,18,15,12,16,26,21,14,40,30,37,40,70,77,70,147
09.04.2015,Crvena Zvezda,Panathinaikos,69,68,16,7,14,19,14,19,25,23,30,26,39,42,56,81,56,137
09.04.2015,Olimpia Milano,CSKA Moscow,79,88,15,23,19,32,21,18,24,15,34,55,45,33,89,78,89,167
09.04.2015,Unicaja,Baskonia,93,84,20,16,23,20,27,23,23,25,43,36,50,48,79,98,79,177
09.04.2015,Alba Berlin,Maccabi Tel Aviv,64,73,17,21,17,20,17,12,13,20,34,41,30,32,75,62,75,137
09.04.2015,Fenerbahce Ulker,Anadolu Efes SK,83,72,23,12,18,21,18,22,24,17,41,33,42,39,74,81,74,155
03.04.2015,Anadolu Efes SK,Olimpia Milano,86,78,13,24,23,18,27,17,23,19,36,42,50,36,78,86,78,164
03.04.2015,CSKA Moscow,Olympiacos,76,70,21,17,18,17,12,15,25,21,39,34,37,36,73,73,73,146
03.04.2015,Zalgiris Kaunas,Crvena Zvezda,76,70,12,12,28,15,11,28,25,15,40,27,36,43,67,79,67,146
02.04.2015,Baskonia,Fenerbahce Ulker,93,76,21,14,21,15,19,18,32,29,42,29,51,47,71,98,71,169
02.04.2015,Barcelona,Real Madrid,85,80,17,25,24,16,23,21,21,18,41,41,44,39,82,83,82,165
02.04.2015,Panathinaikos,Alba Berlin,66,68,21,23,19,10,15,13,11,22,40,33,26,35,73,61,73,134
02.04.2015,Maccabi Tel Aviv,Galatasaray CC,81,72,23,23,20,19,15,11,23,19,43,42,38,30,85,68,85,153
02.04.2015,Nizhny Novgorod,Unicaja,75,94,18,29,24,21,13,31,20,13,42,50,33,44,92,77,92,169
27.03.2015,Real Madrid,Maccabi Tel Aviv,86,75,27,13,19,27,20,14,20,21,46,40,40,35,86,75,86,161
27.03.2015,Galatasaray CC,Panathinaikos,84,86,16,23,22,17,21,19,25,27,38,40,46,46,78,92,78,170
27.03.2015,Nizhny Novgorod,CSKA Moscow,82,86,26,26,29,16,7,25,20,19,55,42,27,44,97,71,97,168
26.03.2015,Olimpia Milano,Baskonia,99,85,20,25,19,18,35,17,25,25,39,43,60,42,82,102,82,184
26.03.2015,Olympiacos,Anadolu Efes SK,86,75,17,16,18,19,18,22,33,18,35,35,51,40,70,91,70,161
26.03.2015,Alba Berlin,Crvena Zvezda,73,68,22,9,17,13,20,27,14,19,39,22,34,46,61,80,61,141
26.03.2015,Fenerbahce Ulker,Unicaja,78,63,19,21,20,12,24,12,15,18,39,33,39,30,72,69,72,141
25.03.2015,Zalgiris Kaunas,Barcelona,72,83,16,22,17,20,20,23,19,18,33,42,39,41,75,80,75,155
20.03.2015,Baskonia,Olympiacos,74,73,19,23,17,15,17,17,21,18,36,38,38,35,74,73,74,147
20.03.2015,Fenerbahce Ulker,Olimpia Milano,98,77,22,14,20,31,23,16,33,16,42,45,56,32,87,88,87,175
20.03.2015,Panathinaikos,Real Madrid,85,69,19,15,22,20,28,18,16,16,41,35,44,34,76,78,76,154
20.03.2015,Alba Berlin,Galatasaray CC,75,68,16,12,22,14,21,18,16,24,38,26,37,42,64,79,64,143
19.03.2015,Unicaja,CSKA Moscow,77,95,25,26,17,21,14,25,21,23,42,47,35,48,89,83,89,172
19.03.2015,Maccabi Tel Aviv,Zalgiris Kaunas,79,72,18,15,25,19,23,20,13,18,43,34,36,38,77,74,77,151
19.03.2015,Crvena Zvezda,Barcelona,73,77,15,15,17,22,18,11,23,29,32,37,41,40,69,81,69,150
19.03.2015,Anadolu Efes SK,Nizhny Novgorod,79,75,24,21,24,18,16,13,15,23,48,39,31,36,87,67,87,154
13.03.2015,Olimpia Milano,Unicaja,90,86,21,22,22,23,24,15,23,26,43,45,47,41,88,88,88,176
13.03.2015,Olympiacos,Fenerbahce Ulker,64,73,19,19,16,20,15,16,14,18,35,39,29,34,74,63,74,137
13.03.2015,Zalgiris Kaunas,Panathinaikos,76,70,17,13,22,15,16,27,21,15,39,28,37,42,67,79,67,146
13.03.2015,CSKA Moscow,Anadolu Efes SK,88,83,21,27,22,12,23,18,22,26,43,39,45,44,82,89,82,171
12.03.2015,Real Madrid,Alba Berlin,93,62,27,18,19,21,24,7,23,16,46,39,47,23,85,70,85,155
12.03.2015,Barcelona,Maccabi Tel Aviv,89,71,26,16,21,18,17,19,25,18,47,34,42,37,81,79,81,160
12.03.2015,Galatasaray CC,Crvena Zvezda,68,91,16,21,19,31,16,15,17,24,35,52,33,39,87,72,87,159
12.03.2015,Nizhny Novgorod,Baskonia,89,85,19,25,22,18,16,22,32,20,41,43,48,42,84,90,84,174
06.03.2015,Unicaja,Anadolu Efes SK,93,90,22,15,30,25,11,20,30,30,52,40,41,50,92,91,92,183
06.03.2015,Olimpia Milano,Olympiacos,74,83,12,22,20,20,24,24,18,17,32,42,42,41,74,83,74,157
06.03.2015,Galatasaray CC,Real Madrid,71,107,20,24,14,33,25,20,12,30,34,57,37,50,91,87,91,178
05.03.2015,Baskonia,CSKA Moscow,74,81,27,15,15,21,13,20,19,25,42,36,32,45,78,77,78,155
05.03.2015,Crvena Zvezda,Maccabi Tel Aviv,89,76,18,20,20,14,16,25,35,17,38,34,51,42,72,93,72,165
05.03.2015,Panathinaikos,Barcelona,77,81,21,16,11,26,20,15,25,24,32,42,45,39,74,84,74,158
05.03.2015,Fenerbahce Ulker,Nizhny Novgorod,92,79,18,17,32,17,12,21,30,24,50,34,42,45,84,87,84,171
04.03.2015,Alba Berlin,Zalgiris Kaunas,80,72,20,17,22,20,20,14,18,21,42,37,38,35,79,73,79,152
27.02.2015,Barcelona,Alba Berlin,92,82,13,14,27,18,19,14,18,31,40,32,37,45,72,82,72,154
27.02.2015,Olympiacos,Unicaja,77,72,11,17,18,16,26,19,22,20,29,33,48,39,62,87,62,149
27.02.2015,Anadolu Efes SK,Baskonia,84,87,13,25,20,25,30,15,21,22,33,50,51,37,83,88,83,171
27.02.2015,CSKA Moscow,Fenerbahce Ulker,75,81,10,17,27,22,21,20,17,22,37,39,38,42,76,80,76,156
26.02.2015,Maccabi Tel Aviv,Panathinaikos,73,70,22,17,16,13,16,22,19,18,38,30,35,40,68,75,68,143
26.02.2015,Real Madrid,Crvena Zvezda,85,61,16,18,24,11,20,17,25,15,40,29,45,32,69,77,69,146
26.02.2015,Zalgiris Kaunas,Galatasaray CC,72,59,23,8,19,16,12,19,18,16,42,24,30,35,66,65,66,131
26.02.2015,Nizhny Novgorod,Olimpia Milano,76,85,18,27,22,23,16,14,20,21,40,50,36,35,90,71,90,161
13.02.2015,Panathinaikos,Crvena Zvezda,74,69,26,6,11,23,15,22,22,18,37,29,37,40,66,77,66,143
13.02.2015,Baskonia,Unicaja,79,74,27,21,17,20,21,17,14,16,44,41,35,33,85,68,85,153
13.02.2015,Anadolu Efes SK,Fenerbahce Ulker,71,77,11,13,22,23,20,18,18,23,33,36,38,41,69,79,69,148
13.02.2015,CSKA Moscow,Olimpia Milano,97,75,29,15,25,23,19,22,24,15,54,38,43,37,92,80,92,172
12.02.2015,Barcelona,Galatasaray CC,82,70,22,20,30,19,14,17,16,14,52,39,30,31,91,61,91,152
12.02.2015,Maccabi Tel Aviv,Alba Berlin,59,66,16,15,20,20,8,15,15,16,36,35,23,31,71,54,71,125
12.02.2015,Zalgiris Kaunas,Real Madrid,71,88,23,24,24,23,13,25,11,16,47,47,24,41,94,65,94,159
12.02.2015,Nizhny Novgorod,Olympiacos,82,91,24,24,18,17,24,22,16,28,42,41,40,50,83,90,83,173
06.02.2015,Olimpia Milano,Anadolu Efes SK,71,73,17,20,19,14,18,20,17,19,36,34,35,39,70,74,70,144
06.02.2015,Unicaja,Nizhny Novgorod,85,76,22,23,24,18,18,16,21,19,46,41,39,35,87,74,87,161
06.02.2015,Alba Berlin,Panathinaikos,59,65,13,13,16,9,16,23,14,20,29,22,30,43,51,73,51,124
06.02.2015,Fenerbahce Ulker,Baskonia,91,90,20,21,25,22,26,22,20,25,45,43,46,47,88,93,88,181
05.02.2015,Crvena Zvezda,Zalgiris Kaunas,68,70,13,20,21,19,15,14,19,17,34,39,34,31,73,65,73,138
05.02.2015,Olympiacos,CSKA Moscow,84,76,11,17,32,20,21,16,20,23,43,37,41,39,80,80,80,160
05.02.2015,Real Madrid,Barcelona,97,73,26,16,16,17,24,20,31,20,42,33,55,40,75,95,75,170
05.02.2015,Galatasaray CC,Maccabi Tel Aviv,94,97,22,27,27,17,15,19,21,22,49,44,36,41,93,77,93,170
30.01.2015,Barcelona,Zalgiris Kaunas,89,72,29,13,22,20,16,20,22,19,51,33,38,39,84,77,84,161
30.01.2015,Panathinaikos,Galatasaray CC,86,77,19,11,23,16,23,19,21,31,42,27,44,50,69,94,69,163
30.01.2015,Unicaja,Fenerbahce Ulker,60,68,19,16,11,12,10,21,20,19,30,28,30,40,58,70,58,128
29.01.2015,Anadolu Efes SK,Olympiacos,84,70,17,18,20,22,20,12,27,18,37,40,47,30,77,77,77,154
29.01.2015,Crvena Zvezda,Alba Berlin,86,69,22,12,25,17,17,18,22,22,47,29,39,40,76,79,76,155
29.01.2015,Baskonia,Olimpia Milano,102,83,34,18,27,24,23,19,18,22,61,42,41,41,103,82,103,185
29.01.2015,Maccabi Tel Aviv,Real Madrid,90,86,23,31,23,23,22,15,22,17,46,54,44,32,100,76,100,176
29.01.2015,CSKA Moscow,Nizhny Novgorod,103,95,24,19,18,21,27,22,19,26,42,40,46,48,82,94,82,176
23.01.2015,Barcelona,Crvena Zvezda,92,77,27,21,22,17,21,21,22,18,49,38,43,39,87,82,87,169
23.01.2015,Olympiacos,Baskonia,76,64,17,18,11,19,26,16,22,11,28,37,48,27,65,75,65,140
23.01.2015,Zalgiris Kaunas,Maccabi Tel Aviv,66,73,22,22,15,18,15,8,14,25,37,40,29,33,77,62,77,139
23.01.2015,Nizhny Novgorod,Anadolu Efes SK,109,90,31,21,34,26,23,24,21,19,65,47,44,43,112,87,112,199
22.01.2015,Olimpia Milano,Fenerbahce Ulker,71,82,24,28,14,15,16,20,17,19,38,43,33,39,81,72,81,153
22.01.2015,Real Madrid,Panathinaikos,83,65,20,14,19,15,21,19,23,17,39,29,44,36,68,80,68,148
22.01.2015,Galatasaray CC,Alba Berlin,65,75,19,18,14,13,15,21,17,23,33,31,32,44,64,76,64,140
22.01.2015,CSKA Moscow,Unicaja,101,74,31,26,23,15,21,11,26,22,54,41,47,33,95,80,95,175
16.01.2015,Crvena Zvezda,Galatasaray CC,65,74,19,21,16,12,12,18,18,23,35,33,30,41,68,71,68,139
16.01.2015,Unicaja,Olimpia Milano,77,84,17,22,22,16,22,27,16,19,39,38,38,46,77,84,77,161
16.01.2015,Panathinaikos,Zalgiris Kaunas,77,58,24,16,22,17,17,9,14,16,46,33,31,25,79,56,79,135
16.01.2015,Baskonia,Nizhny Novgorod,81,74,17,18,14,17,21,17,29,22,31,35,50,39,66,89,66,155
16.01.2015,Fenerbahce Ulker,Olympiacos,68,74,22,16,14,27,16,13,16,18,36,43,32,31,79,63,79,142
15.01.2015,Alba Berlin,Real Madrid,61,79,15,16,19,20,10,19,17,24,34,36,27,43,70,70,70,140
15.01.2015,Maccabi Tel Aviv,Barcelona,70,68,15,13,21,15,17,19,17,21,36,28,34,40,64,74,64,138
15.01.2015,Anadolu Efes SK,CSKA Moscow,69,78,18,11,14,23,19,20,18,24,32,34,37,44,66,81,66,147
09.01.2015,Barcelona,Panathinaikos,80,76,14,20,23,17,26,19,17,20,37,37,43,39,74,82,74,156
09.01.2015,Anadolu Efes SK,Unicaja,74,70,15,23,19,26,23,8,17,13,34,49,40,21,83,61,83,144
09.01.2015,Zalgiris Kaunas,Alba Berlin,75,62,18,15,17,13,18,18,22,16,35,28,40,34,63,74,63,137
09.01.2015,Nizhny Novgorod,Fenerbahce Ulker,60,78,19,20,17,18,15,22,9,18,36,38,24,40,74,64,74,138
08.01.2015,Olympiacos,Olimpia Milano,81,58,13,18,26,17,17,9,25,14,39,35,42,23,74,65,74,139
08.01.2015,Real Madrid,Galatasaray CC,93,78,25,24,30,15,14,18,24,21,55,39,38,39,94,77,94,171
08.01.2015,Maccabi Tel Aviv,Crvena Zvezda,78,67,21,18,16,15,19,16,22,18,37,33,41,34,70,75,70,145
08.01.2015,CSKA Moscow,Baskonia,99,90,26,20,27,16,18,26,28,28,53,36,46,54,89,100,89,189
02.01.2015,Baskonia,Anadolu Efes SK,67,72,24,16,17,19,17,20,9,17,41,35,26,37,76,63,76,139
02.01.2015,Olimpia Milano,Nizhny Novgorod,59,79,16,14,19,17,9,28,15,20,35,31,24,48,66,72,66,138
02.01.2015,Unicaja,Olympiacos,61,69,12,14,17,18,16,16,16,21,29,32,32,37,61,69,61,130
02.01.2015,Alba Berlin,Barcelona,80,70,16,23,23,17,22,8,19,22,39,40,41,30,79,71,79,150
02.01.2015,Crvena Zvezda,Real Madrid,72,79,12,15,19,19,14,24,27,21,31,34,41,45,65,86,65,151
02.01.2015,Fenerbahce Ulker,CSKA Moscow,81,84,25,28,17,17,17,16,15,13,42,45,32,29,87,61,87,148
30.12.2014,Panathinaikos,Maccabi Tel Aviv,83,76,15,19,24,24,21,21,23,12,39,43,44,33,82,77,82,159
30.12.2014,Galatasaray CC,Zalgiris Kaunas,78,69,20,22,15,19,22,14,21,14,35,41,43,28,76,71,76,147
19.12.2014,Fenerbahce Ulker,Bayern,87,81,21,16,21,17,22,23,23,25,42,33,45,48,75,93,75,168
19.12.2014,Panathinaikos,Barcelona,67,80,10,21,13,19,24,20,20,20,23,40,44,40,63,84,63,147
19.12.2014,Alba Berlin,Cedevita,67,70,17,13,15,10,19,20,16,27,32,23,35,47,55,82,55,137
19.12.2014,Crvena Zvezda,Baskonia,90,82,18,18,28,27,24,18,20,19,46,45,44,37,91,81,91,172
19.12.2014,Zalgiris Kaunas,Sassari,80,79,29,18,20,19,13,23,18,19,49,37,31,42,86,73,86,159
19.12.2014,Nizhny Novgorod,Unics Kazan,78,74,11,19,24,23,19,14,24,18,35,42,43,32,77,75,77,152
18.12.2014,Real Madrid,Anadolu Efes SK,90,70,25,25,22,18,22,18,21,9,47,43,43,27,90,70,90,160
18.12.2014,PGE Turow Zgorzelec,Olimpia Milano,96,101,17,22,22,25,27,25,30,29,39,47,57,54,86,111,86,197
18.12.2014,Maccabi Tel Aviv,Unicaja,81,73,26,22,15,15,17,17,23,19,41,37,40,36,78,76,78,154
18.12.2014,Galatasaray CC,Olympiacos,79,74,20,18,16,20,21,12,22,24,36,38,43,36,74,79,74,153
18.12.2014,Valencia,Neptunas,103,65,28,17,24,14,23,18,28,16,52,31,51,34,83,85,83,168
18.12.2014,CSKA Moscow,Limoges,88,56,29,17,16,10,17,16,26,13,45,27,43,29,72,72,72,144
12.12.2014,Olympiacos,Crvena Zvezda,64,59,13,16,14,12,15,20,22,11,27,28,37,31,55,68,55,123
12.12.2014,Baskonia,Valencia,93,89,28,24,23,23,18,15,24,27,51,47,42,42,98,84,98,182
12.12.2014,Sassari,Real Madrid,58,83,18,14,15,27,18,13,7,29,33,41,25,42,74,67,74,141
12.12.2014,Limoges,Alba Berlin,65,71,11,13,16,22,20,17,18,19,27,35,38,36,62,74,62,136
12.12.2014,Anadolu Efes SK,Nizhny Novgorod,61,65,18,17,14,18,13,15,16,15,32,35,29,30,67,59,67,126
12.12.2014,Unics Kazan,Zalgiris Kaunas,73,60,20,19,14,17,19,8,20,16,34,36,39,24,70,63,70,133
11.12.2014,Barcelona,Fenerbahce Ulker,89,91,23,25,14,17,24,17,18,20,37,42,42,37,79,79,79,158
11.12.2014,Olimpia Milano,Panathinaikos,66,64,18,11,14,17,20,23,14,13,32,28,34,36,60,70,60,130
11.12.2014,Unicaja,CSKA Moscow,75,76,20,11,23,16,13,22,10,17,43,27,23,39,70,62,70,132
11.12.2014,Bayern,PGE Turow Zgorzelec,95,89,16,22,22,24,25,26,32,17,38,46,57,43,84,100,84,184
11.12.2014,Cedevita,Maccabi Tel Aviv,71,82,15,14,19,29,19,11,18,28,34,43,37,39,77,76,77,153
10.12.2014,Neptunas,Galatasaray CC,82,72,22,18,18,19,23,23,19,12,40,37,42,35,77,77,77,154
05.12.2014,Valencia,Crvena Zvezda,68,77,16,20,21,22,15,20,16,15,37,42,31,35,79,66,79,145
05.12.2014,Olympiacos,Neptunas,89,79,24,19,23,17,22,17,20,26,47,36,42,43,83,85,83,168
05.12.2014,PGE Turow Zgorzelec,Barcelona,65,104,16,20,11,23,16,36,22,25,27,43,38,61,70,99,70,169
05.12.2014,Galatasaray CC,Baskonia,82,89,19,19,19,20,27,28,17,22,38,39,44,50,77,94,77,171
05.12.2014,CSKA Moscow,Cedevita,97,79,32,18,28,16,14,19,23,26,60,34,37,45,94,82,94,176
04.12.2014,Zalgiris Kaunas,Anadolu Efes SK,57,66,2,16,18,16,16,16,21,18,20,32,37,34,52,71,52,123
04.12.2014,Sassari,Unics Kazan,68,72,17,23,9,17,16,18,26,14,26,40,42,32,66,74,66,140
04.12.2014,Maccabi Tel Aviv,Alba Berlin,95,89,25,19,17,27,26,17,27,26,42,46,53,43,88,96,88,184
04.12.2014,Limoges,Unicaja,67,64,8,17,13,17,22,12,24,18,21,34,46,30,55,76,55,131
04.12.2014,Fenerbahce Ulker,Panathinaikos,84,62,18,18,18,14,31,16,17,14,36,32,48,30,68,78,68,146
04.12.2014,Nizhny Novgorod,Real Madrid,98,101,23,20,21,21,25,27,29,33,44,41,54,60,85,114,85,199
03.12.2014,Olimpia Milano,Bayern,83,81,20,19,17,19,22,22,24,21,37,38,46,43,75,89,75,164
28.11.2014,Valencia,Galatasaray CC,78,71,27,17,13,13,17,16,21,25,40,30,38,41,70,79,70,149
28.11.2014,Barcelona,Olimpia Milano,84,80,16,19,20,23,21,14,27,24,36,42,48,38,78,86,78,164
28.11.2014,Panathinaikos,Bayern,87,72,18,12,26,21,21,18,22,21,44,33,43,39,77,82,77,159
28.11.2014,Cedevita,Limoges,102,83,32,24,20,19,25,22,25,18,52,43,50,40,95,90,95,185
28.11.2014,Anadolu Efes SK,Sassari,85,62,20,12,23,21,21,16,21,13,43,33,42,29,76,71,76,147
28.11.2014,Nizhny Novgorod,Zalgiris Kaunas,55,61,13,11,24,12,7,20,11,18,37,23,18,38,60,56,60,116
27.11.2014,Baskonia,Olympiacos,89,70,24,17,20,20,24,15,21,18,44,37,45,33,81,78,81,159
27.11.2014,Real Madrid,Unics Kazan,75,85,22,23,24,19,15,26,14,17,46,42,29,43,88,72,88,160
27.11.2014,Alba Berlin,Unicaja,79,78,20,21,17,24,16,16,26,17,37,45,42,33,82,75,82,157
27.11.2014,Maccabi Tel Aviv,CSKA Moscow,61,84,12,25,18,15,16,19,15,25,30,40,31,44,70,75,70,145
27.11.2014,Fenerbahce Ulker,PGE Turow Zgorzelec,89,74,26,12,22,24,17,17,24,21,48,36,41,38,84,79,84,163
27.11.2014,Crvena Zvezda,Neptunas,79,62,22,14,13,23,27,10,17,15,35,37,44,25,72,69,72,141
21.11.2014,Unicaja,Cedevita,82,73,22,23,22,18,22,22,16,10,44,41,38,32,85,70,85,155
21.11.2014,Sassari,Nizhny Novgorod,82,89,25,30,21,23,19,10,17,26,46,53,36,36,99,72,99,171
21.11.2014,Galatasaray CC,Crvena Zvezda,110,103,22,16,23,24,9,23,28,19,45,40,37,42,85,79,85,164
21.11.2014,Zalgiris Kaunas,Real Madrid,66,68,14,24,24,14,19,15,9,15,38,38,28,30,76,58,76,134
20.11.2014,Olimpia Milano,Fenerbahce Ulker,74,80,23,21,14,23,12,18,25,18,37,44,37,36,81,73,81,154
20.11.2014,Limoges,Maccabi Tel Aviv,73,79,21,19,14,23,13,15,25,22,35,42,38,37,77,75,77,152
20.11.2014,PGE Turow Zgorzelec,Panathinaikos,69,79,22,25,11,19,18,17,18,18,33,44,36,35,77,71,77,148
20.11.2014,Bayern,Barcelona,77,99,17,22,22,38,21,21,17,18,39,60,38,39,99,77,99,176
20.11.2014,Olympiacos,Valencia,77,76,26,21,19,19,9,20,23,16,45,40,32,36,85,68,85,153
20.11.2014,CSKA Moscow,Alba Berlin,95,66,28,11,20,13,20,22,27,20,48,24,47,42,72,89,72,161
20.11.2014,Neptunas,Baskonia,80,79,20,15,21,18,20,21,19,25,41,33,39,46,74,85,74,159
20.11.2014,Unics Kazan,Anadolu Efes SK,67,64,14,18,14,16,15,19,24,11,28,34,39,30,62,69,62,131
14.11.2014,Barcelona,Panathinaikos,78,69,18,18,29,20,17,18,14,13,47,38,31,31,85,62,85,147
14.11.2014,Sassari,Zalgiris Kaunas,92,80,17,26,25,15,18,23,32,16,42,41,50,39,83,89,83,172
14.11.2014,Limoges,CSKA Moscow,76,86,22,27,22,18,27,14,5,27,44,45,32,41,89,73,89,162
14.11.2014,Cedevita,Alba Berlin,67,80,25,21,10,21,15,19,17,19,35,42,32,38,77,70,77,147
14.11.2014,Anadolu Efes SK,Real Madrid,75,73,18,18,21,18,21,21,15,16,39,36,36,37,75,73,75,148
13.11.2014,Olimpia Milano,PGE Turow Zgorzelec,90,71,26,16,14,22,18,19,32,14,40,38,50,33,78,83,78,161
13.11.2014,Olympiacos,Galatasaray CC,93,66,26,13,23,26,19,14,25,13,49,39,44,27,88,71,88,159
13.11.2014,Unicaja,Maccabi Tel Aviv,66,70,13,21,16,14,21,19,16,16,29,35,37,35,64,72,64,136
13.11.2014,Baskonia,Crvena Zvezda,66,86,22,21,12,20,16,25,16,20,34,41,32,45,75,77,75,152
13.11.2014,Bayern,Fenerbahce Ulker,86,93,22,19,22,31,16,19,26,24,44,50,42,43,94,85,94,179
13.11.2014,Neptunas,Valencia,94,87,24,17,29,25,20,21,21,24,53,42,41,45,95,86,95,181
13.11.2014,Unics Kazan,Nizhny Novgorod,73,79,16,21,18,18,14,15,25,25,34,39,39,40,73,79,73,152
07.11.2014,Galatasaray CC,Neptunas,94,68,23,15,23,17,31,12,17,24,46,32,48,36,78,84,78,162
07.11.2014,Panathinaikos,Olimpia Milano,90,63,23,13,21,17,27,13,19,20,44,30,46,33,74,79,74,153
07.11.2014,Valencia,Baskonia,79,69,15,22,23,14,27,20,14,13,38,36,41,33,74,74,74,148
07.11.2014,Alba Berlin,Limoges,89,66,21,12,29,15,23,14,16,25,50,27,39,39,77,78,77,155
07.11.2014,Crvena Zvezda,Olympiacos,57,62,14,13,12,24,10,13,21,12,26,37,31,25,63,56,63,119
07.11.2014,CSKA Moscow,Unicaja,95,85,29,21,23,18,20,27,23,19,52,39,43,46,91,89,91,180
06.11.2014,Fenerbahce Ulker,Barcelona,78,80,21,19,20,22,19,23,18,16,41,41,37,39,82,76,82,158
06.11.2014,Maccabi Tel Aviv,Cedevita,73,83,22,26,18,18,17,24,16,15,40,44,33,39,84,72,84,156
06.11.2014,PGE Turow Zgorzelec,Bayern,89,78,17,22,25,17,28,20,19,19,42,39,47,39,81,86,81,167
06.11.2014,Zalgiris Kaunas,Unics Kazan,77,71,17,17,23,20,22,18,15,16,40,37,37,34,77,71,77,148
06.11.2014,Nizhny Novgorod,Anadolu Efes SK,66,76,15,21,9,21,21,23,21,11,24,42,42,34,66,76,66,142
05.11.2014,Real Madrid,Sassari,115,94,27,17,30,25,27,22,31,30,57,42,58,52,99,110,99,209
31.10.2014,Barcelona,PGE Turow Zgorzelec,86,67,23,21,26,16,23,18,14,12,49,37,37,30,86,67,86,153
31.10.2014,Unicaja,Limoges,75,69,20,19,18,17,25,14,12,19,38,36,37,33,74,70,74,144
31.10.2014,Baskonia,Galatasaray CC,91,90,23,24,24,25,23,21,21,20,47,49,44,41,96,85,96,181
31.10.2014,Bayern,Olimpia Milano,74,81,21,25,22,18,16,13,15,25,43,43,31,38,86,69,86,155
31.10.2014,Cedevita,CSKA Moscow,72,76,19,18,20,18,10,17,23,23,39,36,33,40,75,73,75,148
31.10.2014,Neptunas,Olympiacos,81,85,15,17,15,21,25,17,21,21,30,38,46,38,68,84,68,152
30.10.2014,Real Madrid,Nizhny Novgorod,112,83,26,18,32,28,24,17,30,20,58,46,54,37,104,91,104,195
30.10.2014,Panathinaikos,Fenerbahce Ulker,91,73,31,19,28,17,23,21,9,16,59,36,32,37,95,69,95,164
30.10.2014,Alba Berlin,Maccabi Tel Aviv,69,84,16,23,13,23,17,17,23,21,29,46,40,38,75,78,75,153
30.10.2014,Crvena Zvezda,Valencia,76,63,21,16,18,10,26,16,11,21,39,26,37,37,65,74,65,139
30.10.2014,Anadolu Efes SK,Zalgiris Kaunas,62,65,12,16,14,18,16,16,20,15,26,34,36,31,60,67,60,127
30.10.2014,Unics Kazan,Sassari,85,62,21,17,14,20,31,17,19,8,35,37,50,25,72,75,72,147
24.10.2014,Sassari,Anadolu Efes SK,75,82,16,24,24,23,16,16,19,19,40,47,35,35,87,70,87,157
24.10.2014,Unicaja,Alba Berlin,87,84,15,20,21,18,27,25,24,21,36,38,51,46,74,97,74,171
24.10.2014,Olympiacos,Baskonia,63,57,17,10,13,16,18,19,15,12,30,26,33,31,56,64,56,120
24.10.2014,Limoges,Cedevita,71,60,24,16,17,15,17,14,13,15,41,31,30,29,72,59,72,131
24.10.2014,Zalgiris Kaunas,Nizhny Novgorod,97,63,23,17,25,7,27,18,22,21,48,24,49,39,72,88,72,160
24.10.2014,Unics Kazan,Real Madrid,75,76,16,19,15,16,25,20,19,21,31,35,44,41,66,85,66,151
23.10.2014,Olimpia Milano,Barcelona,63,78,17,20,15,25,18,18,13,15,32,45,31,33,77,64,77,141
23.10.2014,PGE Turow Zgorzelec,Fenerbahce Ulker,76,91,15,30,25,20,20,19,16,22,40,50,36,41,90,77,90,167
23.10.2014,Bayern,Panathinaikos,81,75,17,16,15,19,25,24,24,16,32,35,49,40,67,89,67,156
23.10.2014,Galatasaray CC,Valencia,71,64,25,12,22,12,15,26,9,14,47,24,24,40,71,64,71,135
23.10.2014,CSKA Moscow,Maccabi Tel Aviv,99,80,21,19,27,22,32,13,19,26,48,41,51,39,89,90,89,179
23.10.2014,Neptunas,Crvena Zvezda,83,81,25,20,22,17,20,24,16,20,47,37,36,44,84,80,84,164
17.10.2014,Barcelona,Bayern,83,81,19,19,25,24,18,16,21,22,44,43,39,38,87,77,87,164
17.10.2014,Fenerbahce Ulker,Olimpia Milano,77,74,26,15,15,28,16,15,20,16,41,43,36,31,84,67,84,151
17.10.2014,Panathinaikos,PGE Turow Zgorzelec,84,77,18,14,24,21,26,24,16,18,42,35,42,42,77,84,77,161
17.10.2014,Alba Berlin,CSKA Moscow,68,84,17,21,21,23,12,18,18,22,38,44,30,40,82,70,82,152
17.10.2014,Real Madrid,Zalgiris Kaunas,80,71,13,14,19,21,24,14,24,22,32,35,48,36,67,84,67,151
17.10.2014,Nizhny Novgorod,Sassari,88,86,15,26,28,21,23,14,22,25,43,47,45,39,90,84,90,174
16.10.2014,Valencia,Olympiacos,68,71,18,20,18,18,18,18,14,15,36,38,32,33,74,65,74,139
16.10.2014,Crvena Zvezda,Galatasaray CC,76,68,17,20,29,10,17,18,13,20,46,30,30,38,76,68,76,144
16.10.2014,Maccabi Tel Aviv,Limoges,92,76,21,19,23,18,25,18,23,21,44,37,48,39,81,87,81,168
16.10.2014,Anadolu Efes SK,Unics Kazan,82,76,20,19,25,15,19,18,18,24,45,34,37,42,79,79,79,158
16.10.2014,Cedevita,Unicaja,63,78,20,18,16,29,12,14,15,17,36,47,27,31,83,58,83,141
15.10.2014,Baskonia,Neptunas,88,69,20,15,17,15,24,20,27,19,37,30,51,39,67,90,67,157
26.09.2014,ASVEL,Unics Kazan,79,88,20,22,33,17,11,25,15,24,53,39,26,49,92,75,92,167
25.09.2014,Unics Kazan,Hapoel Jerusalem,82,71,16,16,19,25,23,13,24,17,35,41,47,30,76,77,76,153
25.09.2014,ASVEL,Strasbourg,74,65,19,15,18,17,15,17,22,16,37,32,37,33,69,70,69,139
24.09.2014,Unics Kazan,Zielona Gora,90,86,23,13,23,19,18,22,26,32,46,32,44,54,78,98,78,176
24.09.2014,Hapoel Jerusalem,CEZ Nymburk,94,84,24,21,24,18,24,17,22,28,48,39,46,45,87,91,87,178
23.09.2014,BC Oostende,ASVEL,77,86,20,24,23,19,13,19,21,24,43,43,34,43,86,77,86,163
23.09.2014,VEF Riga,Strasbourg,53,82,19,22,13,20,10,23,11,17,32,42,21,40,74,61,74,135
18.05.2014,Real Madrid,Maccabi Tel Aviv,86,98,16,15,19,18,20,20,18,20,35,33,38,40,68,78,68,146
18.05.2014,Barcelona,CSKA Moscow,93,78,21,24,29,23,19,17,24,14,50,47,43,31,97,74,97,171
16.05.2014,Barcelona,Real Madrid,62,100,20,20,17,25,11,28,14,27,37,45,25,55,82,80,82,162
16.05.2014,CSKA Moscow,Maccabi Tel Aviv,67,68,19,16,19,14,17,15,12,23,38,30,29,38,68,67,68,135
25.04.2014,Real Madrid,Olympiacos,83,69,18,12,22,22,19,18,24,17,40,34,43,35,74,78,74,152
25.04.2014,CSKA Moscow,Panathinaikos,74,44,18,10,17,11,19,12,20,11,35,21,39,23,56,62,56,118
23.04.2014,Olympiacos,Real Madrid,71,62,15,16,22,14,12,17,22,15,37,30,34,32,67,66,67,133
23.04.2014,Maccabi Tel Aviv,Olimpia Milano,86,66,19,21,16,22,19,13,32,10,35,43,51,23,78,74,78,152
23.04.2014,Panathinaikos,CSKA Moscow,73,72,21,16,16,22,14,10,13,16,37,38,27,26,75,53,75,128
21.04.2014,Panathinaikos,CSKA Moscow,65,59,20,11,21,24,10,12,14,12,41,35,24,24,76,48,76,124
21.04.2014,Maccabi Tel Aviv,Olimpia Milano,75,63,15,16,24,13,22,16,14,18,39,29,36,34,68,70,68,138
21.04.2014,Olympiacos,Real Madrid,78,76,23,15,22,23,20,20,13,18,45,38,33,38,83,71,83,154
20.04.2014,Galatasaray CC,Barcelona,75,78,23,15,17,20,12,18,23,25,40,35,35,43,75,78,75,153
18.04.2014,Olimpia Milano,Maccabi Tel Aviv,91,77,25,17,22,17,19,21,25,22,47,34,44,43,81,87,81,168
18.04.2014,CSKA Moscow,Panathinaikos,77,51,21,19,18,6,11,14,27,12,39,25,38,26,64,64,64,128
17.04.2014,Barcelona,Galatasaray CC,84,63,21,8,22,17,18,16,23,22,43,25,41,38,68,79,68,147
17.04.2014,Real Madrid,Olympiacos,82,77,30,23,23,21,17,18,12,15,53,44,29,33,97,62,97,159
16.04.2014,Olimpia Milano,Maccabi Tel Aviv,99,101,23,19,24,23,23,16,17,29,47,42,40,45,89,85,89,174
16.04.2014,CSKA Moscow,Panathinaikos,77,74,21,14,19,19,18,23,14,16,40,33,32,39,73,71,73,144
15.04.2014,Real Madrid,Olympiacos,88,71,27,12,21,29,22,15,18,15,48,41,40,30,89,70,89,159
15.04.2014,Barcelona,Galatasaray CC,88,61,14,21,19,14,26,14,29,12,33,35,55,26,68,81,68,149
11.04.2014,Unicaja,Olimpia Milano,95,85,22,18,26,23,29,16,18,28,48,41,47,44,89,91,89,180
11.04.2014,Galatasaray CC,Partizan,64,55,16,13,24,15,14,14,10,13,40,28,24,27,68,51,68,119
11.04.2014,Zalgiris Kaunas,Real Madrid,87,80,18,18,18,20,21,21,30,21,36,38,51,42,74,93,74,167
10.04.2014,Barcelona,Baskonia,86,97,28,22,22,13,10,31,26,31,50,35,36,62,85,98,85,183
10.04.2014,Olympiacos,Panathinaikos,68,65,12,16,17,21,17,11,22,17,29,37,39,28,66,67,66,133
10.04.2014,Maccabi Tel Aviv,CSKA Moscow,76,81,17,23,28,19,18,17,13,22,45,42,31,39,87,70,87,157
10.04.2014,Fenerbahce Ulker,Anadolu Efes SK,84,65,21,10,24,21,23,18,16,16,45,31,39,34,76,73,76,149
10.04.2014,Lokomotiv Kuban,Bayern,84,75,21,16,25,17,19,17,19,25,46,33,38,42,79,80,79,159
04.04.2014,Partizan,Zalgiris Kaunas,77,67,24,13,17,21,18,15,18,18,41,34,36,33,75,69,75,144
04.04.2014,Real Madrid,Lokomotiv Kuban,81,55,19,8,27,16,17,17,18,14,46,24,35,31,70,66,70,136
04.04.2014,Anadolu Efes SK,Olympiacos,78,83,18,19,14,24,28,24,18,16,32,43,46,40,75,86,75,161
04.04.2014,CSKA Moscow,Galatasaray CC,86,85,20,24,18,14,13,14,16,15,38,38,29,29,76,58,76,134
03.04.2014,Bayern,Maccabi Tel Aviv,92,94,32,32,26,22,13,20,21,20,58,54,34,40,112,74,112,186
03.04.2014,Baskonia,Fenerbahce Ulker,95,73,20,18,27,20,31,16,17,19,47,38,48,35,85,83,85,168
03.04.2014,Panathinaikos,Unicaja,69,60,19,12,14,16,22,13,14,19,33,28,36,32,61,68,61,129
02.04.2014,Olimpia Milano,Barcelona,91,63,21,20,22,14,26,6,22,23,43,34,48,29,77,77,77,154
28.03.2014,Barcelona,Panathinaikos,84,62,14,15,28,17,22,14,20,16,42,32,42,30,74,72,74,146
28.03.2014,Fenerbahce Ulker,Olimpia Milano,73,82,15,14,14,24,25,30,19,14,29,38,44,44,67,88,67,155
28.03.2014,Lokomotiv Kuban,Partizan,84,73,16,10,22,20,25,15,21,28,38,30,46,43,68,89,68,157
27.03.2014,Unicaja,Olympiacos,63,80,18,28,16,13,16,22,13,17,34,41,29,39,75,68,75,143
27.03.2014,Maccabi Tel Aviv,Real Madrid,76,77,15,20,28,20,14,22,19,15,43,40,33,37,83,70,83,153
27.03.2014,Anadolu Efes SK,Baskonia,79,105,26,31,16,24,17,18,20,32,42,55,37,50,97,87,97,184
27.03.2014,Zalgiris Kaunas,Galatasaray CC,72,84,12,20,23,18,22,28,15,18,35,38,37,46,73,83,73,156
27.03.2014,CSKA Moscow,Bayern,77,70,23,19,15,15,28,15,11,21,38,34,39,36,72,75,72,147
21.03.2014,Olimpia Milano,Anadolu Efes SK,76,69,19,19,18,20,12,14,27,16,37,39,39,30,76,69,76,145
21.03.2014,Unicaja,Barcelona,61,77,17,21,14,16,16,18,14,22,31,37,30,40,68,70,68,138
21.03.2014,Olympiacos,Baskonia,89,59,23,20,22,7,22,19,22,13,45,27,44,32,72,76,72,148
21.03.2014,Galatasaray CC,Bayern,76,69,21,20,21,14,18,20,16,15,42,34,34,35,76,69,76,145
20.03.2014,Panathinaikos,Fenerbahce Ulker,76,67,16,19,25,18,17,12,18,18,41,37,35,30,78,65,78,143
20.03.2014,Partizan,Maccabi Tel Aviv,72,70,14,23,17,17,16,17,25,13,31,40,41,30,71,71,71,142
20.03.2014,Real Madrid,CSKA Moscow,93,79,24,24,18,17,24,20,27,18,42,41,51,38,83,89,83,172
20.03.2014,Zalgiris Kaunas,Lokomotiv Kuban,85,86,22,23,19,27,20,15,24,21,41,50,44,36,91,80,91,171
14.03.2014,Barcelona,Olympiacos,70,58,18,13,15,14,22,17,15,14,33,27,37,31,60,68,60,128
14.03.2014,Anadolu Efes SK,Panathinaikos,60,65,10,11,16,17,16,16,12,10,26,28,28,26,54,54,54,108
14.03.2014,Lokomotiv Kuban,Galatasaray CC,66,67,15,22,14,10,19,16,18,19,29,32,37,35,61,72,61,133
13.03.2014,Baskonia,Olimpia Milano,65,83,19,25,17,25,19,17,10,16,36,50,29,33,86,62,86,148
13.03.2014,Bayern,Real Madrid,85,83,20,19,14,23,22,18,29,23,34,42,51,41,76,92,76,168
13.03.2014,Maccabi Tel Aviv,Zalgiris Kaunas,77,67,20,20,20,13,17,14,20,20,40,33,37,34,73,71,73,144
13.03.2014,Fenerbahce Ulker,Unicaja,69,67,14,11,19,19,13,19,23,18,33,30,36,37,63,73,63,136
13.03.2014,CSKA Moscow,Partizan,84,52,16,15,22,7,32,19,14,11,38,22,46,30,60,76,60,136
07.03.2014,Panathinaikos,Baskonia,61,68,18,18,9,10,17,27,17,13,27,28,34,40,55,74,55,129
07.03.2014,Unicaja,Anadolu Efes SK,83,75,29,11,13,23,21,18,20,23,42,34,41,41,76,82,76,158
07.03.2014,Galatasaray CC,Real Madrid,74,85,16,20,22,23,14,18,22,24,38,43,36,42,81,78,81,159
07.03.2014,Lokomotiv Kuban,Maccabi Tel Aviv,78,76,15,13,23,16,15,19,25,28,38,29,40,47,67,87,67,154
06.03.2014,Barcelona,Fenerbahce Ulker,93,73,18,19,27,19,19,10,29,25,45,38,48,35,83,83,83,166
06.03.2014,Partizan,Bayern,70,55,19,9,25,19,16,17,10,10,44,28,26,27,72,53,72,125
06.03.2014,Olympiacos,Olimpia Milano,86,88,29,23,18,27,16,15,23,23,47,50,39,38,97,77,97,174
06.03.2014,Zalgiris Kaunas,CSKA Moscow,86,88,22,23,16,24,26,18,22,23,38,47,48,41,85,89,85,174
28.02.2014,Real Madrid,Partizan,80,57,22,17,24,10,15,13,19,17,46,27,34,30,73,64,73,137
28.02.2014,Bayern,Zalgiris Kaunas,79,73,20,24,18,16,14,19,27,14,38,40,41,33,78,74,78,152
28.02.2014,Fenerbahce Ulker,Olympiacos,78,74,21,22,20,16,18,13,19,23,41,38,37,36,79,73,79,152
28.02.2014,CSKA Moscow,Lokomotiv Kuban,94,93,29,18,19,22,20,28,26,25,48,40,46,53,88,99,88,187
27.02.2014,Baskonia,Unicaja,71,81,16,26,8,21,26,13,21,21,24,47,47,34,71,81,71,152
27.02.2014,Maccabi Tel Aviv,Galatasaray CC,97,81,23,23,26,15,21,18,27,25,49,38,48,43,87,91,87,178
27.02.2014,Olimpia Milano,Panathinaikos,77,75,19,13,22,13,18,23,18,26,41,26,36,49,67,85,67,152
27.02.2014,Anadolu Efes SK,Barcelona,84,89,17,22,9,16,22,15,27,22,26,38,49,37,64,86,64,150
21.02.2014,Real Madrid,Zalgiris Kaunas,108,72,34,21,26,16,32,13,16,22,60,37,48,35,97,83,97,180
21.02.2014,Bayern,Lokomotiv Kuban,82,79,14,30,26,20,22,15,20,14,40,50,42,29,90,71,90,161
21.02.2014,Anadolu Efes SK,Fenerbahce Ulker,63,71,24,24,15,17,14,13,10,17,39,41,24,30,80,54,80,134
21.02.2014,CSKA Moscow,Maccabi Tel Aviv,100,65,26,21,21,19,24,12,29,13,47,40,53,25,87,78,87,165
20.02.2014,Panathinaikos,Olympiacos,66,62,19,18,16,15,12,14,19,15,35,33,31,29,68,60,68,128
20.02.2014,Partizan,Galatasaray CC,70,78,26,22,11,21,16,19,17,16,37,43,33,35,80,68,80,148
20.02.2014,Baskonia,Barcelona,68,80,17,27,14,6,18,26,19,21,31,33,37,47,64,84,64,148
20.02.2014,Olimpia Milano,Unicaja,70,59,22,17,16,10,19,13,13,19,38,27,32,32,65,64,65,129
14.02.2014,Barcelona,Olimpia Milano,80,70,12,15,23,22,14,15,31,18,35,37,45,33,72,78,72,150
14.02.2014,Galatasaray CC,CSKA Moscow,71,74,21,23,16,17,21,16,13,18,37,40,34,34,77,68,77,145
13.02.2014,Fenerbahce Ulker,Baskonia,98,64,30,24,29,14,23,17,16,9,59,38,39,26,97,65,97,162
13.02.2014,Unicaja,Panathinaikos,87,71,20,23,24,19,17,15,26,14,44,42,43,29,86,72,86,158
13.02.2014,Maccabi Tel Aviv,Bayern,66,64,22,21,17,18,13,11,14,14,39,39,27,25,78,52,78,130
13.02.2014,Olympiacos,Anadolu Efes SK,78,60,24,12,12,17,26,14,16,17,36,29,42,31,65,73,65,138
13.02.2014,Zalgiris Kaunas,Partizan,89,77,29,16,29,25,19,18,12,18,58,41,31,36,99,67,99,166
13.02.2014,Lokomotiv Kuban,Real Madrid,74,78,23,18,13,22,18,18,20,20,36,40,38,38,76,76,76,152
31.01.2014,Baskonia,Anadolu Efes SK,66,72,27,20,7,17,16,26,16,9,34,37,32,35,71,67,71,138
31.01.2014,Partizan,Lokomotiv Kuban,81,87,18,20,20,23,22,20,21,24,38,43,43,44,81,87,81,168
31.01.2014,Panathinaikos,Barcelona,56,63,23,24,9,20,15,8,9,11,32,44,24,19,76,43,76,119
31.01.2014,Galatasaray CC,Zalgiris Kaunas,90,83,17,25,23,10,25,22,25,26,40,35,50,48,75,98,75,173
30.01.2014,Real Madrid,Maccabi Tel Aviv,74,68,19,20,20,15,17,22,18,11,39,35,35,33,74,68,74,142
30.01.2014,Olimpia Milano,Fenerbahce Ulker,90,85,18,25,31,15,15,18,26,27,49,40,41,45,89,86,89,175
30.01.2014,Bayern,CSKA Moscow,61,86,14,23,9,17,20,22,18,24,23,40,38,46,63,84,63,147
30.01.2014,Olympiacos,Unicaja,73,55,17,17,20,14,18,10,18,14,37,31,36,24,68,60,68,128
24.01.2014,Baskonia,Olympiacos,70,89,15,26,23,33,15,19,17,11,38,59,32,30,97,62,97,159
24.01.2014,Anadolu Efes SK,Olimpia Milano,61,60,14,17,16,17,13,11,18,15,30,34,31,26,64,57,64,121
24.01.2014,Lokomotiv Kuban,Zalgiris Kaunas,80,75,16,29,23,22,19,14,22,10,39,51,41,24,90,65,90,155
23.01.2014,Barcelona,Unicaja,83,79,25,24,19,18,22,26,17,11,44,42,39,37,86,76,86,162
23.01.2014,Bayern,Galatasaray CC,66,72,18,30,18,12,15,19,15,11,36,42,30,30,78,60,78,138
23.01.2014,Maccabi Tel Aviv,Partizan,88,67,20,11,27,8,21,28,20,20,47,19,41,48,66,89,66,155
23.01.2014,Fenerbahce Ulker,Panathinaikos,77,72,23,11,16,17,17,22,21,22,39,28,38,44,67,82,67,149
23.01.2014,CSKA Moscow,Real Madrid,85,71,23,10,17,20,19,25,26,16,40,30,45,41,70,86,70,156
17.01.2014,Panathinaikos,Anadolu Efes SK,78,64,23,21,14,15,23,18,18,10,37,36,41,28,73,69,73,142
17.01.2014,Partizan,CSKA Moscow,73,72,15,14,19,21,16,15,23,22,34,35,39,37,69,76,69,145
17.01.2014,Olimpia Milano,Baskonia,83,76,26,18,22,20,15,12,20,26,48,38,35,38,86,73,86,159
17.01.2014,Unicaja,Fenerbahce Ulker,89,75,19,19,18,20,25,27,27,9,37,39,52,36,76,88,76,164
16.01.2014,Galatasaray CC,Lokomotiv Kuban,62,63,20,12,15,20,16,19,11,12,35,32,27,31,67,58,67,125
16.01.2014,Olympiacos,Barcelona,72,81,23,18,11,14,14,23,24,26,34,32,38,49,66,87,66,153
16.01.2014,Zalgiris Kaunas,Maccabi Tel Aviv,78,87,25,19,21,19,17,25,15,24,46,38,32,49,84,81,84,165
15.01.2014,Real Madrid,Bayern,111,87,17,24,31,23,41,21,22,19,48,47,63,40,95,103,95,198
10.01.2014,Real Madrid,Galatasaray CC,89,84,20,19,25,14,21,19,23,32,45,33,44,51,78,95,78,173
10.01.2014,Baskonia,Panathinaikos,64,72,17,24,15,10,20,14,12,24,32,34,32,38,66,70,66,136
10.01.2014,Anadolu Efes SK,Unicaja,72,74,17,20,19,17,23,17,13,20,36,37,36,37,73,73,73,146
10.01.2014,CSKA Moscow,Zalgiris Kaunas,77,62,22,14,15,17,25,13,15,18,37,31,40,31,68,71,68,139
09.01.2014,Olimpia Milano,Olympiacos,81,51,16,21,23,11,24,8,18,11,39,32,42,19,71,61,71,132
09.01.2014,Bayern,Partizan,71,65,17,20,17,22,18,14,19,9,34,42,37,23,76,60,76,136
09.01.2014,Maccabi Tel Aviv,Lokomotiv Kuban,85,75,21,21,24,17,19,24,21,13,45,38,40,37,83,77,83,160
09.01.2014,Fenerbahce Ulker,Barcelona,73,76,18,23,21,16,17,19,17,18,39,39,34,37,78,71,78,149
03.01.2014,Olympiacos,Fenerbahce Ulker,95,82,27,19,20,21,15,16,33,26,47,40,48,42,87,90,87,177
03.01.2014,Zalgiris Kaunas,Bayern,66,84,10,15,26,33,12,24,18,12,36,48,30,36,84,66,84,150
03.01.2014,Lokomotiv Kuban,CSKA Moscow,77,84,22,24,22,17,12,16,15,14,44,41,27,30,85,57,85,142
02.01.2014,Barcelona,Anadolu Efes SK,84,65,25,16,27,13,13,20,19,16,52,29,32,36,81,68,81,149
02.01.2014,Panathinaikos,Olimpia Milano,73,57,20,14,18,17,14,9,21,17,38,31,35,26,69,61,69,130
02.01.2014,Galatasaray CC,Maccabi Tel Aviv,84,90,23,25,24,15,18,23,19,27,47,40,37,50,87,87,87,174
02.01.2014,Partizan,Real Madrid,64,80,17,29,22,18,10,11,15,22,39,47,25,33,86,58,86,144
02.01.2014,Unicaja,Baskonia,79,93,24,13,11,20,21,30,23,30,35,33,44,60,68,104,68,172
20.12.2013,Strasbourg,Olimpia Milano,76,67,22,15,16,15,25,22,13,15,38,30,38,37,68,75,68,143
20.12.2013,Baskonia,Lokomotiv Kuban,84,71,20,27,21,20,16,11,27,13,41,47,43,24,88,67,88,155
20.12.2013,Bayern,Galatasaray CC,88,68,20,10,23,22,22,21,23,15,43,32,45,36,75,81,75,156
20.12.2013,Lietuvos Rytas,Crvena Zvezda,75,99,17,28,13,23,21,27,24,21,30,51,45,48,81,93,81,174
19.12.2013,Barcelona,Budivelnyk,96,77,25,15,29,23,19,24,23,15,54,38,42,39,92,81,92,173
19.12.2013,Montepaschi Siena,Unicaja,62,64,12,15,10,17,16,10,24,22,22,32,40,32,54,72,54,126
19.12.2013,Nanterre,Fenerbahce Ulker,76,95,21,27,20,24,18,22,17,22,41,51,35,44,92,79,92,171
19.12.2013,Panathinaikos,Maccabi Tel Aviv,55,68,14,23,13,13,8,22,20,10,27,36,28,32,63,60,63,123
19.12.2013,Partizan,CSKA Moscow,62,73,19,20,17,23,13,16,13,14,36,43,26,30,79,56,79,135
19.12.2013,Bamberg,Zalgiris Kaunas,80,84,28,21,15,23,26,16,11,24,43,44,37,40,87,77,87,164
19.12.2013,Anadolu Efes SK,Real Madrid,61,86,20,18,14,20,15,16,12,32,34,38,27,48,72,75,72,147
19.12.2013,Zielona Gora,Olympiacos,80,91,18,22,16,21,28,29,18,19,34,43,46,48,77,94,77,171
13.12.2013,Real Madrid,Strasbourg,79,66,19,16,34,16,14,10,12,24,53,32,26,34,85,60,85,145
13.12.2013,Olimpia Milano,Bamberg,74,73,20,23,17,11,14,18,23,21,37,34,37,39,71,76,71,147
13.12.2013,Galatasaray CC,Zielona Gora,76,57,20,15,21,15,20,17,15,10,41,30,35,27,71,62,71,133
13.12.2013,Budivelnyk,Nanterre,97,87,21,19,29,24,21,19,26,25,50,43,47,44,93,91,93,184
13.12.2013,Lokomotiv Kuban,Panathinaikos,63,82,23,21,7,25,14,20,19,16,30,46,33,36,76,69,76,145
12.12.2013,Fenerbahce Ulker,Partizan,77,79,17,30,20,9,23,20,17,20,37,39,40,40,76,80,76,156
12.12.2013,Maccabi Tel Aviv,Lietuvos Rytas,78,71,11,19,26,13,24,19,17,20,37,32,41,39,69,80,69,149
12.12.2013,Unicaja,Bayern,77,72,29,20,14,17,13,23,21,12,43,37,34,35,80,69,80,149
12.12.2013,Olympiacos,Montepaschi Siena,78,73,15,17,10,19,21,21,32,16,25,36,53,37,61,90,61,151
12.12.2013,Crvena Zvezda,Baskonia,81,65,25,6,20,20,16,25,20,14,45,26,36,39,71,75,71,146
12.12.2013,Zalgiris Kaunas,Anadolu Efes SK,65,63,16,16,18,20,28,16,3,11,34,36,31,27,70,58,70,128
12.12.2013,CSKA Moscow,Barcelona,79,65,20,21,22,10,11,21,26,13,42,31,37,34,73,71,73,144
06.12.2013,Baskonia,Lietuvos Rytas,79,63,18,17,12,21,23,11,26,14,30,38,49,25,68,74,68,142
06.12.2013,Panathinaikos,Crvena Zvezda,69,63,20,21,17,13,15,14,17,15,37,34,32,29,71,61,71,132
06.12.2013,Nanterre,Barcelona,78,82,19,17,18,30,20,19,21,16,37,47,41,35,84,76,84,160
06.12.2013,Anadolu Efes SK,Bamberg,78,89,18,18,32,18,14,21,14,32,50,36,28,53,86,81,86,167
06.12.2013,CSKA Moscow,Fenerbahce Ulker,74,78,17,19,18,22,24,15,15,22,35,41,39,37,76,76,76,152
05.12.2013,Bayern,Olympiacos,103,105,22,28,28,31,27,21,26,25,50,59,53,46,109,99,109,208
05.12.2013,Olimpia Milano,Real Madrid,71,78,19,23,15,25,12,15,25,15,34,48,37,30,82,67,82,149
05.12.2013,Partizan,Budivelnyk,76,61,17,13,25,14,17,10,17,24,42,27,34,34,69,68,69,137
05.12.2013,Strasbourg,Zalgiris Kaunas,77,76,18,18,19,24,16,9,24,25,37,42,40,34,79,74,79,153
05.12.2013,Maccabi Tel Aviv,Lokomotiv Kuban,75,73,18,17,21,23,24,13,12,20,39,40,36,33,79,69,79,148
05.12.2013,Galatasaray CC,Unicaja,78,70,19,16,21,23,15,14,23,17,40,39,38,31,79,69,79,148
05.12.2013,Montepaschi Siena,Zielona Gora,60,59,18,17,12,13,17,19,13,10,30,30,30,29,60,59,60,119
29.11.2013,Barcelona,Fenerbahce Ulker,94,81,35,15,17,25,22,22,20,19,52,40,42,41,92,83,92,175
29.11.2013,Baskonia,Panathinaikos,79,77,34,19,21,25,10,18,14,15,55,44,24,33,99,57,99,156
29.11.2013,Montepaschi Siena,Bayern,71,62,21,18,20,16,11,10,19,18,41,34,30,28,75,58,75,133
29.11.2013,Anadolu Efes SK,Strasbourg,88,65,24,12,22,17,23,20,19,16,46,29,42,36,75,78,75,153
29.11.2013,Zalgiris Kaunas,Olimpia Milano,73,71,17,17,22,14,21,19,13,21,39,31,34,40,70,74,70,144
29.11.2013,Budivelnyk,CSKA Moscow,74,82,17,18,18,22,24,18,15,24,35,40,39,42,75,81,75,156
28.11.2013,Nanterre,Partizan,62,61,17,19,18,10,12,18,15,14,35,29,27,32,64,59,64,123
28.11.2013,Bamberg,Real Madrid,69,89,20,20,18,23,11,17,20,29,38,43,31,46,81,77,81,158
28.11.2013,Olympiacos,Galatasaray CC,72,54,18,10,17,14,24,11,13,19,35,24,37,30,59,67,59,126
28.11.2013,Crvena Zvezda,Maccabi Tel Aviv,76,78,22,18,11,17,13,27,30,16,33,35,43,43,68,86,68,154
28.11.2013,Zielona Gora,Unicaja,67,84,18,26,19,13,12,20,18,25,37,39,30,45,76,75,76,151
28.11.2013,Lietuvos Rytas,Lokomotiv Kuban,53,84,24,16,7,23,9,22,13,23,31,39,22,45,70,67,70,137
22.11.2013,Olimpia Milano,Anadolu Efes SK,77,73,21,23,11,18,19,21,26,11,32,41,45,32,73,77,73,150
22.11.2013,Real Madrid,Zalgiris Kaunas,95,67,28,14,28,18,23,21,16,14,56,32,39,35,88,74,88,162
22.11.2013,Strasbourg,Bamberg,83,72,17,14,20,23,25,15,21,20,37,37,46,35,74,81,74,155
22.11.2013,Fenerbahce Ulker,Budivelnyk,84,68,27,23,25,12,16,16,16,17,52,35,32,33,87,65,87,152
22.11.2013,Unicaja,Olympiacos,74,82,23,20,23,21,19,21,9,20,46,41,28,41,87,69,87,156
22.11.2013,Lokomotiv Kuban,Crvena Zvezda,79,72,18,19,21,16,19,21,21,16,39,35,40,37,74,77,74,151
21.11.2013,Maccabi Tel Aviv,Baskonia,65,70,16,20,19,14,14,17,16,19,35,34,30,36,69,66,69,135
21.11.2013,Partizan,Barcelona,64,82,17,11,15,27,12,26,20,18,32,38,32,44,70,76,70,146
21.11.2013,Panathinaikos,Lietuvos Rytas,80,72,16,18,9,20,25,8,30,26,25,38,55,34,63,89,63,152
21.11.2013,Bayern,Zielona Gora,71,78,16,15,19,16,17,32,19,15,35,31,36,47,66,83,66,149
21.11.2013,Galatasaray CC,Montepaschi Siena,54,52,11,11,11,11,18,16,14,14,22,22,32,30,44,62,44,106
21.11.2013,CSKA Moscow,Nanterre,72,60,9,14,24,12,26,15,13,19,33,26,39,34,59,73,59,132
15.11.2013,Olimpia Milano,Strasbourg,83,72,19,18,15,10,23,23,26,21,34,28,49,44,62,93,62,155
15.11.2013,Crvena Zvezda,Lietuvos Rytas,88,77,19,16,23,24,20,16,26,21,42,40,46,37,82,83,82,165
15.11.2013,Galatasaray CC,Bayern,84,74,29,15,18,15,14,19,23,25,47,30,37,44,77,81,77,158
15.11.2013,Olympiacos,Zielona Gora,79,77,11,22,22,20,22,21,24,14,33,42,46,35,75,81,75,156
15.11.2013,CSKA Moscow,Partizan,88,46,21,10,21,8,27,13,19,15,42,18,46,28,60,74,60,134
14.11.2013,Budivelnyk,Barcelona,74,84,21,24,27,22,8,16,18,22,48,46,26,38,94,64,94,158
14.11.2013,Unicaja,Montepaschi Siena,73,75,18,23,23,16,23,24,9,12,41,39,32,36,80,68,80,148
14.11.2013,Maccabi Tel Aviv,Panathinaikos,75,68,25,12,11,17,20,18,19,21,36,29,39,39,65,78,65,143
14.11.2013,Fenerbahce Ulker,Nanterre,83,66,23,19,21,13,14,18,25,16,44,32,39,34,76,73,76,149
14.11.2013,Zalgiris Kaunas,Bamberg,91,81,23,16,16,23,30,15,22,27,39,39,52,42,78,94,78,172
14.11.2013,Lokomotiv Kuban,Baskonia,85,84,21,13,19,29,21,16,24,26,40,42,45,42,82,87,82,169
13.11.2013,Real Madrid,Anadolu Efes SK,103,57,19,13,28,10,23,23,33,11,47,23,56,34,70,90,70,160
08.11.2013,Barcelona,CSKA Moscow,79,70,18,20,17,20,27,14,17,16,35,40,44,30,75,74,75,149
08.11.2013,Nanterre,Budivelnyk,80,61,27,8,24,15,17,22,12,16,51,23,29,38,74,67,74,141
08.11.2013,Partizan,Fenerbahce Ulker,78,88,17,13,21,17,19,30,21,28,38,30,40,58,68,98,68,166
08.11.2013,Montepaschi Siena,Olympiacos,62,70,11,20,12,16,19,18,20,16,23,36,39,34,59,73,59,132
08.11.2013,Bayern,Unicaja,82,68,26,15,17,17,24,22,15,14,43,32,39,36,75,75,75,150
08.11.2013,Zielona Gora,Galatasaray CC,75,78,22,25,14,18,16,18,23,17,36,43,39,35,79,74,79,153
07.11.2013,Strasbourg,Real Madrid,66,85,17,22,14,24,14,25,21,14,31,46,35,39,77,74,77,151
07.11.2013,Baskonia,Crvena Zvezda,63,73,15,25,17,6,19,23,12,19,32,31,31,42,63,73,63,136
07.11.2013,Panathinaikos,Lokomotiv Kuban,69,72,12,17,19,19,10,17,28,19,31,36,38,36,67,74,67,141
07.11.2013,Anadolu Efes SK,Zalgiris Kaunas,72,61,27,27,11,11,13,11,21,12,38,38,34,23,76,57,76,133
07.11.2013,Bamberg,Olimpia Milano,62,76,18,20,15,23,18,13,11,20,33,43,29,33,76,62,76,138
07.11.2013,Lietuvos Rytas,Maccabi Tel Aviv,74,76,18,26,15,19,22,14,19,17,33,45,41,31,78,72,78,150
01.11.2013,Real Madrid,Olimpia Milano,93,74,25,20,27,11,21,18,20,25,52,31,41,43,83,84,83,167
01.11.2013,Crvena Zvezda,Panathinaikos,86,90,26,22,22,11,8,15,18,26,48,33,26,41,81,67,81,148
01.11.2013,Bamberg,Anadolu Efes SK,88,86,23,24,21,27,26,17,18,18,44,51,44,35,95,79,95,174
01.11.2013,Zielona Gora,Montepaschi Siena,73,65,16,13,19,14,14,17,24,21,35,27,38,38,62,76,62,138
01.11.2013,Lokomotiv Kuban,Maccabi Tel Aviv,58,73,14,22,18,24,14,14,12,13,32,46,26,27,78,53,78,131
31.10.2013,Barcelona,Nanterre,67,71,25,15,14,22,21,14,7,20,39,37,28,34,76,62,76,138
31.10.2013,Fenerbahce Ulker,CSKA Moscow,86,60,26,16,18,17,17,14,25,13,44,33,42,27,77,69,77,146
31.10.2013,Olympiacos,Bayern,88,83,25,20,22,19,19,27,22,17,47,39,41,44,86,85,86,171
31.10.2013,Unicaja,Galatasaray CC,84,57,20,12,21,30,20,8,23,7,41,42,43,15,83,58,83,141
31.10.2013,Zalgiris Kaunas,Strasbourg,88,64,19,16,25,19,26,16,18,13,44,35,44,29,79,73,79,152
31.10.2013,Budivelnyk,Partizan,74,69,17,17,27,25,8,11,22,16,44,42,30,27,86,57,86,143
30.10.2013,Lietuvos Rytas,Baskonia,64,85,20,25,21,20,13,17,10,23,41,45,23,40,86,63,86,149
25.10.2013,Strasbourg,Anadolu Efes SK,66,76,12,22,17,21,20,15,17,18,29,43,37,33,72,70,72,142
25.10.2013,Unicaja,Zielona Gora,101,68,24,19,31,13,25,20,21,16,55,32,46,36,87,82,87,169
25.10.2013,Panathinaikos,Baskonia,95,74,26,16,24,19,27,21,18,18,50,35,45,39,85,84,85,169
25.10.2013,Bayern,Montepaschi Siena,89,79,22,20,24,13,24,19,19,27,46,33,43,46,79,89,79,168
25.10.2013,Fenerbahce Ulker,Barcelona,75,70,24,17,20,18,22,17,9,18,44,35,31,35,79,66,79,145
25.10.2013,Partizan,Nanterre,73,43,21,16,16,7,16,15,20,5,37,23,36,20,60,56,60,116
25.10.2013,CSKA Moscow,Budivelnyk,72,67,17,18,15,9,17,17,23,23,32,27,40,40,59,80,59,139
24.10.2013,Galatasaray CC,Olympiacos,67,78,11,22,19,20,27,17,10,19,30,42,37,36,72,73,72,145
24.10.2013,Real Madrid,Bamberg,98,58,18,7,24,14,31,18,25,19,42,21,56,37,63,93,63,156
24.10.2013,Olimpia Milano,Zalgiris Kaunas,82,75,25,19,18,12,20,27,19,17,43,31,39,44,74,83,74,157
24.10.2013,Maccabi Tel Aviv,Crvena Zvezda,96,82,21,14,22,18,30,24,23,26,43,32,53,50,75,103,75,178
24.10.2013,Lokomotiv Kuban,Lietuvos Rytas,68,53,19,10,20,17,16,14,13,12,39,27,29,26,66,55,66,121
18.10.2013,Olympiacos,Unicaja,69,61,18,22,8,11,18,12,25,16,26,33,43,28,59,71,59,130
18.10.2013,Zielona Gora,Bayern,73,94,16,23,12,25,23,18,22,28,28,48,45,46,76,91,76,167
18.10.2013,Zalgiris Kaunas,Real Madrid,63,83,13,16,11,19,20,29,19,19,24,35,39,48,59,87,59,146
17.10.2013,Barcelona,Partizan,67,60,17,18,11,8,17,14,22,20,28,26,39,34,54,73,54,127
17.10.2013,Baskonia,Maccabi Tel Aviv,84,80,24,18,24,20,14,23,22,19,48,38,36,42,86,78,86,164
17.10.2013,Lietuvos Rytas,Panathinaikos,84,83,25,25,17,17,17,18,15,14,42,42,32,32,84,64,84,148
17.10.2013,Nanterre,CSKA Moscow,59,62,20,11,15,17,13,22,11,12,35,28,24,34,63,58,63,121
17.10.2013,Anadolu Efes SK,Olimpia Milano,87,67,25,17,17,18,24,17,21,15,42,35,45,32,77,77,77,154
17.10.2013,Crvena Zvezda,Lokomotiv Kuban,84,87,20,30,22,8,17,20,25,29,42,38,42,49,80,91,80,171
12.05.2013,Olympiacos,Real Madrid,100,88,10,27,27,14,24,20,39,27,37,41,63,47,78,110,78,188
12.05.2013,CSKA Moscow,Barcelona,74,73,15,12,20,23,24,19,15,19,35,35,39,38,70,77,70,147
10.05.2013,Barcelona,Real Madrid,67,74,18,11,15,28,18,9,16,26,33,39,34,35,72,69,72,141
10.05.2013,CSKA Moscow,Olympiacos,52,69,17,24,11,16,8,13,16,16,28,40,24,29,68,53,68,121
26.04.2013,Olympiacos,Anadolu Efes SK,82,72,21,23,12,18,21,14,28,17,33,41,49,31,74,80,74,154
25.04.2013,Barcelona,Panathinaikos,64,53,28,14,16,19,7,10,13,10,44,33,20,20,77,40,77,117
19.04.2013,Baskonia,CSKA Moscow,85,94,20,22,14,14,20,31,31,27,34,36,51,58,70,109,70,179
19.04.2013,Anadolu Efes SK,Olympiacos,74,73,12,20,26,24,18,14,18,15,38,44,36,29,82,65,82,147
18.04.2013,Panathinaikos,Barcelona,60,70,10,20,17,11,11,20,22,19,27,31,33,39,58,72,58,130
17.04.2013,Baskonia,CSKA Moscow,93,72,15,14,28,10,27,15,23,33,43,24,50,48,67,98,67,165
17.04.2013,Anadolu Efes SK,Olympiacos,83,72,19,17,18,12,28,21,18,22,37,29,46,43,66,89,66,155
16.04.2013,Panathinaikos,Barcelona,65,63,20,10,18,19,12,22,15,12,38,29,27,34,67,61,67,128
16.04.2013,Maccabi Tel Aviv,Real Madrid,57,69,10,16,20,17,14,19,13,17,30,33,27,36,63,63,63,126
12.04.2013,Olympiacos,Anadolu Efes SK,71,53,14,16,21,10,17,14,19,13,35,26,36,27,61,63,61,124
12.04.2013,Real Madrid,Maccabi Tel Aviv,75,63,18,13,18,15,20,18,19,17,36,28,39,35,64,74,64,138
12.04.2013,CSKA Moscow,Baskonia,90,68,20,26,24,11,25,13,21,18,44,37,46,31,81,77,81,158
11.04.2013,Barcelona,Panathinaikos,65,66,11,16,21,11,18,21,15,18,32,27,33,39,59,72,59,131
10.04.2013,Real Madrid,Maccabi Tel Aviv,79,53,14,23,24,4,21,16,20,10,38,27,41,26,65,67,65,132
10.04.2013,Olympiacos,Anadolu Efes SK,67,62,17,15,16,17,17,14,17,16,33,32,34,30,65,64,65,129
10.04.2013,CSKA Moscow,Baskonia,89,78,26,19,24,16,23,23,16,20,50,35,39,43,85,82,85,167
09.04.2013,Barcelona,Panathinaikos,72,70,11,21,23,11,11,19,19,13,34,32,30,32,66,62,66,128
05.04.2013,Besiktas CT,Fenerbahce Ulker,80,73,17,27,16,19,26,13,21,14,33,46,47,27,79,74,79,153
04.04.2013,Barcelona,Maccabi Tel Aviv,74,71,19,19,17,13,15,24,23,15,36,32,38,39,68,77,68,145
04.04.2013,Baskonia,Montepaschi Siena,76,64,15,11,24,16,18,15,19,22,39,27,37,37,66,74,66,140
04.04.2013,Olympiacos,Khimki,79,70,22,20,23,18,15,19,19,13,45,38,34,32,83,66,83,149
04.04.2013,Panathinaikos,CSKA Moscow,63,69,11,14,23,19,16,14,13,22,34,33,29,36,67,65,67,132
04.04.2013,Real Madrid,Anadolu Efes SK,86,66,25,14,22,16,18,18,21,18,47,30,39,36,77,75,77,152
04.04.2013,Unicaja,Alba Berlin,55,68,13,24,14,16,11,12,17,16,27,40,28,28,67,56,67,123
04.04.2013,Zalgiris Kaunas,Bamberg,90,81,26,25,24,20,16,18,24,18,50,45,40,36,95,76,95,171
29.03.2013,Montepaschi Siena,Barcelona,69,77,25,23,15,22,15,20,14,12,40,45,29,32,85,61,85,146
29.03.2013,Fenerbahce Ulker,Olympiacos,73,78,13,19,21,14,19,23,20,22,34,33,39,45,67,84,67,151
29.03.2013,Alba Berlin,Zalgiris Kaunas,77,55,14,6,27,15,20,15,16,19,41,21,36,34,62,70,62,132
29.03.2013,Khimki,Baskonia,82,86,19,22,24,24,17,22,22,18,43,46,39,40,89,79,89,168
28.03.2013,Bamberg,Panathinaikos,60,82,16,26,11,16,14,17,19,23,27,42,33,40,69,73,69,142
28.03.2013,Maccabi Tel Aviv,Besiktas CT,101,58,29,11,32,16,30,8,10,23,61,27,40,31,88,71,88,159
28.03.2013,Anadolu Efes SK,Unicaja,64,70,16,19,17,9,14,22,17,20,33,28,31,42,61,73,61,134
28.03.2013,CSKA Moscow,Real Madrid,81,72,24,15,20,13,19,19,18,25,44,28,37,44,72,81,72,153
22.03.2013,Olympiacos,Maccabi Tel Aviv,67,73,13,21,10,20,26,15,18,17,23,41,44,32,64,76,64,140
22.03.2013,Besiktas CT,Montepaschi Siena,72,70,18,16,17,19,13,18,24,17,35,35,37,35,70,72,70,142
22.03.2013,Khimki,Fenerbahce Ulker,99,76,22,23,27,14,21,24,29,15,49,37,50,39,86,89,86,175
21.03.2013,Barcelona,Baskonia,83,74,18,12,24,20,19,24,22,18,42,32,41,42,74,83,74,157
21.03.2013,Real Madrid,Panathinaikos,73,74,14,17,19,21,20,11,20,25,33,38,40,36,71,76,71,147
21.03.2013,Unicaja,CSKA Moscow,66,70,17,16,17,14,18,22,14,18,34,30,32,40,64,72,64,136
21.03.2013,Zalgiris Kaunas,Anadolu Efes SK,79,71,25,27,19,15,19,14,16,15,44,42,35,29,86,64,86,150
20.03.2013,Bamberg,Alba Berlin,72,75,19,21,23,21,16,17,14,16,42,42,30,33,84,63,84,147
15.03.2013,Barcelona,Besiktas CT,86,61,29,15,18,16,20,19,19,11,47,31,39,30,78,69,78,147
15.03.2013,Panathinaikos,Alba Berlin,82,58,21,11,29,17,17,9,15,21,50,28,32,30,78,62,78,140
15.03.2013,Real Madrid,Unicaja,74,77,21,15,19,17,13,28,21,17,40,32,34,45,72,79,72,151
15.03.2013,CSKA Moscow,Zalgiris Kaunas,70,61,17,12,18,14,13,22,22,13,35,26,35,35,61,70,61,131
14.03.2013,Baskonia,Fenerbahce Ulker,87,67,16,10,30,12,21,17,20,28,46,22,41,45,68,86,68,154
14.03.2013,Maccabi Tel Aviv,Khimki,80,79,19,18,17,22,24,16,20,23,36,40,44,39,76,83,76,159
14.03.2013,Montepaschi Siena,Olympiacos,67,68,18,17,19,19,17,13,13,19,37,36,30,32,73,62,73,135
14.03.2013,Anadolu Efes SK,Bamberg,89,86,23,14,21,23,15,21,17,18,44,37,32,39,81,71,81,152
08.03.2013,Unicaja,Panathinaikos,66,60,8,16,18,19,18,18,22,7,26,35,40,25,61,65,61,126
08.03.2013,Besiktas CT,Baskonia,73,83,10,18,13,25,27,15,23,25,23,43,50,40,66,90,66,156
08.03.2013,Khimki,Montepaschi Siena,78,71,25,20,19,17,20,17,14,17,44,37,34,34,81,68,81,149
07.03.2013,Fenerbahce Ulker,Maccabi Tel Aviv,85,94,22,22,18,27,20,22,25,23,40,49,45,45,89,90,89,179
07.03.2013,Olympiacos,Barcelona,77,90,20,17,16,29,26,17,15,27,36,46,41,44,82,85,82,167
07.03.2013,Zalgiris Kaunas,Real Madrid,104,105,29,19,15,21,17,23,23,21,44,40,40,44,84,84,84,168
06.03.2013,Bamberg,CSKA Moscow,58,78,18,23,17,23,12,16,11,16,35,46,23,32,81,55,81,136
06.03.2013,Alba Berlin,Anadolu Efes SK,86,91,24,28,22,22,22,18,18,23,46,50,40,41,96,81,96,177
01.03.2013,Panathinaikos,Anadolu Efes SK,75,62,19,21,19,17,18,13,19,11,38,38,37,24,76,61,76,137
01.03.2013,Unicaja,Zalgiris Kaunas,67,83,19,16,12,22,25,21,11,24,31,38,36,45,69,81,69,150
01.03.2013,CSKA Moscow,Alba Berlin,80,65,20,16,24,17,19,21,17,11,44,33,36,32,77,68,77,145
28.02.2013,Barcelona,Khimki,71,69,21,16,23,18,16,14,11,21,44,34,27,35,78,62,78,140
28.02.2013,Montepaschi Siena,Fenerbahce Ulker,87,69,21,18,28,17,16,18,22,16,49,35,38,34,84,72,84,156
28.02.2013,Real Madrid,Bamberg,76,73,21,20,18,21,18,19,19,13,39,41,37,32,80,69,80,149
28.02.2013,Baskonia,Maccabi Tel Aviv,62,66,10,11,21,17,16,15,15,23,31,28,31,38,59,69,59,128
28.02.2013,Besiktas CT,Olympiacos,60,79,15,13,15,25,21,22,9,19,30,38,30,41,68,71,68,139
22.02.2013,Real Madrid,Alba Berlin,77,72,20,14,14,19,14,17,29,22,34,33,43,39,67,82,67,149
22.02.2013,Olympiacos,Baskonia,82,74,18,11,23,16,21,23,20,24,41,27,41,47,68,88,68,156
22.02.2013,Anadolu Efes SK,CSKA Moscow,63,60,16,22,10,12,15,12,22,14,26,34,37,26,60,63,60,123
22.02.2013,Khimki,Besiktas CT,87,56,16,11,22,16,25,19,24,10,38,27,49,29,65,78,65,143
21.02.2013,Bamberg,Unicaja,65,68,14,16,14,22,13,17,24,13,28,38,37,30,66,67,66,133
21.02.2013,Zalgiris Kaunas,Panathinaikos,73,78,22,19,21,21,15,16,15,22,43,40,30,38,83,68,83,151
21.02.2013,Maccabi Tel Aviv,Montepaschi Siena,92,61,22,22,24,12,23,19,23,8,46,34,46,27,80,73,80,153
21.02.2013,Fenerbahce Ulker,Barcelona,60,99,13,23,6,27,21,26,20,23,19,50,41,49,69,90,69,159
15.02.2013,Montepaschi Siena,Baskonia,85,74,22,23,13,14,26,13,24,24,35,37,50,37,72,87,72,159
15.02.2013,Fenerbahce Ulker,Besiktas CT,78,72,19,15,13,27,16,13,30,17,32,42,46,30,74,76,74,150
15.02.2013,Khimki,Olympiacos,82,87,23,19,20,16,17,19,22,33,43,35,39,52,78,91,78,169
14.02.2013,Anadolu Efes SK,Real Madrid,74,72,23,19,23,17,13,18,15,18,46,36,28,36,82,64,82,146
14.02.2013,Bamberg,Zalgiris Kaunas,87,88,20,23,16,15,19,19,21,19,36,38,40,38,74,78,74,152
14.02.2013,Maccabi Tel Aviv,Barcelona,77,82,22,20,17,21,14,26,24,15,39,41,38,41,80,79,80,159
14.02.2013,Alba Berlin,Unicaja,65,67,20,22,22,12,9,21,14,12,42,34,23,33,76,56,76,132
14.02.2013,CSKA Moscow,Panathinaikos,86,69,25,15,10,16,31,19,20,19,35,31,51,38,66,89,66,155
01.02.2013,Panathinaikos,Bamberg,76,73,19,19,17,14,15,16,25,24,36,33,40,40,69,80,69,149
01.02.2013,Baskonia,Khimki,71,83,18,19,27,24,11,19,15,21,45,43,26,40,88,66,88,154
01.02.2013,Unicaja,Anadolu Efes SK,73,78,16,22,12,16,26,17,19,23,28,38,45,40,66,85,66,151
31.01.2013,Barcelona,Montepaschi Siena,85,66,20,13,28,16,20,18,17,19,48,29,37,37,77,74,77,151
31.01.2013,Olympiacos,Fenerbahce Ulker,82,71,23,24,20,13,25,12,14,22,43,37,39,34,80,73,80,153
31.01.2013,Real Madrid,CSKA Moscow,86,78,14,15,19,12,10,17,23,22,33,27,33,39,60,72,60,132
31.01.2013,Besiktas CT,Maccabi Tel Aviv,55,77,12,21,10,22,13,14,20,20,22,43,33,34,65,67,65,132
31.01.2013,Zalgiris Kaunas,Alba Berlin,92,56,26,21,18,16,26,9,22,10,44,37,48,19,81,67,81,148
25.01.2013,Montepaschi Siena,Besiktas CT,63,57,22,13,15,13,6,19,20,12,37,26,26,31,63,57,63,120
25.01.2013,Panathinaikos,Real Madrid,54,58,20,11,17,16,12,17,5,14,37,27,17,31,64,48,64,112
25.01.2013,Anadolu Efes SK,Zalgiris Kaunas,56,52,15,8,12,15,14,13,15,16,27,23,29,29,50,58,50,108
25.01.2013,CSKA Moscow,Unicaja,81,94,17,27,26,20,18,23,20,24,43,47,38,47,90,85,90,175
24.01.2013,Maccabi Tel Aviv,Olympiacos,77,78,19,30,14,14,29,13,15,21,33,44,44,34,77,78,77,155
24.01.2013,Alba Berlin,Bamberg,82,63,26,14,10,20,28,13,18,16,36,34,46,29,70,75,70,145
24.01.2013,Baskonia,Barcelona,79,90,28,27,19,23,13,19,19,21,47,50,32,40,97,72,97,169
24.01.2013,Fenerbahce Ulker,Khimki,85,82,17,19,19,21,20,14,29,28,36,40,49,42,76,91,76,167
18.01.2013,Olympiacos,Montepaschi Siena,72,74,25,20,11,18,15,14,21,22,36,38,36,36,74,72,74,146
18.01.2013,Fenerbahce Ulker,Baskonia,75,97,19,20,13,28,19,23,24,26,32,48,43,49,80,92,80,172
18.01.2013,Khimki,Maccabi Tel Aviv,88,67,19,25,27,9,24,16,18,17,46,34,42,33,80,75,80,155
17.01.2013,Besiktas CT,Barcelona,59,73,10,15,22,19,16,17,11,22,32,34,27,39,66,66,66,132
17.01.2013,Unicaja,Real Madrid,64,72,16,19,20,11,14,13,14,29,36,30,28,42,66,70,66,136
17.01.2013,Zalgiris Kaunas,CSKA Moscow,73,87,15,16,16,22,20,27,22,22,31,38,42,49,69,91,69,160
17.01.2013,Bamberg,Anadolu Efes SK,76,94,27,23,19,24,13,18,17,29,46,47,30,47,93,77,93,170
16.01.2013,Alba Berlin,Panathinaikos,73,79,23,23,16,22,17,20,17,14,39,45,34,34,84,68,84,152
11.01.2013,Barcelona,Olympiacos,76,68,18,13,23,19,19,20,16,16,41,32,35,36,73,71,73,144
11.01.2013,Montepaschi Siena,Khimki,82,76,20,27,19,14,21,19,22,16,39,41,43,35,80,78,80,158
11.01.2013,Real Madrid,Zalgiris Kaunas,75,74,18,23,22,17,14,12,21,22,40,40,35,34,80,69,80,149
11.01.2013,Anadolu Efes SK,Alba Berlin,71,62,16,19,19,11,17,14,19,18,35,30,36,32,65,68,65,133
10.01.2013,Baskonia,Besiktas CT,77,51,27,7,18,17,18,11,14,16,45,24,32,27,69,59,69,128
10.01.2013,Maccabi Tel Aviv,Fenerbahce Ulker,91,73,23,21,13,15,17,12,38,25,36,36,55,37,72,92,72,164
10.01.2013,Panathinaikos,Unicaja,78,73,23,19,16,18,17,21,22,15,39,37,39,36,76,75,76,151
10.01.2013,CSKA Moscow,Bamberg,90,83,22,24,23,22,22,18,23,19,45,46,45,37,91,82,91,173
04.01.2013,Olympiacos,Besiktas CT,77,64,20,13,17,14,20,19,20,18,37,27,40,37,64,77,64,141
04.01.2013,Alba Berlin,CSKA Moscow,57,75,13,24,15,16,19,17,10,18,28,40,29,35,68,64,68,132
04.01.2013,Fenerbahce Ulker,Montepaschi Siena,92,98,26,26,25,19,22,24,19,29,51,45,41,53,96,94,96,190
04.01.2013,Zalgiris Kaunas,Unicaja,75,63,21,17,13,13,18,21,23,12,34,30,41,33,64,74,64,138
03.01.2013,Anadolu Efes SK,Panathinaikos,78,64,24,17,21,15,19,11,14,21,45,32,33,32,77,65,77,142
03.01.2013,Bamberg,Real Madrid,67,82,22,26,16,21,19,16,10,19,38,47,29,35,85,64,85,149
03.01.2013,Maccabi Tel Aviv,Baskonia,70,71,23,20,9,24,24,6,14,21,32,44,38,27,76,65,76,141
03.01.2013,Khimki,Barcelona,78,65,21,18,25,23,16,14,16,10,46,41,32,24,87,56,87,143
28.12.2012,Panathinaikos,Zalgiris Kaunas,67,66,22,13,21,20,11,16,13,17,43,33,24,33,76,57,76,133
28.12.2012,Barcelona,Fenerbahce Ulker,100,78,24,13,30,22,25,25,21,18,54,35,46,43,89,89,89,178
28.12.2012,CSKA Moscow,Anadolu Efes SK,90,71,25,24,17,18,21,16,27,13,42,42,48,29,84,77,84,161
27.12.2012,Montepaschi Siena,Maccabi Tel Aviv,79,69,20,15,24,20,19,18,16,16,44,35,35,34,79,69,79,148
27.12.2012,Unicaja,Bamberg,85,82,15,19,24,26,24,24,22,13,39,45,46,37,84,83,84,167
27.12.2012,Baskonia,Olympiacos,82,74,19,24,21,20,27,11,15,19,40,44,42,30,84,72,84,156
27.12.2012,Alba Berlin,Real Madrid,63,77,20,26,14,12,20,22,9,17,34,38,29,39,72,68,72,140
27.12.2012,Besiktas CT,Khimki,75,80,20,14,19,31,18,22,18,13,39,45,36,35,84,71,84,155
14.12.2012,Baskonia,Cedevita,97,70,15,17,34,13,20,19,28,21,49,30,48,40,79,88,79,167
14.12.2012,Olympiacos,Olimpia Milano,82,81,16,19,29,19,17,24,20,19,45,38,37,43,83,80,83,163
14.12.2012,Zalgiris Kaunas,Anadolu Efes SK,71,53,20,15,15,15,23,7,13,16,35,30,36,23,65,59,65,124
13.12.2012,Bamberg,Partizan,92,90,25,13,22,22,21,27,12,18,47,35,33,45,82,78,82,160
13.12.2012,Barcelona,CSKA Moscow,75,78,19,24,28,17,11,14,17,23,47,41,28,37,88,65,88,153
13.12.2012,Besiktas CT,Lietuvos Rytas,66,65,15,19,18,20,18,15,15,11,33,39,33,26,72,59,72,131
13.12.2012,Real Madrid,Petrol Olimpija,91,60,22,15,26,12,20,19,23,14,48,27,43,33,75,76,75,151
13.12.2012,Maccabi Tel Aviv,Alba Berlin,78,62,23,13,25,11,12,25,18,13,48,24,30,38,72,68,72,140
13.12.2012,Montepaschi Siena,Asseco Gdynia,88,95,26,13,25,15,12,24,13,24,51,28,25,48,79,73,79,152
13.12.2012,Unicaja,Chalon/Saone,86,62,24,11,22,12,21,20,19,19,46,23,40,39,69,79,69,148
13.12.2012,Fenerbahce Ulker,Cantu,77,69,18,22,25,16,17,17,17,14,43,38,34,31,81,65,81,146
13.12.2012,Khimki,Panathinaikos,78,77,21,14,25,25,15,20,17,18,46,39,32,38,85,70,85,155
07.12.2012,Chalon/Saone,Montepaschi Siena,108,103,27,24,22,24,21,27,23,18,49,48,44,45,97,89,97,186
07.12.2012,Panathinaikos,Fenerbahce Ulker,69,55,12,14,17,9,14,14,26,18,29,23,40,32,52,72,52,124
07.12.2012,Olimpia Milano,Zalgiris Kaunas,65,67,16,18,21,14,16,19,12,16,37,32,28,35,69,63,69,132
07.12.2012,Petrol Olimpija,Khimki,74,72,13,19,21,12,16,19,24,22,34,31,40,41,65,81,65,146
07.12.2012,Anadolu Efes SK,Baskonia,76,91,19,21,15,17,25,27,17,26,34,38,42,53,72,95,72,167
07.12.2012,Lietuvos Rytas,Bamberg,67,62,15,15,20,13,15,15,17,19,35,28,32,34,63,66,63,129
06.12.2012,Cantu,Real Madrid,76,70,20,18,22,17,13,21,21,14,42,35,34,35,77,69,77,146
06.12.2012,Partizan,Barcelona,67,68,14,13,16,12,14,18,14,15,30,25,28,33,55,61,55,116
06.12.2012,Alba Berlin,Unicaja,63,74,18,14,17,22,16,23,12,15,35,36,28,38,71,66,71,137
06.12.2012,Asseco Gdynia,Maccabi Tel Aviv,73,89,19,15,23,20,23,25,8,29,42,35,31,54,77,85,77,162
06.12.2012,Cedevita,Olympiacos,62,84,18,21,19,19,11,24,14,20,37,40,25,44,77,69,77,146
06.12.2012,CSKA Moscow,Besiktas CT,87,72,24,28,22,23,21,10,20,11,46,51,41,21,97,62,97,159
30.11.2012,Real Madrid,Fenerbahce Ulker,77,61,16,19,20,20,18,13,23,9,36,39,41,22,75,63,75,138
30.11.2012,Montepaschi Siena,Unicaja,91,72,30,20,26,20,18,19,17,13,56,40,35,32,96,67,96,163
30.11.2012,Besiktas CT,Barcelona,48,78,14,18,10,21,14,23,10,16,24,39,24,39,63,63,63,126
30.11.2012,Zalgiris Kaunas,Olympiacos,63,77,18,21,9,10,23,17,13,29,27,31,36,46,58,82,58,140
29.11.2012,Bamberg,CSKA Moscow,89,97,24,29,15,21,25,17,25,30,39,50,50,47,89,97,89,186
29.11.2012,Partizan,Lietuvos Rytas,75,74,18,11,21,22,20,18,16,23,39,33,36,41,72,77,72,149
29.11.2012,Baskonia,Olimpia Milano,64,62,14,19,14,23,17,11,19,9,28,42,36,20,70,56,70,126
29.11.2012,Maccabi Tel Aviv,Chalon/Saone,78,73,24,26,14,17,20,17,20,13,38,43,40,30,81,70,81,151
29.11.2012,Panathinaikos,Petrol Olimpija,80,72,17,11,18,22,27,16,18,23,35,33,45,39,68,84,68,152
29.11.2012,Alba Berlin,Asseco Gdynia,67,64,15,13,21,15,16,13,15,23,36,28,31,36,64,67,64,131
29.11.2012,Cedevita,Anadolu Efes SK,73,81,24,21,11,23,20,15,18,22,35,44,38,37,79,75,79,154
29.11.2012,Khimki,Cantu,77,53,23,24,21,7,18,12,15,10,44,31,33,22,75,55,75,130
23.11.2012,Montepaschi Siena,Maccabi Tel Aviv,89,87,21,23,23,18,15,24,30,22,44,41,45,46,85,91,85,176
23.11.2012,Real Madrid,Khimki,104,81,21,23,25,22,33,19,25,17,46,45,58,36,91,94,91,185
23.11.2012,Cantu,Panathinaikos,69,71,15,19,19,15,16,20,19,17,34,34,35,37,68,72,68,140
23.11.2012,Besiktas CT,Bamberg,83,72,18,18,18,24,26,12,21,18,36,42,47,30,78,77,78,155
23.11.2012,Zalgiris Kaunas,Baskonia,82,45,22,15,21,9,16,9,23,12,43,24,39,21,67,60,67,127
22.11.2012,Barcelona,Lietuvos Rytas,90,66,27,18,15,27,26,15,22,6,42,45,48,21,87,69,87,156
22.11.2012,Olimpia Milano,Cedevita,75,60,20,18,16,19,25,9,14,14,36,37,39,23,73,62,73,135
22.11.2012,Olympiacos,Anadolu Efes SK,75,53,23,20,12,6,24,16,16,11,35,26,40,27,61,67,61,128
22.11.2012,Unicaja,Asseco Gdynia,63,48,13,13,21,10,13,8,16,17,34,23,29,25,57,54,57,111
22.11.2012,Chalon/Saone,Alba Berlin,82,87,20,15,13,20,20,18,29,34,33,35,49,52,68,101,68,169
22.11.2012,Fenerbahce Ulker,Petrol Olimpija,85,68,22,12,21,14,21,22,21,20,43,26,42,42,69,84,69,153
22.11.2012,CSKA Moscow,Partizan,78,61,23,22,25,14,13,12,17,13,48,36,30,25,84,55,84,139
16.11.2012,Baskonia,Olympiacos,72,89,19,22,21,25,11,22,21,20,40,47,32,42,87,74,87,161
16.11.2012,Anadolu Efes SK,Olimpia Milano,77,71,20,18,7,18,27,16,23,19,27,36,50,35,63,85,63,148
15.11.2012,Alba Berlin,Montepaschi Siena,73,75,17,21,17,18,18,21,21,15,34,39,39,36,73,75,73,148
15.11.2012,Panathinaikos,Real Madrid,79,68,12,16,30,19,23,17,14,16,42,35,37,33,77,70,77,147
15.11.2012,Partizan,Besiktas CT,87,72,24,19,27,24,19,22,17,7,51,43,36,29,94,65,94,159
15.11.2012,Cedevita,Zalgiris Kaunas,108,106,19,28,20,12,24,20,22,25,39,40,46,45,79,91,79,170
15.11.2012,Maccabi Tel Aviv,Unicaja,62,64,21,17,16,21,12,11,13,15,37,38,25,26,75,51,75,126
15.11.2012,Petrol Olimpija,Cantu,81,79,17,22,25,17,17,23,22,17,42,39,39,40,81,79,81,160
15.11.2012,Asseco Gdynia,Chalon/Saone,70,76,20,13,17,21,17,17,16,25,37,34,33,42,71,75,71,146
15.11.2012,Bamberg,Barcelona,66,86,22,23,20,24,11,17,13,22,42,47,24,39,89,63,89,152
15.11.2012,Lietuvos Rytas,CSKA Moscow,62,71,16,14,16,19,14,20,16,18,32,33,30,38,65,68,65,133
15.11.2012,Khimki,Fenerbahce Ulker,71,70,17,18,22,11,17,22,15,19,39,29,32,41,68,73,68,141
09.11.2012,Partizan,Bamberg,72,77,16,16,25,17,21,22,10,22,41,33,31,44,74,75,74,149
09.11.2012,Petrol Olimpija,Real Madrid,76,89,18,21,17,25,22,22,19,21,35,46,41,43,81,84,81,165
09.11.2012,Panathinaikos,Khimki,67,79,23,17,18,21,17,20,9,21,41,38,26,41,79,67,79,146
09.11.2012,Anadolu Efes SK,Zalgiris Kaunas,64,77,23,25,14,12,14,23,13,17,37,37,27,40,74,67,74,141
09.11.2012,Asseco Gdynia,Montepaschi Siena,66,101,22,21,13,21,12,37,19,22,35,42,31,59,77,90,77,167
09.11.2012,Cedevita,Baskonia,76,69,24,24,15,10,19,12,18,23,39,34,37,35,73,72,73,145
08.11.2012,Alba Berlin,Maccabi Tel Aviv,76,78,10,16,25,22,17,18,24,22,35,38,41,40,73,81,73,154
08.11.2012,Cantu,Fenerbahce Ulker,82,58,23,12,18,15,16,14,25,17,41,27,41,31,68,72,68,140
08.11.2012,Olimpia Milano,Olympiacos,71,84,17,24,19,17,14,18,21,25,36,41,35,43,77,78,77,155
08.11.2012,Chalon/Saone,Unicaja,78,88,21,24,11,20,29,24,17,20,32,44,46,44,76,90,76,166
08.11.2012,Lietuvos Rytas,Besiktas CT,67,73,20,17,13,16,15,16,19,24,33,33,34,40,66,74,66,140
08.11.2012,CSKA Moscow,Barcelona,60,81,19,17,16,21,13,25,12,18,35,38,25,43,73,68,73,141
02.11.2012,Montepaschi Siena,Chalon/Saone,93,90,23,30,27,25,23,20,20,15,50,55,43,35,105,78,105,183
02.11.2012,Bamberg,Lietuvos Rytas,84,78,20,21,25,14,17,29,22,14,45,35,39,43,80,82,80,162
02.11.2012,Olympiacos,Cedevita,79,77,22,16,20,19,14,18,23,24,42,35,37,42,77,79,77,156
02.11.2012,Besiktas CT,CSKA Moscow,58,85,18,22,14,22,9,24,17,17,32,44,26,41,76,67,76,143
02.11.2012,Khimki,Petrol Olimpija,75,65,18,19,25,14,13,15,19,17,43,33,32,32,76,64,76,140
01.11.2012,Barcelona,Partizan,85,82,23,15,14,22,30,18,18,27,37,37,48,45,74,93,74,167
01.11.2012,Baskonia,Anadolu Efes SK,64,76,19,15,29,15,7,22,9,24,48,30,16,46,78,62,78,140
01.11.2012,Real Madrid,Cantu,80,66,18,12,23,14,22,22,17,18,41,26,39,40,67,79,67,146
01.11.2012,Unicaja,Alba Berlin,67,62,22,16,7,18,18,9,20,19,29,34,38,28,63,66,63,129
01.11.2012,Maccabi Tel Aviv,Asseco Gdynia,93,62,27,13,23,17,22,17,21,15,50,30,43,32,80,75,80,155
01.11.2012,Fenerbahce Ulker,Panathinaikos,73,64,19,17,23,12,16,12,15,23,42,29,31,35,71,66,71,137
01.11.2012,Zalgiris Kaunas,Olimpia Milano,92,87,20,27,27,24,25,14,20,22,47,51,45,36,98,81,98,179
26.10.2012,Unicaja,Montepaschi Siena,91,89,20,16,22,27,15,25,23,12,42,43,38,37,85,75,85,160
26.10.2012,Petrol Olimpija,Panathinaikos,67,85,19,23,19,27,12,19,17,16,38,50,29,35,88,64,88,152
26.10.2012,Cantu,Khimki,67,54,14,21,21,11,20,11,12,11,35,32,32,22,67,54,67,121
26.10.2012,Anadolu Efes SK,Cedevita,85,66,23,14,21,14,22,19,19,19,44,28,41,38,72,79,72,151
25.10.2012,Asseco Gdynia,Alba Berlin,77,66,14,18,18,11,19,21,26,16,32,29,45,37,61,82,61,143
25.10.2012,Olympiacos,Zalgiris Kaunas,61,79,17,14,22,19,10,26,12,20,39,33,22,46,72,68,72,140
25.10.2012,Barcelona,Besiktas CT,72,60,20,18,16,16,17,12,19,14,36,34,36,26,70,62,70,132
25.10.2012,Chalon/Saone,Maccabi Tel Aviv,61,90,12,24,16,29,21,24,12,13,28,53,33,37,81,70,81,151
25.10.2012,Olimpia Milano,Baskonia,85,95,19,18,25,25,22,22,19,30,44,43,41,52,87,93,87,180
25.10.2012,Fenerbahce Ulker,Real Madrid,75,83,13,21,23,21,21,24,18,17,36,42,39,41,78,80,78,158
25.10.2012,Lietuvos Rytas,Partizan,69,61,23,20,17,11,15,17,14,13,40,31,29,30,71,59,71,130
25.10.2012,CSKA Moscow,Bamberg,76,67,25,20,11,15,15,18,25,14,36,35,40,32,71,72,71,143
19.10.2012,Petrol Olimpija,Fenerbahce Ulker,75,81,20,25,26,18,15,20,14,18,46,43,29,38,89,67,89,156
19.10.2012,Baskonia,Zalgiris Kaunas,71,77,25,23,10,17,16,17,20,20,35,40,36,37,75,73,75,148
19.10.2012,Anadolu Efes SK,Olympiacos,98,72,30,13,24,19,20,25,24,15,54,32,44,40,86,84,86,170
19.10.2012,Cedevita,Olimpia Milano,71,83,16,19,21,21,16,16,18,27,37,40,34,43,77,77,77,154
19.10.2012,Khimki,Real Madrid,86,85,25,18,17,17,27,20,17,30,42,35,44,50,77,94,77,171
18.10.2012,Maccabi Tel Aviv,Montepaschi Siena,70,68,14,20,17,13,22,19,17,16,31,33,39,35,64,74,64,138
18.10.2012,Panathinaikos,Cantu,78,76,23,17,21,26,17,12,17,21,44,43,34,33,87,67,87,154
18.10.2012,Alba Berlin,Chalon/Saone,74,71,24,25,12,15,15,19,23,12,36,40,38,31,76,69,76,145
18.10.2012,Partizan,CSKA Moscow,71,76,13,14,18,25,15,10,16,13,31,39,31,23,70,54,70,124
18.10.2012,Bamberg,Besiktas CT,71,86,19,24,12,23,11,20,29,19,31,47,40,39,78,79,78,157
18.10.2012,Lietuvos Rytas,Barcelona,49,67,8,13,17,14,11,20,13,20,25,27,24,40,52,64,52,116
17.10.2012,Asseco Gdynia,Unicaja,75,77,22,28,17,17,20,18,16,14,39,45,36,32,84,68,84,152
12.10.2012,Real Madrid,Panathinaikos,85,78,22,20,13,24,24,16,26,18,35,44,50,34,79,84,79,163
12.10.2012,Montepaschi Siena,Alba Berlin,82,92,25,25,14,17,20,27,23,23,39,42,43,50,81,93,81,174
12.10.2012,Olimpia Milano,Anadolu Efes SK,80,75,18,15,22,19,24,16,16,25,40,34,40,41,74,81,74,155
12.10.2012,Besiktas CT,Partizan,81,65,19,14,20,16,22,23,20,12,39,30,42,35,69,77,69,146
12.10.2012,Barcelona,Bamberg,72,60,26,9,17,17,21,18,8,16,43,26,29,34,69,63,69,132
11.10.2012,Cantu,Petrol Olimpija,71,84,17,20,23,21,13,18,18,25,40,41,31,43,81,74,81,155
11.10.2012,Fenerbahce Ulker,Khimki,92,80,25,25,21,11,16,18,30,26,46,36,46,44,82,90,82,172
11.10.2012,Unicaja,Maccabi Tel Aviv,80,85,20,25,16,22,27,18,17,20,36,47,44,38,83,82,83,165
11.10.2012,Chalon/Saone,Asseco Gdynia,81,74,11,12,22,16,24,20,24,26,33,28,48,46,61,94,61,155
13.05.2012,CSKA Moscow,Olympiacos,61,62,10,7,24,13,19,20,8,22,34,20,27,42,54,69,54,123
13.05.2012,Panathinaikos,Barcelona,69,74,20,21,17,27,15,10,17,16,37,48,32,26,85,58,85,143
11.05.2012,Olympiacos,Barcelona,68,64,17,11,16,18,17,18,18,17,33,29,35,35,62,70,62,132
11.05.2012,CSKA Moscow,Panathinaikos,66,64,15,29,17,5,19,21,15,9,32,34,34,30,66,64,66,130
05.04.2012,Panathinaikos,Maccabi Tel Aviv,86,85,18,20,23,12,21,21,24,32,41,32,45,53,73,98,73,171
30.03.2012,Olympiacos,Montepaschi Siena,76,69,21,21,17,18,16,16,22,14,38,39,38,30,77,68,77,145
30.03.2012,Bilbao Basket,CSKA Moscow,71,73,15,21,13,18,19,17,24,17,28,39,43,34,67,77,67,144
29.03.2012,Maccabi Tel Aviv,Panathinaikos,69,78,19,17,17,24,14,13,19,24,36,41,33,37,77,70,77,147
28.03.2012,Olympiacos,Montepaschi Siena,75,55,14,12,18,9,16,9,27,25,32,21,43,34,53,77,53,130
28.03.2012,Bilbao Basket,CSKA Moscow,94,81,25,24,22,16,24,17,23,24,47,40,47,41,87,88,87,175
27.03.2012,Maccabi Tel Aviv,Panathinaikos,65,62,24,13,17,15,9,16,15,18,41,28,24,34,69,58,69,127
27.03.2012,Unics Kazan,Barcelona,56,67,19,17,15,11,11,18,11,21,34,28,22,39,62,61,62,123
23.03.2012,Montepaschi Siena,Olympiacos,81,80,22,18,26,17,19,18,14,27,48,35,33,45,83,78,83,161
23.03.2012,CSKA Moscow,Bilbao Basket,79,60,26,15,15,21,17,16,21,8,41,36,38,24,77,62,77,139
22.03.2012,Barcelona,Unics Kazan,66,63,17,13,16,17,18,18,15,15,33,30,33,33,63,66,63,129
22.03.2012,Panathinaikos,Maccabi Tel Aviv,92,94,24,20,19,21,15,20,25,22,43,41,40,42,84,82,84,166
21.03.2012,Montepaschi Siena,Olympiacos,75,82,26,21,22,21,18,16,9,24,48,42,27,40,90,67,90,157
21.03.2012,CSKA Moscow,Bilbao Basket,98,71,27,26,23,14,34,11,14,20,50,40,48,31,90,79,90,169
20.03.2012,Panathinaikos,Maccabi Tel Aviv,93,73,28,18,27,16,24,18,14,21,55,34,38,39,89,77,89,166
20.03.2012,Barcelona,Unics Kazan,78,66,22,14,23,19,17,20,16,13,45,33,33,33,78,66,78,144
01.03.2012,Montepaschi Siena,Real Madrid,90,102,28,26,25,26,22,24,15,26,53,52,37,50,105,87,105,192
01.03.2012,Olympiacos,Galatasaray CC,88,81,24,14,19,21,24,23,21,23,43,35,45,46,78,91,78,169
01.03.2012,Unicaja,Bilbao Basket,55,59,16,15,6,9,14,18,19,17,22,24,33,35,46,68,46,114
01.03.2012,Anadolu Efes SK,CSKA Moscow,65,82,20,22,17,25,17,17,11,18,37,47,28,35,84,63,84,147
29.02.2012,Barcelona,Maccabi Tel Aviv,70,67,19,21,15,12,17,11,19,23,34,33,36,34,67,70,67,137
29.02.2012,Zalgiris Kaunas,Cantu,71,77,23,18,12,21,15,11,21,27,35,39,36,38,74,74,74,148
29.02.2012,Olimpia Milano,Fenerbahce Ulker,85,72,20,21,26,19,20,15,19,17,46,40,39,32,86,71,86,157
29.02.2012,Unics Kazan,Panathinaikos,63,68,21,22,17,18,10,12,15,16,38,40,25,28,78,53,78,131
23.02.2012,Panathinaikos,Olimpia Milano,58,67,11,16,21,18,14,19,12,14,32,34,26,33,66,59,66,125
23.02.2012,Cantu,Barcelona,62,63,18,18,15,17,17,17,12,11,33,35,29,28,68,57,68,125
23.02.2012,Real Madrid,Unicaja,86,65,14,22,27,19,18,12,27,12,41,41,45,24,82,69,82,151
23.02.2012,Maccabi Tel Aviv,Zalgiris Kaunas,70,66,11,25,22,12,11,12,26,17,33,37,37,29,70,66,70,136
23.02.2012,Fenerbahce Ulker,Unics Kazan,94,87,21,26,21,18,13,24,24,11,42,44,37,35,86,72,86,158
22.02.2012,Galatasaray CC,Anadolu Efes SK,64,56,20,13,19,19,11,13,14,11,39,32,25,24,71,49,71,120
22.02.2012,Bilbao Basket,Montepaschi Siena,60,59,7,8,14,14,18,17,21,20,21,22,39,37,43,76,43,119
22.02.2012,CSKA Moscow,Olympiacos,96,64,30,16,24,10,18,18,24,20,54,26,42,38,80,80,80,160
09.02.2012,Panathinaikos,Fenerbahce Ulker,72,62,24,13,16,14,18,16,14,19,40,27,32,35,67,67,67,134
09.02.2012,Maccabi Tel Aviv,Cantu,75,60,17,14,22,27,23,5,13,14,39,41,36,19,80,55,80,135
09.02.2012,Galatasaray CC,CSKA Moscow,68,64,15,13,16,23,24,18,13,10,31,36,37,28,67,65,67,132
09.02.2012,Zalgiris Kaunas,Barcelona,58,67,19,13,13,17,11,17,15,20,32,30,26,37,62,63,62,125
08.02.2012,Olimpia Milano,Unics Kazan,63,58,20,13,12,15,17,15,14,15,32,28,31,30,60,61,60,121
08.02.2012,Bilbao Basket,Real Madrid,93,69,34,14,18,12,20,25,21,18,52,26,41,43,78,84,78,162
08.02.2012,Montepaschi Siena,Unicaja,84,69,23,19,29,27,15,14,17,9,52,46,32,23,98,55,98,153
08.02.2012,Anadolu Efes SK,Olympiacos,65,67,9,16,23,21,10,11,23,19,32,37,33,30,69,63,69,132
02.02.2012,Barcelona,Zalgiris Kaunas,94,80,23,18,19,25,21,16,31,21,42,43,52,37,85,89,85,174
02.02.2012,Cantu,Maccabi Tel Aviv,82,74,23,20,26,24,17,16,16,14,49,44,33,30,93,63,93,156
02.02.2012,Unicaja,Montepaschi Siena,68,91,19,27,21,23,17,21,11,20,40,50,28,41,90,69,90,159
02.02.2012,Fenerbahce Ulker,Panathinaikos,56,77,9,24,13,12,21,22,13,19,22,36,34,41,58,75,58,133
02.02.2012,CSKA Moscow,Galatasaray CC,85,70,19,12,25,25,22,15,19,18,44,37,41,33,81,74,81,155
01.02.2012,Real Madrid,Bilbao Basket,89,73,26,16,24,20,19,19,20,18,50,36,39,37,86,76,86,162
01.02.2012,Olympiacos,Anadolu Efes SK,83,65,20,12,21,24,12,17,30,12,41,36,42,29,77,71,77,148
01.02.2012,Unics Kazan,Olimpia Milano,59,44,20,12,16,8,9,7,14,17,36,20,23,24,56,47,56,103
26.01.2012,Maccabi Tel Aviv,Barcelona,57,71,19,12,10,17,13,15,15,27,29,29,28,42,58,70,58,128
26.01.2012,Galatasaray CC,Olympiacos,78,77,15,15,27,13,15,19,12,22,42,28,27,41,70,68,70,138
25.01.2012,Cantu,Zalgiris Kaunas,79,78,21,17,11,19,17,23,30,19,32,36,47,42,68,89,68,157
25.01.2012,Panathinaikos,Unics Kazan,83,89,22,17,20,24,14,22,27,26,42,41,41,48,83,89,83,172
25.01.2012,Bilbao Basket,Unicaja,85,70,22,17,14,17,22,18,27,18,36,34,49,36,70,85,70,155
25.01.2012,Fenerbahce Ulker,Olimpia Milano,65,63,12,10,18,18,16,15,19,20,30,28,35,35,58,70,58,128
25.01.2012,Real Madrid,Montepaschi Siena,69,88,15,31,19,16,14,18,21,23,34,47,35,41,81,76,81,157
25.01.2012,CSKA Moscow,Anadolu Efes SK,96,68,23,21,25,15,26,17,22,15,48,36,48,32,84,80,84,164
19.01.2012,Barcelona,Cantu,65,60,15,18,13,12,21,19,16,11,28,30,37,30,58,67,58,125
19.01.2012,Olimpia Milano,Panathinaikos,57,78,10,24,13,19,10,15,24,20,23,43,34,35,66,69,66,135
19.01.2012,Unicaja,Real Madrid,80,81,20,15,19,22,19,25,22,19,39,37,41,44,76,85,76,161
19.01.2012,Anadolu Efes SK,Galatasaray CC,68,62,29,19,16,15,15,18,8,10,45,34,23,28,79,51,79,130
19.01.2012,Zalgiris Kaunas,Maccabi Tel Aviv,76,84,16,23,21,25,24,16,15,20,37,48,39,36,85,75,85,160
18.01.2012,Montepaschi Siena,Bilbao Basket,81,67,14,18,18,14,24,17,25,18,32,32,49,35,64,84,64,148
18.01.2012,Olympiacos,CSKA Moscow,78,86,21,22,23,18,14,22,20,24,44,40,34,46,84,80,84,164
18.01.2012,Unics Kazan,Fenerbahce Ulker,76,71,15,18,9,23,29,15,23,15,24,41,52,30,65,82,65,147
22.12.2011,Partizan,Olimpia Milano,66,72,18,14,18,15,14,22,16,21,36,29,30,43,65,73,65,138
22.12.2011,Spirou Charleroi,Maccabi Tel Aviv,69,86,16,22,18,16,15,30,20,18,34,38,35,48,72,83,72,155
22.12.2011,Bilbao Basket,Baskonia,77,72,20,20,20,14,18,18,19,20,40,34,37,38,74,75,74,149
22.12.2011,Cantu,Fenerbahce Ulker,76,83,16,17,15,14,24,24,21,28,31,31,45,52,62,97,62,159
22.12.2011,Nancy,Olympiacos,74,79,27,21,17,26,20,14,10,18,44,47,30,32,91,62,91,153
22.12.2011,Anadolu Efes SK,Real Madrid,66,75,21,15,22,21,13,21,10,18,43,36,23,39,79,62,79,141
21.12.2011,Asseco Gdynia,Montepaschi Siena,53,79,16,18,7,19,21,13,9,29,23,37,30,42,60,72,60,132
21.12.2011,Barcelona,Galatasaray CC,79,50,23,13,28,17,17,11,11,9,51,30,28,20,81,48,81,129
21.12.2011,Petrol Olimpija,Unics Kazan,63,76,11,25,18,16,12,13,22,22,29,41,34,35,70,69,70,139
21.12.2011,Panathinaikos,Bamberg,71,66,12,22,18,16,26,15,15,13,30,38,41,28,68,69,68,137
21.12.2011,Unicaja,CSKA Moscow,83,91,23,22,18,22,22,27,20,20,41,44,42,47,85,89,85,174
21.12.2011,Zalgiris Kaunas,Zagreb,87,76,28,18,18,11,20,21,21,26,46,29,41,47,75,88,75,163
15.12.2011,Maccabi Tel Aviv,Anadolu Efes SK,96,57,17,20,19,11,29,15,31,11,36,31,60,26,67,86,67,153
15.12.2011,Montepaschi Siena,Barcelona,77,74,23,20,13,15,11,24,30,15,36,35,41,39,71,80,71,151
15.12.2011,Bamberg,Zalgiris Kaunas,68,82,13,20,17,24,19,14,19,24,30,44,38,38,74,76,74,150
15.12.2011,Olympiacos,Cantu,86,61,18,12,20,17,25,15,23,17,38,29,48,32,67,80,67,147
15.12.2011,Fenerbahce Ulker,Bilbao Basket,70,80,14,25,19,19,17,23,20,13,33,44,37,36,77,73,77,150
15.12.2011,Unics Kazan,Asseco Gdynia,68,41,19,6,16,5,19,16,14,14,35,11,33,30,46,63,46,109
14.12.2011,Baskonia,Nancy,90,55,22,11,20,10,29,9,19,25,42,21,48,34,63,82,63,145
14.12.2011,Olimpia Milano,Spirou Charleroi,88,53,23,18,25,12,17,16,23,7,48,30,40,23,78,63,78,141
14.12.2011,Real Madrid,Partizan,101,83,27,15,25,22,24,19,25,27,52,37,49,46,89,95,89,184
14.12.2011,Zagreb,Unicaja,67,82,22,20,17,25,13,20,15,17,39,45,28,37,84,65,84,149
14.12.2011,Galatasaray CC,Petrol Olimpija,80,59,18,16,21,19,20,9,21,15,39,35,41,24,74,65,74,139
14.12.2011,CSKA Moscow,Panathinaikos,91,75,26,24,21,25,28,14,16,12,47,49,44,26,96,70,96,166
08.12.2011,Olympiacos,Baskonia,84,82,19,26,27,15,19,21,19,20,46,41,38,41,87,79,87,166
08.12.2011,Barcelona,Unics Kazan,63,50,21,15,12,13,14,15,16,7,33,28,30,22,61,52,61,113
08.12.2011,Real Madrid,Maccabi Tel Aviv,88,64,22,15,26,25,18,11,22,13,48,40,40,24,88,64,88,152
08.12.2011,Spirou Charleroi,Partizan,84,79,13,18,24,20,32,23,15,18,37,38,47,41,75,88,75,163
08.12.2011,Galatasaray CC,Montepaschi Siena,63,67,18,19,15,13,10,18,20,17,33,32,30,35,65,65,65,130
08.12.2011,Unicaja,Bamberg,79,90,23,24,17,22,21,21,18,23,40,46,39,44,86,83,86,169
07.12.2011,Nancy,Fenerbahce Ulker,53,73,15,22,10,10,15,17,13,24,25,32,28,41,57,69,57,126
07.12.2011,Asseco Gdynia,Petrol Olimpija,67,52,13,15,14,15,23,3,17,19,27,30,40,22,57,62,57,119
07.12.2011,Bilbao Basket,Cantu,64,67,14,17,13,23,20,14,17,13,27,40,37,27,67,64,67,131
07.12.2011,Anadolu Efes SK,Olimpia Milano,84,70,22,13,23,14,21,25,18,18,45,27,39,43,72,82,72,154
07.12.2011,Zalgiris Kaunas,Panathinaikos,59,94,14,15,5,26,19,24,21,29,19,41,40,53,60,93,60,153
07.12.2011,CSKA Moscow,Zagreb,87,74,18,23,25,11,17,24,27,16,43,34,44,40,77,84,77,161
01.12.2011,Asseco Gdynia,Barcelona,45,76,14,14,12,22,4,23,15,17,26,36,19,40,62,59,62,121
01.12.2011,Cantu,Baskonia,71,68,12,21,23,9,17,6,19,32,35,30,36,38,65,74,65,139
01.12.2011,Olimpia Milano,Real Madrid,65,72,15,20,15,16,17,17,18,19,30,36,35,36,66,71,66,137
01.12.2011,Partizan,Maccabi Tel Aviv,74,71,24,17,15,20,15,11,20,23,39,37,35,34,76,69,76,145
01.12.2011,Fenerbahce Ulker,Olympiacos,86,70,16,17,26,19,17,20,27,14,42,36,44,34,78,78,78,156
01.12.2011,Petrol Olimpija,Montepaschi Siena,57,63,15,21,18,16,16,16,8,10,33,37,24,26,70,50,70,120
01.12.2011,Unics Kazan,Galatasaray CC,72,61,21,23,14,11,22,15,15,12,35,34,37,27,69,64,69,133
30.11.2011,Bilbao Basket,Nancy,97,75,22,22,18,17,29,23,28,13,40,39,57,36,79,93,79,172
30.11.2011,Panathinaikos,Zagreb,94,76,24,22,24,27,23,13,23,14,48,49,46,27,97,73,97,170
30.11.2011,Bamberg,CSKA Moscow,78,81,18,25,19,19,25,23,16,14,37,44,41,37,81,78,81,159
30.11.2011,Spirou Charleroi,Anadolu Efes SK,62,66,14,18,8,19,21,15,19,14,22,37,40,29,59,69,59,128
30.11.2011,Zalgiris Kaunas,Unicaja,67,65,19,11,16,13,15,18,17,23,35,24,32,41,59,73,59,132
24.11.2011,Zagreb,Bamberg,86,74,21,20,15,14,26,24,24,16,36,34,50,40,70,90,70,160
24.11.2011,Barcelona,Petrol Olimpija,72,46,23,16,17,10,23,6,9,14,40,26,32,20,66,52,66,118
24.11.2011,Baskonia,Fenerbahce Ulker,90,85,16,14,22,28,16,18,19,13,38,42,35,31,80,66,80,146
24.11.2011,Nancy,Cantu,76,75,16,20,29,13,11,29,20,13,45,33,31,42,78,73,78,151
24.11.2011,Unicaja,Panathinaikos,76,77,17,27,26,18,14,13,19,19,43,45,33,32,88,65,88,153
24.11.2011,Maccabi Tel Aviv,Olimpia Milano,85,76,25,14,27,24,15,24,18,14,52,38,33,38,90,71,90,161
24.11.2011,Galatasaray CC,Asseco Gdynia,78,76,12,14,22,17,12,26,24,13,34,31,36,39,65,75,65,140
24.11.2011,Real Madrid,Spirou Charleroi,93,89,21,27,27,19,22,23,23,20,48,46,45,43,94,88,94,182
23.11.2011,Montepaschi Siena,Unics Kazan,73,79,16,21,25,20,20,16,12,22,41,41,32,38,82,70,82,152
23.11.2011,Anadolu Efes SK,Partizan,67,58,15,17,15,11,19,8,18,22,30,28,37,30,58,67,58,125
23.11.2011,Olympiacos,Bilbao Basket,88,81,27,24,18,18,15,19,28,20,45,42,43,39,87,82,87,169
23.11.2011,CSKA Moscow,Zalgiris Kaunas,95,82,24,25,27,20,22,21,22,16,51,45,44,37,96,81,96,177
17.11.2011,Bamberg,Panathinaikos,79,76,16,19,21,21,23,19,19,17,37,40,42,36,77,78,77,155
17.11.2011,Olimpia Milano,Partizan,65,69,12,14,19,5,25,20,9,30,31,19,34,50,50,84,50,134
17.11.2011,Real Madrid,Anadolu Efes SK,104,84,24,18,26,18,31,26,23,22,50,36,54,48,86,102,86,188
17.11.2011,Maccabi Tel Aviv,Spirou Charleroi,69,59,22,11,13,24,15,19,19,5,35,35,34,24,70,58,70,128
17.11.2011,Montepaschi Siena,Asseco Gdynia,84,73,16,15,16,16,33,20,19,22,32,31,52,42,63,94,63,157
17.11.2011,Galatasaray CC,Barcelona,66,70,19,19,10,25,19,17,18,9,29,44,37,26,73,63,73,136
17.11.2011,Unics Kazan,Petrol Olimpija,81,51,18,20,21,14,22,5,20,12,39,34,42,17,73,59,73,132
16.11.2011,Olympiacos,Nancy,91,78,30,22,10,14,27,16,24,26,40,36,51,42,76,93,76,169
16.11.2011,Zagreb,Zalgiris Kaunas,80,78,21,20,19,16,17,24,23,18,40,36,40,42,76,82,76,158
16.11.2011,Baskonia,Bilbao Basket,84,89,17,25,19,16,26,25,22,23,36,41,48,48,77,96,77,173
16.11.2011,Fenerbahce Ulker,Cantu,85,83,17,19,15,16,24,17,17,21,32,35,41,38,67,79,67,146
16.11.2011,CSKA Moscow,Unicaja,77,66,12,14,22,15,28,12,15,25,34,29,43,37,63,80,63,143
10.11.2011,Panathinaikos,CSKA Moscow,76,78,22,19,19,13,16,22,14,17,41,32,30,39,73,69,73,142
10.11.2011,Barcelona,Montepaschi Siena,92,75,24,12,16,16,23,22,29,25,40,28,52,47,68,99,68,167
10.11.2011,Nancy,Baskonia,90,85,28,20,21,27,21,17,20,21,49,47,41,38,96,79,96,175
10.11.2011,Partizan,Real Madrid,80,79,22,16,23,24,12,21,23,18,45,40,35,39,85,74,85,159
10.11.2011,Spirou Charleroi,Olimpia Milano,76,81,11,14,23,16,24,23,18,28,34,30,42,51,64,93,64,157
10.11.2011,Anadolu Efes SK,Maccabi Tel Aviv,72,79,13,14,22,24,18,21,19,20,35,38,37,41,73,78,73,151
10.11.2011,Zalgiris Kaunas,Bamberg,81,70,28,21,18,22,14,10,21,17,46,43,35,27,89,62,89,151
09.11.2011,Asseco Gdynia,Unics Kazan,68,72,12,17,18,12,16,16,22,27,30,29,38,43,59,81,59,140
09.11.2011,Bilbao Basket,Fenerbahce Ulker,70,73,21,26,15,6,22,21,12,20,36,32,34,41,68,75,68,143
09.11.2011,Cantu,Olympiacos,64,63,12,16,19,18,14,15,19,14,31,34,33,29,65,62,65,127
09.11.2011,Unicaja,Zagreb,99,85,19,27,30,14,24,16,26,28,49,41,50,44,90,94,90,184
09.11.2011,Petrol Olimpija,Galatasaray CC,70,79,23,27,14,17,19,13,14,22,37,44,33,35,81,68,81,149
04.11.2011,Panathinaikos,Zalgiris Kaunas,92,75,25,21,13,21,26,13,28,20,38,42,54,33,80,87,80,167
03.11.2011,Bamberg,Unicaja,78,79,27,22,11,20,23,21,17,16,38,42,40,37,80,77,80,157
03.11.2011,Cantu,Bilbao Basket,78,69,18,15,24,16,18,19,18,19,42,31,36,38,73,74,73,147
03.11.2011,Maccabi Tel Aviv,Real Madrid,88,82,21,21,25,20,28,21,14,20,46,41,42,41,87,83,87,170
03.11.2011,Olimpia Milano,Anadolu Efes SK,54,62,9,22,12,11,15,14,18,15,21,33,33,29,54,62,54,116
03.11.2011,Partizan,Spirou Charleroi,91,81,22,17,30,27,21,26,18,11,52,44,39,37,96,76,96,172
03.11.2011,Fenerbahce Ulker,Nancy,90,86,23,17,32,17,15,27,20,25,55,34,35,52,89,87,89,176
03.11.2011,Unics Kazan,Barcelona,65,93,14,23,18,21,16,25,17,24,32,44,33,49,76,82,76,158
02.11.2011,Montepaschi Siena,Galatasaray CC,103,77,30,16,20,21,26,17,27,23,50,37,53,40,87,93,87,180
02.11.2011,Petrol Olimpija,Asseco Gdynia,70,62,25,16,15,17,18,14,12,15,40,33,30,29,73,59,73,132
02.11.2011,Zagreb,CSKA Moscow,47,89,13,22,11,23,11,21,12,23,24,45,23,44,69,67,69,136
02.11.2011,Baskonia,Olympiacos,81,79,13,22,19,18,28,26,21,13,32,40,49,39,72,88,72,160
27.10.2011,Maccabi Tel Aviv,Partizan,70,66,19,12,22,17,15,11,14,26,41,29,29,37,70,66,70,136
27.10.2011,Barcelona,Asseco Gdynia,88,61,23,18,24,18,17,10,24,15,47,36,41,25,83,66,83,149
27.10.2011,Nancy,Bilbao Basket,87,73,17,18,21,20,23,20,26,15,38,38,49,35,76,84,76,160
27.10.2011,Olympiacos,Fenerbahce Ulker,81,74,12,14,14,23,27,17,28,20,26,37,55,37,63,92,63,155
27.10.2011,Real Madrid,Olimpia Milano,85,78,14,18,22,21,27,23,22,16,36,39,49,39,75,88,75,163
27.10.2011,Montepaschi Siena,Petrol Olimpija,79,57,26,4,12,25,23,11,18,17,38,29,41,28,67,69,67,136
27.10.2011,Galatasaray CC,Unics Kazan,64,68,21,12,14,16,15,17,14,23,35,28,29,40,63,69,63,132
26.10.2011,Baskonia,Cantu,81,69,26,27,18,17,17,15,20,10,44,44,37,25,88,62,88,150
26.10.2011,Anadolu Efes SK,Spirou Charleroi,79,80,15,24,17,14,24,22,23,20,32,38,47,42,70,89,70,159
26.10.2011,Zagreb,Panathinaikos,62,81,14,24,8,21,11,16,29,20,22,45,40,36,67,76,67,143
26.10.2011,CSKA Moscow,Bamberg,94,74,24,14,23,16,24,22,23,22,47,30,47,44,77,91,77,168
25.10.2011,Unicaja,Zalgiris Kaunas,85,78,22,19,8,20,19,13,18,15,30,39,37,28,69,65,69,134
21.10.2011,Bilbao Basket,Olympiacos,76,61,18,11,19,20,23,18,16,12,37,31,39,30,68,69,68,137
20.10.2011,Bamberg,Zagreb,96,65,26,16,26,14,28,20,16,15,52,30,44,35,82,79,82,161
20.10.2011,Olimpia Milano,Maccabi Tel Aviv,89,82,14,19,27,19,24,14,24,30,41,38,48,44,79,92,79,171
20.10.2011,Panathinaikos,Unicaja,98,77,25,16,27,33,25,12,21,16,52,49,46,28,101,74,101,175
20.10.2011,Petrol Olimpija,Barcelona,64,86,19,24,11,17,21,20,13,25,30,41,34,45,71,79,71,150
20.10.2011,Spirou Charleroi,Real Madrid,76,100,16,23,21,22,18,26,21,29,37,45,39,55,82,94,82,176
20.10.2011,Partizan,Anadolu Efes SK,73,84,28,27,17,21,6,20,22,16,45,48,28,36,93,64,93,157
19.10.2011,Asseco Gdynia,Galatasaray CC,72,76,19,21,18,11,11,27,24,17,37,32,35,44,69,79,69,148
19.10.2011,Cantu,Nancy,80,69,17,21,27,23,13,8,23,17,44,44,36,25,88,61,88,149
19.10.2011,Fenerbahce Ulker,Baskonia,66,69,20,12,16,22,12,19,18,16,36,34,30,35,70,65,70,135
19.10.2011,Unics Kazan,Montepaschi Siena,71,79,24,20,20,23,11,21,16,15,44,43,27,36,87,63,87,150
17.10.2011,Zalgiris Kaunas,CSKA Moscow,74,87,16,25,15,19,21,23,22,20,31,44,43,43,75,86,75,161
02.10.2011,Spirou Charleroi,CEZ Nymburk,79,53,15,13,19,8,20,15,25,17,34,21,45,32,55,77,55,132
02.10.2011,Lietuvos Rytas,Galatasaray CC,63,71,21,13,7,17,12,22,23,19,28,30,35,41,58,76,58,134
01.10.2011,Khimki,CEZ Nymburk,79,86,5,21,17,28,28,9,29,28,22,49,57,37,71,94,71,165
01.10.2011,Galatasaray CC,ASVEL,93,83,28,23,24,28,17,15,24,17,52,51,41,32,103,73,103,176
01.10.2011,Alba Berlin,Spirou Charleroi,63,74,16,24,16,12,14,17,17,21,32,36,31,38,68,69,68,137
01.10.2011,Cibona,Lietuvos Rytas,71,88,17,24,24,17,17,28,13,19,41,41,30,47,82,77,82,159
30.09.2011,CEZ Nymburk,Banvitspor,69,57,19,12,15,9,19,19,16,17,34,21,35,36,55,71,55,126
30.09.2011,ASVEL,Gravelines Dunkerque,80,72,19,14,14,19,27,19,20,20,33,33,47,39,66,86,66,152
30.09.2011,Khimki,PGE Turow Zgorzelec,74,67,15,13,16,16,27,16,16,22,31,29,43,38,60,81,60,141
30.09.2011,PAOK,Galatasaray CC,64,77,18,15,14,19,19,26,13,17,32,34,32,43,66,75,66,141
29.09.2011,Spirou Charleroi,Donetsk,61,59,10,14,11,14,19,15,21,16,21,28,40,31,49,71,49,120
29.09.2011,Lietuvos Rytas,Buducnost,83,64,21,22,19,10,16,17,27,15,40,32,43,32,72,75,72,147
08.05.2011,Maccabi Tel Aviv,Panathinaikos,70,78,15,22,15,11,13,21,27,24,30,33,40,45,63,85,63,148
08.05.2011,Real Madrid,Montepaschi Siena,62,80,11,19,21,17,13,21,17,23,32,36,30,44,68,74,68,142
06.05.2011,Maccabi Tel Aviv,Real Madrid,82,63,14,12,18,17,23,18,27,16,32,29,50,34,61,84,61,145
06.05.2011,Panathinaikos,Montepaschi Siena,77,69,17,21,23,15,16,11,21,22,40,36,37,33,76,70,76,146
07.04.2011,Real Madrid,Valencia,66,58,11,17,29,25,18,9,8,7,40,42,26,16,82,42,82,124
31.03.2011,Montepaschi Siena,Olympiacos,88,76,29,18,21,18,18,25,20,15,50,36,38,40,86,78,86,164
31.03.2011,Maccabi Tel Aviv,Baskonia,99,77,25,23,26,29,28,10,20,15,51,52,48,25,103,73,103,176
31.03.2011,Panathinaikos,Barcelona,78,67,16,12,18,21,22,14,22,20,34,33,44,34,67,78,67,145
31.03.2011,Valencia,Real Madrid,81,72,17,14,23,24,19,17,22,17,40,38,41,34,78,75,78,153
29.03.2011,Maccabi Tel Aviv,Baskonia,81,60,24,23,17,7,28,15,12,15,41,30,40,30,71,70,71,141
29.03.2011,Panathinaikos,Barcelona,76,74,16,13,17,16,22,20,21,25,33,29,43,45,62,88,62,150
29.03.2011,Valencia,Real Madrid,66,75,19,17,15,14,17,17,15,27,34,31,32,44,65,76,65,141
29.03.2011,Montepaschi Siena,Olympiacos,81,72,21,14,18,23,21,13,21,22,39,37,42,35,76,77,76,153
24.03.2011,Barcelona,Panathinaikos,71,75,17,10,21,18,19,28,14,19,38,28,33,47,66,80,66,146
24.03.2011,Olympiacos,Montepaschi Siena,65,82,12,20,19,19,20,22,14,21,31,39,34,43,70,77,70,147
24.03.2011,Real Madrid,Valencia,75,81,19,17,19,18,16,24,21,22,38,35,37,46,73,83,73,156
24.03.2011,Baskonia,Maccabi Tel Aviv,81,83,22,19,24,19,20,27,15,18,46,38,35,45,84,80,84,164
22.03.2011,Barcelona,Panathinaikos,83,82,14,14,23,21,20,25,26,22,37,35,46,47,72,93,72,165
22.03.2011,Real Madrid,Valencia,71,65,20,18,13,14,19,21,19,12,33,32,38,33,65,71,65,136
22.03.2011,Baskonia,Maccabi Tel Aviv,76,70,26,14,20,18,15,23,15,15,46,32,30,38,78,68,78,146
22.03.2011,Olympiacos,Montepaschi Siena,89,41,24,4,23,5,14,13,28,19,47,9,42,32,56,74,56,130
03.03.2011,Barcelona,Petrol Olimpija,76,58,21,19,14,12,16,13,25,14,35,31,41,27,66,68,66,134
03.03.2011,Lietuvos Rytas,Baskonia,68,77,16,27,23,13,16,18,13,19,39,40,29,37,79,66,79,145
03.03.2011,Unicaja,Panathinaikos,61,77,18,23,15,15,8,15,20,24,33,38,28,39,71,67,71,138
03.03.2011,Virtus Roma,Maccabi Tel Aviv,82,69,21,17,21,25,18,6,22,21,42,42,40,27,84,67,84,151
03.03.2011,Anadolu Efes SK,Partizan,65,67,12,21,22,16,13,12,18,18,34,37,31,30,71,61,71,132
03.03.2011,Olympiacos,Zalgiris Kaunas,78,64,19,20,22,14,17,15,20,15,41,34,37,30,75,67,75,142
03.03.2011,Real Madrid,Montepaschi Siena,77,95,19,26,13,29,19,23,26,17,32,55,45,40,87,85,87,172
03.03.2011,Valencia,Fenerbahce Ulker,82,68,15,15,24,17,20,20,23,16,39,32,43,36,71,79,71,150
24.02.2011,Montepaschi Siena,Anadolu Efes SK,88,76,25,23,24,24,21,11,18,18,49,47,39,29,96,68,96,164
24.02.2011,Partizan,Real Madrid,56,61,12,15,6,18,18,11,20,17,18,33,38,28,51,66,51,117
24.02.2011,Baskonia,Unicaja,78,63,24,14,16,17,18,18,20,14,40,31,38,32,71,70,71,141
24.02.2011,Maccabi Tel Aviv,Barcelona,85,92,24,16,15,14,21,24,13,19,39,30,34,43,69,77,69,146
24.02.2011,Fenerbahce Ulker,Olympiacos,65,80,18,20,18,14,19,20,10,26,36,34,29,46,70,75,70,145
24.02.2011,Zalgiris Kaunas,Valencia,74,80,17,18,20,17,17,23,20,22,37,35,37,45,72,82,72,154
23.02.2011,Petrol Olimpija,Virtus Roma,76,87,14,20,27,17,14,28,21,22,41,37,35,50,78,85,78,163
23.02.2011,Panathinaikos,Lietuvos Rytas,67,68,20,23,19,11,14,14,14,20,39,34,28,34,73,62,73,135
17.02.2011,Petrol Olimpija,Maccabi Tel Aviv,62,83,19,22,22,11,8,23,13,27,41,33,21,50,74,71,74,145
17.02.2011,Valencia,Olympiacos,79,85,17,20,20,17,18,16,24,32,37,37,42,48,74,90,74,164
17.02.2011,Virtus Roma,Barcelona,65,74,14,14,13,11,24,21,14,28,27,25,38,49,52,87,52,139
17.02.2011,Anadolu Efes SK,Real Madrid,60,77,12,13,12,22,13,21,23,21,24,35,36,42,59,78,59,137
17.02.2011,Lietuvos Rytas,Unicaja,70,65,17,17,22,18,14,13,17,17,39,35,31,30,74,61,74,135
17.02.2011,Panathinaikos,Baskonia,76,74,21,18,19,21,19,11,17,24,40,39,36,35,79,71,79,150
16.02.2011,Montepaschi Siena,Partizan,77,74,12,20,26,17,15,16,24,21,38,37,39,37,75,76,75,151
16.02.2011,Zalgiris Kaunas,Fenerbahce Ulker,85,84,15,11,15,20,19,18,20,20,30,31,39,38,61,77,61,138
03.02.2011,Barcelona,Virtus Roma,80,56,21,17,24,19,16,9,19,11,45,36,35,20,81,55,81,136
03.02.2011,Partizan,Montepaschi Siena,58,66,15,19,11,12,15,19,17,16,26,31,32,35,57,67,57,124
03.02.2011,Real Madrid,Anadolu Efes SK,89,86,18,19,22,27,25,19,14,14,40,46,39,33,86,72,86,158
03.02.2011,Unicaja,Lietuvos Rytas,98,91,18,23,27,29,17,18,36,21,45,52,53,39,97,92,97,189
03.02.2011,Baskonia,Panathinaikos,77,70,19,18,17,15,23,16,18,21,36,33,41,37,69,78,69,147
03.02.2011,Maccabi Tel Aviv,Petrol Olimpija,104,67,28,10,21,16,22,23,33,18,49,26,55,41,75,96,75,171
02.02.2011,Olympiacos,Valencia,77,62,18,12,20,12,19,18,20,20,38,24,39,38,62,77,62,139
02.02.2011,Fenerbahce Ulker,Zalgiris Kaunas,80,72,22,19,19,22,17,13,22,18,41,41,39,31,82,70,82,152
27.01.2011,Fenerbahce Ulker,Valencia,75,73,21,20,16,13,17,19,21,21,37,33,38,40,70,78,70,148
27.01.2011,Panathinaikos,Unicaja,82,56,26,13,19,12,23,14,14,17,45,25,37,31,70,68,70,138
27.01.2011,Petrol Olimpija,Barcelona,67,68,11,19,15,17,28,16,13,16,26,36,41,32,62,73,62,135
27.01.2011,Maccabi Tel Aviv,Virtus Roma,99,58,30,18,27,13,18,13,24,14,57,31,42,27,88,69,88,157
26.01.2011,Baskonia,Lietuvos Rytas,86,89,17,26,23,11,16,18,30,34,40,37,46,52,77,98,77,175
26.01.2011,Montepaschi Siena,Real Madrid,68,78,20,13,20,15,22,24,6,26,40,28,28,50,68,78,68,146
26.01.2011,Partizan,Anadolu Efes SK,76,79,21,19,13,21,18,19,24,20,34,40,42,39,74,81,74,155
26.01.2011,Zalgiris Kaunas,Olympiacos,64,71,16,23,6,17,21,16,21,15,22,40,42,31,62,73,62,135
20.01.2011,Virtus Roma,Petrol Olimpija,63,64,19,18,16,15,14,14,14,17,35,33,28,31,68,59,68,127
20.01.2011,Barcelona,Maccabi Tel Aviv,81,71,21,16,20,21,22,16,18,18,41,37,40,34,78,74,78,152
20.01.2011,Olympiacos,Fenerbahce Ulker,70,84,18,16,15,17,25,22,12,29,33,33,37,51,66,88,66,154
20.01.2011,Unicaja,Baskonia,71,76,19,21,16,20,18,17,18,18,35,41,36,35,76,71,76,147
19.01.2011,Real Madrid,Partizan,78,58,17,18,26,9,15,13,20,18,43,27,35,31,70,66,70,136
19.01.2011,Valencia,Zalgiris Kaunas,73,59,20,21,19,10,15,19,19,9,39,31,34,28,70,62,70,132
19.01.2011,Anadolu Efes SK,Montepaschi Siena,60,58,18,17,11,10,18,13,13,18,29,27,31,31,56,62,56,118
19.01.2011,Lietuvos Rytas,Panathinaikos,59,80,21,18,12,11,8,24,18,27,33,29,26,51,62,77,62,139
23.12.2010,Barcelona,Montepaschi Siena,73,72,13,17,18,20,25,18,17,17,31,37,42,35,68,77,68,145
23.12.2010,Baskonia,Partizan,87,71,21,16,20,14,28,19,18,22,41,30,46,41,71,87,71,158
23.12.2010,Cibona,Lietuvos Rytas,77,94,20,21,17,23,27,23,13,27,37,44,40,50,81,90,81,171
23.12.2010,Fenerbahce Ulker,Cholet,93,61,16,16,22,14,21,13,34,18,38,30,55,31,68,86,68,154
23.12.2010,Olympiacos,Virtus Roma,89,82,22,22,23,17,19,14,25,29,45,39,44,43,84,87,84,171
23.12.2010,Unicaja,Bamberg,70,72,26,16,14,16,13,11,17,29,40,32,30,40,72,70,72,142
23.12.2010,Asseco Gdynia,Maccabi Tel Aviv,72,83,11,25,18,27,28,15,15,16,29,52,43,31,81,74,81,155
23.12.2010,Khimki,Zalgiris Kaunas,93,89,22,23,20,25,19,15,20,18,42,48,39,33,90,72,90,162
22.12.2010,CSKA Moscow,Anadolu Efes SK,78,69,22,17,15,8,21,22,20,22,37,25,41,44,62,85,62,147
22.12.2010,Panathinaikos,Olimpia Milano,93,62,24,15,22,17,21,14,26,16,46,32,47,30,78,77,78,155
22.12.2010,Valencia,Petrol Olimpija,78,77,29,17,7,21,18,16,24,23,36,38,42,39,74,81,74,155
16.12.2010,Montepaschi Siena,Fenerbahce Ulker,94,65,27,14,22,16,23,19,22,16,49,30,45,35,79,80,79,159
16.12.2010,Olimpia Milano,Valencia,60,75,11,14,16,18,16,24,17,19,27,32,33,43,59,76,59,135
16.12.2010,Maccabi Tel Aviv,Khimki,80,76,18,15,12,22,29,18,21,21,30,37,50,39,67,89,67,156
16.12.2010,Lietuvos Rytas,Barcelona,88,87,19,13,21,21,20,21,28,32,40,34,48,53,74,101,74,175
15.12.2010,Bamberg,Real Madrid,82,75,20,17,17,14,25,20,20,24,37,31,45,44,68,89,68,157
15.12.2010,Partizan,Asseco Gdynia,61,59,15,8,12,18,12,15,22,18,27,26,34,33,53,67,53,120
15.12.2010,Petrol Olimpija,CSKA Moscow,81,72,19,15,26,17,12,24,24,16,45,32,36,40,77,76,77,153
15.12.2010,Virtus Roma,Unicaja,81,75,20,15,22,25,20,20,19,15,42,40,39,35,82,74,82,156
15.12.2010,Cholet,Cibona,81,65,22,15,16,18,21,19,22,13,38,33,43,32,71,75,71,146
15.12.2010,Anadolu Efes SK,Panathinaikos,79,78,21,7,21,17,17,32,20,22,42,24,37,54,66,91,66,157
15.12.2010,Zalgiris Kaunas,Baskonia,89,95,16,27,17,25,27,18,20,10,33,52,47,28,85,75,85,160
13.12.2010,Spirou Charleroi,Olympiacos,67,80,14,25,20,17,16,19,17,19,34,42,33,38,76,71,76,147
09.12.2010,Baskonia,Khimki,89,81,27,20,20,17,25,18,17,26,47,37,42,44,84,86,84,170
09.12.2010,Real Madrid,Virtus Roma,72,50,14,11,16,11,24,17,18,11,30,22,42,28,52,70,52,122
09.12.2010,Unicaja,Olympiacos,76,74,17,17,25,20,20,13,14,24,42,37,34,37,79,71,79,150
09.12.2010,Asseco Gdynia,Zalgiris Kaunas,69,72,13,20,21,13,15,16,20,23,34,33,35,39,67,74,67,141
09.12.2010,Maccabi Tel Aviv,Partizan,76,62,23,11,19,13,18,16,16,22,42,24,34,38,66,72,66,138
09.12.2010,Fenerbahce Ulker,Barcelona,69,75,14,21,14,19,23,16,18,19,28,40,41,35,68,76,68,144
09.12.2010,Panathinaikos,Petrol Olimpija,95,88,23,17,14,16,13,21,29,25,37,33,42,46,70,88,70,158
09.12.2010,Lietuvos Rytas,Cholet,92,80,28,20,22,21,22,21,20,18,50,41,42,39,91,81,91,172
08.12.2010,Olimpia Milano,Anadolu Efes SK,84,70,20,18,17,15,26,19,21,18,37,33,47,37,70,84,70,154
08.12.2010,Spirou Charleroi,Bamberg,75,61,16,20,19,19,19,10,21,12,35,39,40,22,74,62,74,136
08.12.2010,Cibona,Montepaschi Siena,66,82,15,15,11,23,19,21,21,23,26,38,40,44,64,84,64,148
08.12.2010,CSKA Moscow,Valencia,73,63,20,12,14,18,14,19,25,14,34,30,39,33,64,72,64,136
02.12.2010,Barcelona,Cholet,76,62,18,20,26,8,17,16,15,18,44,28,32,34,72,66,72,138
02.12.2010,Olympiacos,Bamberg,86,69,18,18,30,16,18,17,20,18,48,34,38,35,82,73,82,155
02.12.2010,Petrol Olimpija,Olimpia Milano,82,75,21,9,21,23,9,25,31,18,42,32,40,43,74,83,74,157
02.12.2010,Unicaja,Real Madrid,75,71,16,20,17,19,14,16,28,16,33,39,42,32,72,74,72,146
02.12.2010,Valencia,Anadolu Efes SK,62,56,14,9,10,19,19,20,19,8,24,28,38,28,52,66,52,118
02.12.2010,Zalgiris Kaunas,Maccabi Tel Aviv,68,71,21,18,13,17,22,18,12,18,34,35,34,36,69,70,69,139
01.12.2010,Montepaschi Siena,Lietuvos Rytas,90,72,31,16,17,17,20,18,22,21,48,33,42,39,81,81,81,162
01.12.2010,Baskonia,Asseco Gdynia,75,81,24,20,15,14,17,21,19,26,39,34,36,47,73,83,73,156
01.12.2010,Fenerbahce Ulker,Cibona,100,70,30,13,19,16,25,22,26,19,49,29,51,41,78,92,78,170
01.12.2010,CSKA Moscow,Panathinaikos,68,72,18,23,17,18,16,19,17,12,35,41,33,31,76,64,76,140
01.12.2010,Khimki,Partizan,92,65,26,13,24,24,19,14,23,14,50,37,42,28,87,70,87,157
25.11.2010,Maccabi Tel Aviv,Baskonia,81,70,21,15,17,17,17,19,26,19,38,32,43,38,70,81,70,151
25.11.2010,Partizan,Zalgiris Kaunas,68,62,23,14,21,15,10,14,14,19,44,29,24,33,73,57,73,130
25.11.2010,Real Madrid,Olympiacos,82,68,24,14,18,20,16,16,24,18,42,34,40,34,76,74,76,150
25.11.2010,Spirou Charleroi,Unicaja,79,74,19,16,22,19,15,22,23,17,41,35,38,39,76,77,76,153
25.11.2010,Bamberg,Virtus Roma,67,68,9,19,21,12,21,22,16,15,30,31,37,37,61,74,61,135
25.11.2010,Anadolu Efes SK,Petrol Olimpija,84,78,22,16,14,19,16,19,32,24,36,35,48,43,71,91,71,162
25.11.2010,Panathinaikos,Valencia,69,73,22,22,17,15,18,11,12,25,39,37,30,36,76,66,76,142
25.11.2010,Cibona,Barcelona,75,94,13,24,23,20,21,27,18,23,36,44,39,50,80,89,80,169
24.11.2010,Olimpia Milano,CSKA Moscow,71,65,11,16,20,12,17,17,23,20,31,28,40,37,59,77,59,136
24.11.2010,Cholet,Montepaschi Siena,61,70,18,14,17,19,12,14,14,23,35,33,26,37,68,63,68,131
24.11.2010,Asseco Gdynia,Khimki,71,67,12,12,20,24,16,12,23,19,32,36,39,31,68,70,68,138
24.11.2010,Lietuvos Rytas,Fenerbahce Ulker,75,81,13,18,23,22,14,25,25,16,36,40,39,41,76,80,76,156
18.11.2010,Anadolu Efes SK,CSKA Moscow,86,72,26,16,22,19,15,25,23,12,48,35,38,37,83,75,83,158
18.11.2010,Olimpia Milano,Panathinaikos,71,81,21,25,13,21,21,19,16,16,34,46,37,35,80,72,80,152
18.11.2010,Bamberg,Unicaja,65,69,20,18,17,15,14,10,14,26,37,33,28,36,70,64,70,134
18.11.2010,Maccabi Tel Aviv,Asseco Gdynia,99,58,29,19,19,12,22,16,29,11,48,31,51,27,79,78,79,157
18.11.2010,Zalgiris Kaunas,Khimki,73,65,22,19,16,14,16,21,19,11,38,33,35,32,71,67,71,138
17.11.2010,Montepaschi Siena,Barcelona,76,67,26,23,17,17,21,15,12,12,43,40,33,27,83,60,83,143
17.11.2010,Partizan,Baskonia,74,71,18,25,24,13,14,18,18,15,42,38,32,33,80,65,80,145
17.11.2010,Petrol Olimpija,Valencia,72,68,13,21,22,11,19,18,18,18,35,32,37,36,67,73,67,140
17.11.2010,Cholet,Fenerbahce Ulker,82,78,20,24,21,10,19,18,22,26,41,34,41,44,75,85,75,160
17.11.2010,Virtus Roma,Olympiacos,71,86,18,24,22,29,15,15,16,18,40,53,31,33,93,64,93,157
17.11.2010,Spirou Charleroi,Real Madrid,67,49,15,12,18,13,19,12,15,12,33,25,34,24,58,58,58,116
17.11.2010,Lietuvos Rytas,Cibona,90,62,23,12,15,17,23,9,29,24,38,29,52,33,67,85,67,152
11.11.2010,Barcelona,Lietuvos Rytas,69,55,10,11,24,14,17,12,18,18,34,25,35,30,59,65,59,124
11.11.2010,Panathinaikos,Anadolu Efes SK,84,61,15,12,26,17,20,11,23,21,41,29,43,32,70,75,70,145
11.11.2010,Real Madrid,Bamberg,83,81,14,20,23,16,18,18,18,19,37,36,36,37,73,73,73,146
11.11.2010,Valencia,Olimpia Milano,69,80,14,23,14,21,15,22,26,14,28,44,41,36,72,77,72,149
11.11.2010,Cibona,Cholet,71,84,20,27,20,19,18,17,13,21,40,46,31,38,86,69,86,155
11.11.2010,Khimki,Maccabi Tel Aviv,76,78,10,19,21,23,27,14,18,22,31,42,45,36,73,81,73,154
10.11.2010,Unicaja,Virtus Roma,104,83,17,16,26,9,27,28,34,30,43,25,61,58,68,119,68,187
10.11.2010,Baskonia,Zalgiris Kaunas,88,92,22,24,19,19,22,21,25,28,41,43,47,49,84,96,84,180
10.11.2010,Asseco Gdynia,Partizan,62,69,18,20,18,19,15,13,11,17,36,39,26,30,75,56,75,131
10.11.2010,Fenerbahce Ulker,Montepaschi Siena,81,68,19,15,21,19,18,14,23,20,40,34,41,34,74,75,74,149
10.11.2010,CSKA Moscow,Petrol Olimpija,65,55,20,5,14,14,17,20,14,16,34,19,31,36,53,67,53,120
04.11.2010,Barcelona,Fenerbahce Ulker,61,69,13,14,15,18,17,12,16,25,28,32,33,37,60,70,60,130
04.11.2010,Partizan,Maccabi Tel Aviv,54,67,10,23,12,8,15,20,17,16,22,31,32,36,53,68,53,121
04.11.2010,Petrol Olimpija,Panathinaikos,85,84,16,22,23,6,9,20,24,24,39,28,33,44,67,77,67,144
04.11.2010,Virtus Roma,Real Madrid,56,74,15,13,6,26,12,21,23,14,21,39,35,35,60,70,60,130
04.11.2010,Cholet,Lietuvos Rytas,73,69,16,18,21,15,16,16,20,20,37,33,36,36,70,72,70,142
03.11.2010,Montepaschi Siena,Cibona,80,57,21,13,19,22,17,9,23,13,40,35,40,22,75,62,75,137
03.11.2010,Valencia,CSKA Moscow,82,57,30,18,12,11,23,10,17,18,42,29,40,28,71,68,71,139
03.11.2010,Anadolu Efes SK,Olimpia Milano,82,74,22,10,21,23,26,22,13,19,43,33,39,41,76,80,76,156
03.11.2010,Zalgiris Kaunas,Asseco Gdynia,74,68,27,14,14,16,5,17,15,14,41,30,20,31,71,51,71,122
03.11.2010,Olympiacos,Unicaja,93,66,27,11,20,14,21,20,25,21,47,25,46,41,72,87,72,159
03.11.2010,Khimki,Baskonia,64,60,11,17,18,14,24,16,11,13,29,31,35,29,60,64,60,124
28.10.2010,Maccabi Tel Aviv,Zalgiris Kaunas,86,70,25,11,22,16,18,24,21,19,47,27,39,43,74,82,74,156
28.10.2010,Olimpia Milano,Petrol Olimpija,72,76,16,16,24,16,18,28,14,16,40,32,32,44,72,76,72,148
28.10.2010,Panathinaikos,CSKA Moscow,74,60,15,14,16,17,27,16,16,13,31,31,43,29,62,72,62,134
28.10.2010,Real Madrid,Unicaja,68,56,17,18,17,14,19,11,15,13,34,32,34,24,66,58,66,124
28.10.2010,Cibona,Fenerbahce Ulker,68,73,19,19,21,23,11,16,17,15,40,42,28,31,82,59,82,141
27.10.2010,Spirou Charleroi,Virtus Roma,55,64,21,14,10,16,12,16,12,18,31,30,24,34,61,58,61,119
27.10.2010,Cholet,Barcelona,77,84,14,24,15,14,22,20,26,26,29,38,48,46,67,94,67,161
27.10.2010,Partizan,Khimki,72,68,21,19,15,18,13,16,23,15,36,37,36,31,73,67,73,140
27.10.2010,Bamberg,Olympiacos,73,61,16,16,18,12,16,19,23,14,34,28,39,33,62,72,62,134
27.10.2010,Asseco Gdynia,Baskonia,73,80,15,20,23,21,16,21,19,18,38,41,35,39,79,74,79,153
27.10.2010,Anadolu Efes SK,Valencia,79,63,14,16,20,13,23,16,22,18,34,29,45,34,63,79,63,142
27.10.2010,Lietuvos Rytas,Montepaschi Siena,75,79,21,15,18,24,19,21,17,19,39,39,36,40,78,76,78,154
21.10.2010,Montepaschi Siena,Cholet,76,44,22,12,11,16,22,12,21,4,33,28,43,16,61,59,61,120
21.10.2010,Barcelona,Cibona,80,66,17,12,18,8,21,21,24,25,35,20,45,46,55,91,55,146
21.10.2010,Valencia,Panathinaikos,56,72,15,17,12,25,20,13,9,17,27,42,29,30,69,59,69,128
21.10.2010,Baskonia,Maccabi Tel Aviv,94,78,31,11,26,21,19,17,18,29,57,32,37,46,89,83,89,172
21.10.2010,Zalgiris Kaunas,Partizan,73,62,19,17,24,12,19,16,11,17,43,29,30,33,72,63,72,135
21.10.2010,CSKA Moscow,Olimpia Milano,73,88,17,26,12,26,25,20,19,16,29,52,44,36,81,80,81,161
20.10.2010,Virtus Roma,Bamberg,83,65,20,16,19,20,24,10,20,19,39,36,44,29,75,73,75,148
20.10.2010,Petrol Olimpija,Anadolu Efes SK,95,90,22,16,8,13,23,26,18,16,30,29,41,42,59,83,59,142
20.10.2010,Fenerbahce Ulker,Lietuvos Rytas,86,69,24,16,16,11,22,18,24,24,40,27,46,42,67,88,67,155
20.10.2010,Khimki,Asseco Gdynia,82,76,18,14,19,21,26,20,19,21,37,35,45,41,72,86,72,158
18.10.2010,Olympiacos,Real Madrid,82,66,17,17,19,18,26,21,20,10,36,35,46,31,71,77,71,148
10.10.2010,Alba Berlin,Spirou Charleroi,70,70,16,12,18,17,12,23,24,18,34,29,36,41,63,77,63,140
08.10.2010,Khimki,Le Mans,87,66,24,15,12,20,28,16,23,15,36,35,51,31,71,82,71,153
05.10.2010,Le Mans,Khimki,56,70,12,16,18,16,8,17,18,21,30,32,26,38,62,64,62,126
05.10.2010,Spirou Charleroi,Alba Berlin,81,77,20,24,15,13,24,19,22,21,35,37,46,40,72,86,72,158
01.10.2010,ASVEL,Le Mans,71,63,14,12,16,10,19,13,22,28,30,22,41,41,52,82,52,134
01.10.2010,Vrsac,Alba Berlin,78,73,21,23,16,17,18,13,23,20,37,40,41,33,77,74,77,151
01.10.2010,Khimki,Budivelnyk,74,67,21,18,14,21,19,14,20,14,35,39,39,28,74,67,74,141
01.10.2010,Unics Kazan,Spirou Charleroi,75,71,18,8,17,18,20,28,20,17,35,26,40,45,61,85,61,146
28.09.2010,Le Mans,ASVEL,85,75,18,22,22,16,26,24,19,13,40,38,45,37,78,82,78,160
28.09.2010,Spirou Charleroi,Unics Kazan,75,69,15,7,24,20,14,19,22,23,39,27,36,42,66,78,66,144
28.09.2010,Alba Berlin,Vrsac,73,67,21,21,22,12,21,15,9,19,43,33,30,34,76,64,76,140
28.09.2010,Budivelnyk,Khimki,58,87,10,21,18,18,15,24,15,24,28,39,30,48,67,78,67,145
24.09.2010,ASVEL,Buducnost,85,76,21,16,12,9,17,16,20,24,33,25,37,40,58,77,58,135
24.09.2010,Le Mans,Banvitspor,78,66,18,17,20,16,20,16,20,17,38,33,40,33,71,73,71,144
24.09.2010,Alba Berlin,Chorale de Roanne,95,82,25,23,23,21,25,11,22,27,48,44,47,38,92,85,92,177
24.09.2010,Budivelnyk,Maroussi BC,0,0,0,0,0,0,0,0,0,0,0,0,0,0,0,0,0,0
09.05.2010,Barcelona,Olympiacos,86,68,28,19,19,17,17,14,22,18,47,36,39,32,83,71,83,154
09.05.2010,CSKA Moscow,Partizan,90,88,25,20,22,24,14,18,17,16,47,44,31,34,91,65,91,156
07.05.2010,Partizan,Olympiacos,80,83,17,15,11,18,24,19,15,15,28,33,39,34,61,73,61,134
07.05.2010,Barcelona,CSKA Moscow,64,54,12,11,17,10,18,20,17,13,29,21,35,33,50,68,50,118
01.04.2010,Partizan,Maccabi Tel Aviv,76,67,18,16,20,19,17,17,21,15,38,35,38,32,73,70,73,143
01.04.2010,Baskonia,CSKA Moscow,70,74,11,22,27,8,15,15,17,29,38,30,32,44,68,76,68,144
01.04.2010,Asseco Gdynia,Olympiacos,70,86,20,28,12,22,16,16,22,20,32,50,38,36,82,74,82,156
01.04.2010,Real Madrid,Barcelona,78,84,19,20,22,25,21,20,16,19,41,45,37,39,86,76,86,162
30.03.2010,Real Madrid,Barcelona,73,84,14,25,17,21,19,15,23,23,31,46,42,38,77,80,77,157
30.03.2010,Partizan,Maccabi Tel Aviv,81,73,26,17,21,17,17,16,17,23,47,34,34,39,81,73,81,154
30.03.2010,Asseco Gdynia,Olympiacos,81,78,22,18,23,15,19,24,17,21,45,33,36,45,78,81,78,159
30.03.2010,Baskonia,CSKA Moscow,66,53,16,12,15,12,11,17,24,12,31,24,35,29,55,64,55,119
25.03.2010,Barcelona,Real Madrid,63,70,8,15,19,17,13,18,23,20,27,32,36,38,59,74,59,133
25.03.2010,Maccabi Tel Aviv,Partizan,98,78,26,24,28,15,19,19,25,20,54,39,44,39,93,83,93,176
25.03.2010,Olympiacos,Asseco Gdynia,90,73,25,14,21,24,16,20,28,15,46,38,44,35,84,79,84,163
25.03.2010,CSKA Moscow,Baskonia,83,63,19,18,16,12,24,11,24,22,35,30,48,33,65,81,65,146
23.03.2010,Olympiacos,Asseco Gdynia,83,79,18,19,17,20,25,15,23,25,35,39,48,40,74,88,74,162
23.03.2010,Barcelona,Real Madrid,68,61,19,17,18,19,14,15,17,10,37,36,31,25,73,56,73,129
23.03.2010,Maccabi Tel Aviv,Partizan,77,85,27,12,19,20,20,26,11,27,46,32,31,53,78,84,78,162
23.03.2010,CSKA Moscow,Baskonia,86,63,24,19,25,10,21,15,16,19,49,29,37,34,78,71,78,149
11.03.2010,Barcelona,Partizan,82,64,22,16,14,14,25,12,21,22,36,30,46,34,66,80,66,146
11.03.2010,Montepaschi Siena,Anadolu Efes SK,93,87,26,18,24,22,23,28,20,19,50,40,43,47,90,90,90,180
11.03.2010,Real Madrid,Maccabi Tel Aviv,64,66,17,10,14,11,14,15,19,30,31,21,33,45,52,78,52,130
11.03.2010,Asseco Gdynia,Unicaja,63,82,21,20,18,19,16,23,8,20,39,39,24,43,78,67,78,145
11.03.2010,Baskonia,Cibona,102,90,18,19,14,18,17,18,29,23,32,37,46,41,69,87,69,156
11.03.2010,Khimki,Olympiacos,96,83,32,19,23,21,23,19,18,24,55,40,41,43,95,84,95,179
11.03.2010,Panathinaikos,Maroussi BC,82,79,22,20,19,19,20,21,21,19,41,39,41,40,80,81,80,161
10.03.2010,CSKA Moscow,Zalgiris Kaunas,84,71,15,14,23,17,29,20,17,20,38,31,46,40,69,86,69,155
04.03.2010,Olympiacos,Baskonia,102,85,22,29,27,16,31,16,22,24,49,45,53,40,94,93,94,187
04.03.2010,Partizan,Panathinaikos,66,82,19,19,13,16,18,25,16,22,32,35,34,47,67,81,67,148
04.03.2010,Anadolu Efes SK,Real Madrid,75,77,19,23,10,21,23,12,23,21,29,44,46,33,73,79,73,152
04.03.2010,Maccabi Tel Aviv,Montepaschi Siena,97,82,19,21,24,16,11,20,43,25,43,37,54,45,80,99,80,179
03.03.2010,Unicaja,CSKA Moscow,70,76,10,24,8,9,22,16,30,27,18,33,52,43,51,95,51,146
03.03.2010,Maroussi BC,Barcelona,58,85,20,18,15,24,3,17,20,26,35,42,23,43,77,66,77,143
03.03.2010,Zalgiris Kaunas,Asseco Gdynia,93,88,22,18,28,16,23,29,20,25,50,34,43,54,84,97,84,181
03.03.2010,Cibona,Khimki,82,63,20,17,20,8,18,18,24,20,40,25,42,38,65,80,65,145
25.02.2010,Panathinaikos,Barcelona,67,70,20,16,17,17,18,11,12,26,37,33,30,37,70,67,70,137
25.02.2010,Partizan,Maroussi BC,79,76,21,24,19,21,18,11,21,20,40,45,39,31,85,70,85,155
25.02.2010,Real Madrid,Montepaschi Siena,77,69,13,16,19,21,16,16,29,16,32,37,45,32,69,77,69,146
25.02.2010,Zalgiris Kaunas,Unicaja,89,84,26,19,24,22,18,24,21,19,50,41,39,43,91,82,91,173
25.02.2010,Khimki,Baskonia,83,94,18,24,21,22,26,24,18,24,39,46,44,48,85,92,85,177
24.02.2010,Asseco Gdynia,CSKA Moscow,88,81,20,25,28,18,16,26,24,12,48,43,40,38,91,78,91,169
24.02.2010,Anadolu Efes SK,Maccabi Tel Aviv,63,56,21,14,14,16,12,14,16,12,35,30,28,26,65,54,65,119
24.02.2010,Cibona,Olympiacos,94,97,25,18,20,25,20,27,29,27,45,43,49,54,88,103,88,191
11.02.2010,Barcelona,Panathinaikos,83,71,29,18,18,20,21,16,15,17,47,38,36,33,85,69,85,154
11.02.2010,Baskonia,Khimki,71,82,16,26,20,18,14,19,21,19,36,44,35,38,80,73,80,153
11.02.2010,Montepaschi Siena,Real Madrid,83,76,26,16,19,19,19,24,19,17,45,35,38,41,80,79,80,159
11.02.2010,Maccabi Tel Aviv,Anadolu Efes SK,72,62,18,13,18,20,15,16,21,13,36,33,36,29,69,65,69,134
11.02.2010,Maroussi BC,Partizan,57,49,20,7,2,11,22,19,13,12,22,18,35,31,40,66,40,106
10.02.2010,Unicaja,Zalgiris Kaunas,86,68,21,6,19,23,24,18,22,21,40,29,46,39,69,85,69,154
10.02.2010,Olympiacos,Cibona,78,75,16,15,18,20,24,26,20,14,34,35,44,40,69,84,69,153
10.02.2010,CSKA Moscow,Asseco Gdynia,84,73,22,21,18,15,24,21,20,16,40,36,44,37,76,81,76,157
04.02.2010,Maroussi BC,Panathinaikos,80,78,21,21,16,19,18,17,25,21,37,40,43,38,77,81,77,158
04.02.2010,Maccabi Tel Aviv,Real Madrid,81,76,18,18,23,16,23,20,17,22,41,34,40,42,75,82,75,157
04.02.2010,Cibona,Baskonia,75,78,23,13,18,20,19,25,15,20,41,33,34,45,74,79,74,153
03.02.2010,Partizan,Barcelona,67,66,23,12,12,12,8,23,18,14,35,24,26,37,59,63,59,122
03.02.2010,Unicaja,Asseco Gdynia,50,70,13,17,20,20,7,12,10,21,33,37,17,33,70,50,70,120
03.02.2010,Olympiacos,Khimki,87,69,22,10,16,18,23,24,26,17,38,28,49,41,66,90,66,156
03.02.2010,Anadolu Efes SK,Montepaschi Siena,88,78,27,17,18,17,22,18,21,26,45,34,43,44,79,87,79,166
03.02.2010,Zalgiris Kaunas,CSKA Moscow,68,83,26,17,19,18,11,22,12,26,45,35,23,48,80,71,80,151
28.01.2010,Barcelona,Maroussi BC,79,69,19,5,22,22,16,20,22,22,41,27,38,42,68,80,68,148
28.01.2010,Baskonia,Olympiacos,85,89,18,25,21,20,24,20,22,24,39,45,46,44,84,90,84,174
28.01.2010,Montepaschi Siena,Maccabi Tel Aviv,76,72,17,12,16,14,21,23,22,23,33,26,43,46,59,89,59,148
28.01.2010,Asseco Gdynia,Zalgiris Kaunas,89,65,25,18,20,18,22,16,22,13,45,36,44,29,81,73,81,154
28.01.2010,Khimki,Cibona,83,70,17,17,19,18,16,18,31,17,36,35,47,35,71,82,71,153
27.01.2010,Real Madrid,Anadolu Efes SK,77,70,13,19,17,14,26,20,21,17,30,33,47,37,63,84,63,147
27.01.2010,Panathinaikos,Partizan,59,64,22,20,20,16,10,10,7,18,42,36,17,28,78,45,78,123
27.01.2010,CSKA Moscow,Unicaja,86,78,20,15,22,23,23,19,21,21,42,38,44,40,80,84,80,164
14.01.2010,Barcelona,Montepaschi Siena,85,70,22,15,18,20,20,14,25,21,40,35,45,35,75,80,75,155
14.01.2010,Cibona,ASVEL,73,71,26,18,20,18,15,17,12,18,46,36,27,35,82,62,82,144
14.01.2010,Fenerbahce Ulker,Zalgiris Kaunas,68,76,19,23,18,20,14,25,17,8,37,43,31,33,80,64,80,144
14.01.2010,CSKA Moscow,Baskonia,84,83,18,24,23,15,27,24,16,20,41,39,43,44,80,87,80,167
14.01.2010,Maroussi BC,Maccabi Tel Aviv,83,75,12,19,19,15,22,19,30,22,31,34,52,41,65,93,65,158
14.01.2010,Virtus Roma,Petrol Olimpija,69,48,13,5,15,10,21,13,20,20,28,15,41,33,43,74,43,117
13.01.2010,Asseco Gdynia,Khimki,75,70,22,21,23,8,10,23,20,18,45,29,30,41,74,71,74,145
13.01.2010,Oldenburg,Panathinaikos,64,67,10,20,15,13,24,17,15,17,25,33,39,34,58,73,58,131
13.01.2010,Olimpia Milano,Real Madrid,66,75,19,16,20,16,13,22,14,21,39,32,27,43,71,70,71,141
13.01.2010,Lietuvos Rytas,Unicaja,71,73,13,20,22,13,12,22,24,18,35,33,36,40,68,76,68,144
13.01.2010,Olympiacos,Partizan,81,60,20,15,16,18,27,16,18,11,36,33,45,27,69,72,69,141
13.01.2010,Orleans,Anadolu Efes SK,60,75,15,23,16,14,12,18,17,20,31,37,29,38,68,67,68,135
07.01.2010,Unicaja,Orleans,72,88,21,14,15,17,21,25,15,32,36,31,36,57,67,93,67,160
07.01.2010,ASVEL,Barcelona,64,90,15,22,19,23,20,20,10,25,34,45,30,45,79,75,79,154
07.01.2010,Petrol Olimpija,CSKA Moscow,77,80,15,18,13,14,21,6,13,24,28,32,34,30,60,64,60,124
07.01.2010,Maccabi Tel Aviv,Virtus Roma,79,59,22,20,13,15,21,13,23,11,35,35,44,24,70,68,70,138
07.01.2010,Anadolu Efes SK,Olympiacos,85,93,21,19,14,22,18,17,23,18,35,41,41,35,76,76,76,152
07.01.2010,Zalgiris Kaunas,Cibona,68,61,24,10,15,13,15,17,14,21,39,23,29,38,62,67,62,129
07.01.2010,Khimki,Olimpia Milano,79,63,19,20,20,18,20,10,20,15,39,38,40,25,77,65,77,142
06.01.2010,Partizan,Lietuvos Rytas,97,67,26,18,24,21,22,22,25,6,50,39,47,28,89,75,89,164
06.01.2010,Real Madrid,Oldenburg,73,60,17,20,17,10,24,17,15,13,34,30,39,30,64,69,64,133
06.01.2010,Baskonia,Maroussi BC,73,65,16,19,15,13,27,12,15,21,31,32,42,33,63,75,63,138
06.01.2010,Montepaschi Siena,Fenerbahce Ulker,101,58,19,14,31,11,28,14,23,19,50,25,51,33,75,84,75,159
06.01.2010,Panathinaikos,Asseco Gdynia,74,66,23,18,13,20,15,12,23,16,36,38,38,28,74,66,74,140
17.12.2009,Orleans,Partizan,75,72,20,27,19,7,18,15,18,23,39,34,36,38,73,74,73,147
17.12.2009,Barcelona,Zalgiris Kaunas,89,55,20,17,26,11,23,9,20,18,46,28,43,27,74,70,74,144
17.12.2009,Olimpia Milano,Asseco Gdynia,82,69,20,16,22,12,17,21,23,20,42,28,40,41,70,81,70,151
17.12.2009,Anadolu Efes SK,Unicaja,77,79,19,17,20,24,16,19,22,19,39,41,38,38,80,76,80,156
17.12.2009,Panathinaikos,Real Madrid,67,76,8,22,19,17,18,24,22,13,27,39,40,37,66,77,66,143
17.12.2009,CSKA Moscow,Maccabi Tel Aviv,77,72,28,11,17,23,13,22,19,16,45,34,32,38,79,70,79,149
16.12.2009,Baskonia,Petrol Olimpija,62,53,18,13,18,8,12,19,14,13,36,21,26,32,57,58,57,115
16.12.2009,Montepaschi Siena,ASVEL,83,74,15,18,21,14,23,24,24,18,36,32,47,42,68,89,68,157
16.12.2009,Virtus Roma,Maroussi BC,74,87,17,28,22,23,18,14,17,22,39,51,35,36,90,71,90,161
16.12.2009,Oldenburg,Khimki,49,62,8,14,18,17,9,18,14,13,26,31,23,31,57,54,57,111
16.12.2009,Lietuvos Rytas,Olympiacos,83,89,22,13,12,20,23,20,17,21,34,33,40,41,67,81,67,148
16.12.2009,Cibona,Fenerbahce Ulker,80,77,12,20,20,16,26,22,22,19,32,36,48,41,68,89,68,157
10.12.2009,Partizan,Anadolu Efes SK,93,92,19,20,27,28,25,24,22,20,46,48,47,44,94,91,94,185
10.12.2009,Virtus Roma,CSKA Moscow,57,72,16,24,6,17,16,22,19,9,22,41,35,31,63,66,63,129
10.12.2009,Maccabi Tel Aviv,Baskonia,82,91,18,20,16,23,23,24,25,24,34,43,48,48,77,96,77,173
10.12.2009,Olympiacos,Unicaja,89,68,16,20,30,15,20,20,23,13,46,35,43,33,81,76,81,157
10.12.2009,Zalgiris Kaunas,Montepaschi Siena,72,83,17,24,15,25,29,17,11,17,32,49,40,34,81,74,81,155
10.12.2009,Cibona,Barcelona,66,80,19,26,15,19,19,20,13,15,34,45,32,35,79,67,79,146
09.12.2009,Olimpia Milano,Oldenburg,79,51,23,16,18,13,18,5,20,17,41,29,38,22,70,60,70,130
09.12.2009,Asseco Gdynia,Real Madrid,82,76,24,21,22,22,16,18,20,15,46,43,36,33,89,69,89,158
09.12.2009,Maroussi BC,Petrol Olimpija,74,62,28,14,14,22,10,11,22,15,42,36,32,26,78,58,78,136
09.12.2009,Fenerbahce Ulker,ASVEL,61,68,16,14,18,16,13,19,14,19,34,30,27,38,64,65,64,129
09.12.2009,Lietuvos Rytas,Orleans,77,72,23,10,15,24,23,21,16,17,38,34,39,38,72,77,72,149
09.12.2009,Khimki,Panathinaikos,82,87,20,21,20,21,17,17,16,14,40,42,33,31,82,64,82,146
03.12.2009,ASVEL,Zalgiris Kaunas,77,67,23,24,26,20,20,12,8,11,49,44,28,23,93,51,93,144
03.12.2009,Barcelona,Fenerbahce Ulker,89,55,15,6,27,15,25,15,22,19,42,21,47,34,63,81,63,144
03.12.2009,Montepaschi Siena,Cibona,90,64,18,19,16,17,29,17,27,11,34,36,56,28,70,84,70,154
03.12.2009,Petrol Olimpija,Maccabi Tel Aviv,65,82,20,20,16,24,19,14,10,24,36,44,29,38,80,67,80,147
03.12.2009,Oldenburg,Asseco Gdynia,80,82,20,21,21,15,20,28,19,18,41,36,39,46,77,85,77,162
03.12.2009,Anadolu Efes SK,Lietuvos Rytas,77,62,15,13,17,21,25,19,20,9,32,34,45,28,66,73,66,139
03.12.2009,Panathinaikos,Olimpia Milano,80,68,27,12,17,20,19,16,17,20,44,32,36,36,76,72,76,148
02.12.2009,Orleans,Olympiacos,84,88,27,18,21,22,18,18,18,30,48,40,36,48,88,84,88,172
02.12.2009,Real Madrid,Khimki,70,59,12,13,19,15,19,17,20,14,31,28,39,31,59,70,59,129
02.12.2009,Unicaja,Partizan,64,72,18,21,11,11,15,17,20,23,29,32,35,40,61,75,61,136
02.12.2009,Baskonia,Virtus Roma,67,60,17,11,16,17,20,10,14,22,33,28,34,32,61,66,61,127
02.12.2009,CSKA Moscow,Maroussi BC,78,65,15,13,20,17,23,12,20,23,35,30,43,35,65,78,65,143
26.11.2009,Partizan,Olympiacos,86,80,19,19,19,24,22,18,26,19,38,43,48,37,81,85,81,166
26.11.2009,Real Madrid,Olimpia Milano,82,69,21,22,15,23,22,13,24,11,36,45,46,24,81,70,81,151
26.11.2009,Unicaja,Lietuvos Rytas,91,84,26,20,23,19,19,25,23,20,49,39,42,45,88,87,88,175
26.11.2009,Baskonia,CSKA Moscow,67,71,12,24,23,19,18,8,14,20,35,43,32,28,78,60,78,138
26.11.2009,Montepaschi Siena,Barcelona,65,84,18,20,16,23,19,18,12,23,34,43,31,41,77,72,77,149
26.11.2009,Maccabi Tel Aviv,Maroussi BC,75,67,15,15,26,21,20,18,14,13,41,36,34,31,77,65,77,142
26.11.2009,Anadolu Efes SK,Orleans,77,64,20,14,20,15,18,15,19,20,40,29,37,35,69,72,69,141
25.11.2009,Petrol Olimpija,Virtus Roma,87,70,23,21,25,7,16,20,23,22,48,28,39,42,76,81,76,157
25.11.2009,ASVEL,Cibona,71,68,11,18,15,15,17,25,28,10,26,33,45,35,59,80,59,139
25.11.2009,Zalgiris Kaunas,Fenerbahce Ulker,78,84,24,23,19,14,14,22,21,25,43,37,35,47,80,82,80,162
25.11.2009,Panathinaikos,Oldenburg,96,63,23,21,13,21,30,14,30,7,36,42,60,21,78,81,78,159
25.11.2009,Khimki,Asseco Gdynia,89,67,22,20,22,16,17,12,28,19,44,36,45,31,80,76,80,156
12.11.2009,Olimpia Milano,Khimki,68,72,19,16,16,15,15,18,18,23,35,31,33,41,66,74,66,140
12.11.2009,Virtus Roma,Maccabi Tel Aviv,90,92,17,17,16,18,26,16,14,22,33,35,40,38,68,78,68,146
12.11.2009,Olympiacos,Anadolu Efes SK,105,90,24,27,22,21,30,21,29,21,46,48,59,42,94,101,94,195
12.11.2009,Lietuvos Rytas,Partizan,78,56,26,22,18,17,22,7,12,10,44,39,34,17,83,51,83,134
11.11.2009,Barcelona,ASVEL,76,62,19,22,22,17,17,14,18,9,41,39,35,23,80,58,80,138
11.11.2009,Oldenburg,Real Madrid,61,104,16,28,21,30,13,27,11,19,37,58,24,46,95,70,95,165
11.11.2009,Asseco Gdynia,Panathinaikos,65,75,13,25,20,20,11,20,21,10,33,45,32,30,78,62,78,140
11.11.2009,Fenerbahce Ulker,Montepaschi Siena,83,87,30,21,20,28,11,16,22,22,50,49,33,38,99,71,99,170
11.11.2009,Orleans,Unicaja,74,86,13,12,15,30,27,28,19,16,28,42,46,44,70,90,70,160
11.11.2009,Cibona,Zalgiris Kaunas,64,52,16,16,19,15,12,13,17,8,35,31,29,21,66,50,66,116
11.11.2009,CSKA Moscow,Petrol Olimpija,79,69,30,15,14,18,20,21,15,15,44,33,35,36,77,71,77,148
11.11.2009,Maroussi BC,Baskonia,86,103,16,27,30,25,19,25,21,26,46,52,40,51,98,91,98,189
05.11.2009,Partizan,Orleans,78,71,22,22,23,18,17,20,16,11,45,40,33,31,85,64,85,149
05.11.2009,Real Madrid,Panathinaikos,80,70,12,21,22,7,25,23,21,19,34,28,46,42,62,88,62,150
05.11.2009,Unicaja,Anadolu Efes SK,93,88,23,20,20,16,16,19,14,18,43,36,30,37,79,67,79,146
05.11.2009,Petrol Olimpija,Baskonia,76,82,20,26,12,17,20,13,24,26,32,43,44,39,75,83,75,158
05.11.2009,Maccabi Tel Aviv,CSKA Moscow,71,54,19,7,21,18,16,15,15,14,40,25,31,29,65,60,65,125
05.11.2009,Zalgiris Kaunas,Barcelona,70,77,21,23,17,18,15,22,17,14,38,41,32,36,79,68,79,147
04.11.2009,Asseco Gdynia,Olimpia Milano,88,83,16,25,27,14,21,21,24,23,43,39,45,44,82,89,82,171
04.11.2009,Fenerbahce Ulker,Cibona,67,62,11,18,21,14,17,11,18,19,32,32,35,30,64,65,64,129
04.11.2009,ASVEL,Montepaschi Siena,65,82,29,10,3,21,16,26,17,25,32,31,33,51,63,84,63,147
04.11.2009,Khimki,Oldenburg,77,72,24,9,12,33,19,13,22,17,36,42,41,30,78,71,78,149
04.11.2009,Maroussi BC,Virtus Roma,71,83,17,27,24,20,18,19,12,17,41,47,30,36,88,66,88,154
04.11.2009,Olympiacos,Lietuvos Rytas,97,73,25,14,27,17,23,19,22,23,52,31,45,42,83,87,83,170
29.10.2009,Montepaschi Siena,Zalgiris Kaunas,84,64,23,21,25,9,17,14,19,20,48,30,36,34,78,70,78,148
29.10.2009,Barcelona,Cibona,81,59,16,13,23,14,25,14,17,18,39,27,42,32,66,74,66,140
29.10.2009,Baskonia,Maccabi Tel Aviv,86,81,25,25,30,19,14,22,17,15,55,44,31,37,99,68,99,167
29.10.2009,Petrol Olimpija,Maroussi BC,75,81,17,18,16,15,19,20,23,28,33,33,42,48,66,90,66,156
29.10.2009,Panathinaikos,Khimki,101,66,28,14,23,11,21,25,29,16,51,25,50,41,76,91,76,167
29.10.2009,Anadolu Efes SK,Partizan,77,67,15,15,20,22,22,16,20,14,35,37,42,30,72,72,72,144
29.10.2009,Orleans,Lietuvos Rytas,62,69,11,20,18,21,17,20,16,8,29,41,33,28,70,61,70,131
28.10.2009,Real Madrid,Asseco Gdynia,94,72,30,22,21,11,17,12,26,27,51,33,43,39,84,82,84,166
28.10.2009,Unicaja,Olympiacos,86,68,30,18,18,20,23,12,15,18,48,38,38,30,86,68,86,154
28.10.2009,ASVEL,Fenerbahce Ulker,76,78,12,12,12,17,22,26,18,9,24,29,40,35,53,75,53,128
28.10.2009,Oldenburg,Olimpia Milano,70,79,16,11,19,23,16,15,19,30,35,34,35,45,69,80,69,149
28.10.2009,CSKA Moscow,Virtus Roma,69,74,22,26,19,13,12,19,16,16,41,39,28,35,80,63,80,143
22.10.2009,Partizan,Unicaja,64,72,25,19,16,13,11,17,12,23,41,32,23,40,73,63,73,136
22.10.2009,Olimpia Milano,Panathinaikos,67,75,22,21,16,14,14,21,15,19,38,35,29,40,73,69,73,142
22.10.2009,Virtus Roma,Baskonia,77,65,17,15,20,17,27,11,13,22,37,32,40,33,69,73,69,142
22.10.2009,Lietuvos Rytas,Anadolu Efes SK,77,70,21,16,17,9,24,21,15,24,38,25,39,45,63,84,63,147
22.10.2009,Khimki,Real Madrid,84,81,17,14,22,18,14,20,19,20,39,32,33,40,71,73,71,144
21.10.2009,Asseco Gdynia,Oldenburg,81,87,21,24,23,22,17,16,20,25,44,46,37,41,90,78,90,168
21.10.2009,Fenerbahce Ulker,Barcelona,59,82,11,19,10,19,17,24,21,20,21,38,38,44,59,82,59,141
21.10.2009,Zalgiris Kaunas,ASVEL,71,52,20,15,20,12,13,12,18,13,40,27,31,25,67,56,67,123
21.10.2009,Cibona,Montepaschi Siena,40,85,13,21,11,14,8,32,8,18,24,35,16,50,59,66,59,125
21.10.2009,Olympiacos,Orleans,94,72,18,15,26,15,22,19,28,23,44,30,50,42,74,92,74,166
21.10.2009,Maroussi BC,CSKA Moscow,65,66,12,18,22,14,14,17,17,17,34,32,31,34,66,65,66,131
15.10.2009,Maccabi Tel Aviv,Petrol Olimpija,85,65,20,10,17,15,18,20,30,20,37,25,48,40,62,88,62,150
11.10.2009,Alba Berlin,Maroussi BC,75,70,19,21,24,17,13,17,19,15,43,38,32,32,81,64,81,145
09.10.2009,Orleans,Treviso,80,82,20,14,18,19,13,26,29,23,38,33,42,49,71,91,71,162
06.10.2009,Treviso,Orleans,73,82,20,20,6,27,22,19,25,16,26,47,47,35,73,82,73,155
06.10.2009,Maroussi BC,Alba Berlin,79,70,12,19,18,19,28,13,21,19,30,38,49,32,68,81,68,149
02.10.2009,Treviso,Ventspils,88,76,25,20,25,20,17,19,21,17,50,40,38,36,90,74,90,164
02.10.2009,Orleans,Spirou Charleroi,81,56,26,15,20,15,12,9,23,17,46,30,35,26,76,61,76,137
02.10.2009,Alba Berlin,Le Mans,77,62,17,13,20,10,24,15,16,24,37,23,40,39,60,79,60,139
02.10.2009,Maroussi BC,Aris,89,60,27,9,18,18,21,22,23,11,45,27,44,33,72,77,72,149
29.09.2009,Le Mans,Alba Berlin,61,60,17,7,17,20,17,21,10,12,34,27,27,33,61,60,61,121
29.09.2009,Spirou Charleroi,Orleans,55,53,13,14,13,11,20,5,9,23,26,25,29,28,51,57,51,108
29.09.2009,Ventspils,Treviso,78,73,27,17,20,17,21,22,10,17,47,34,31,39,81,70,81,151
29.09.2009,Aris,Maroussi BC,69,67,9,17,21,12,22,23,17,15,30,29,39,38,59,77,59,136
03.05.2009,Panathinaikos,CSKA Moscow,73,71,21,16,27,12,8,18,17,25,48,28,25,43,76,68,76,144
03.05.2009,Olympiacos,Barcelona,79,95,19,26,11,20,28,27,21,22,30,46,49,49,76,98,76,174
01.05.2009,Olympiacos,Panathinaikos,82,84,21,27,20,16,22,23,19,18,41,43,41,41,84,82,84,166
01.05.2009,Barcelona,CSKA Moscow,78,82,21,12,15,20,20,22,22,28,36,32,42,50,68,92,68,160
09.04.2009,Barcelona,Tau Ceramica,78,62,23,15,17,15,18,14,20,18,40,30,38,32,70,70,70,140
02.04.2009,Montepaschi Siena,Panathinaikos,84,91,18,28,26,19,16,18,24,26,44,47,40,44,91,84,91,175
02.04.2009,Real Madrid,Olympiacos,75,78,16,20,25,13,17,21,17,24,41,33,34,45,74,79,74,153
02.04.2009,Tau Ceramica,Barcelona,63,84,19,17,22,23,13,30,9,14,41,40,22,44,81,66,81,147
31.03.2009,Montepaschi Siena,Panathinaikos,53,72,16,15,10,24,11,21,16,12,26,39,27,33,65,60,65,125
31.03.2009,Partizan,CSKA Moscow,56,67,14,15,14,18,10,19,18,15,28,33,28,34,61,62,61,123
31.03.2009,Real Madrid,Olympiacos,71,63,23,12,14,8,15,21,19,22,37,20,34,43,57,77,57,134
31.03.2009,Tau Ceramica,Barcelona,69,62,16,11,13,9,17,17,23,25,29,20,40,42,49,82,49,131
26.03.2009,Barcelona,Tau Ceramica,85,62,23,24,23,16,14,7,25,15,46,40,39,22,86,61,86,147
26.03.2009,Panathinaikos,Montepaschi Siena,79,84,21,24,22,14,18,17,18,29,43,38,36,46,81,82,81,163
26.03.2009,Olympiacos,Real Madrid,79,73,18,15,20,21,21,13,20,24,38,36,41,37,74,78,74,152
26.03.2009,CSKA Moscow,Partizan,77,50,21,6,22,16,18,12,16,16,43,22,34,28,65,62,65,127
24.03.2009,Barcelona,Tau Ceramica,75,84,18,24,16,21,24,22,17,17,34,45,41,39,79,80,79,159
24.03.2009,Olympiacos,Real Madrid,88,79,28,18,18,23,17,23,25,15,46,41,42,38,87,80,87,167
24.03.2009,Panathinaikos,Montepaschi Siena,90,85,23,18,21,20,18,15,28,32,44,38,46,47,82,93,82,175
24.03.2009,CSKA Moscow,Partizan,56,47,13,3,17,17,13,11,13,16,30,20,26,27,50,53,50,103
12.03.2009,Maccabi Tel Aviv,Barcelona,74,90,22,19,17,26,16,21,19,24,39,45,35,45,84,80,84,164
12.03.2009,Olimpia Milano,Asseco Gdynia,72,96,16,30,22,26,22,14,12,26,38,56,34,40,94,74,94,168
12.03.2009,Real Madrid,Alba Berlin,83,82,17,14,23,26,21,21,22,21,40,40,43,42,80,85,80,165
12.03.2009,Tau Ceramica,Olympiacos,80,88,23,28,14,23,25,19,18,18,37,51,43,37,88,80,88,168
11.03.2009,Cibona,CSKA Moscow,63,73,11,17,24,24,15,11,13,21,35,41,28,32,76,60,76,136
11.03.2009,Fenerbahce Ulker,Montepaschi Siena,68,73,14,23,25,17,24,17,5,16,39,40,29,33,79,62,79,141
11.03.2009,Panathinaikos,Unicaja,103,95,21,16,27,19,18,24,20,27,48,35,38,51,83,89,83,172
11.03.2009,Virtus Roma,Partizan,88,72,26,23,23,11,18,18,21,20,49,34,39,38,83,77,83,160
05.03.2009,Montepaschi Siena,Cibona,86,70,27,18,19,14,11,15,29,23,46,32,40,38,78,78,78,156
05.03.2009,Partizan,Panathinaikos,63,56,12,13,14,16,15,11,22,16,26,29,37,27,55,64,55,119
05.03.2009,Alba Berlin,Maccabi Tel Aviv,70,76,15,13,17,17,15,24,23,22,32,30,38,46,62,84,62,146
05.03.2009,Olympiacos,Olimpia Milano,84,81,24,20,15,19,20,20,25,22,39,39,45,42,78,87,78,165
04.03.2009,Unicaja,Virtus Roma,99,64,31,15,24,15,25,15,19,19,55,30,44,34,85,78,85,163
04.03.2009,Barcelona,Real Madrid,90,79,30,21,18,17,26,20,16,21,48,38,42,41,86,83,86,169
04.03.2009,Asseco Gdynia,Tau Ceramica,72,92,23,19,13,19,17,26,19,28,36,38,36,54,74,90,74,164
04.03.2009,CSKA Moscow,Fenerbahce Ulker,77,60,27,13,11,22,17,14,22,11,38,35,39,25,73,64,73,137
26.02.2009,Virtus Roma,Panathinaikos,71,90,20,20,18,25,21,23,12,22,38,45,33,45,83,78,83,161
26.02.2009,Alba Berlin,Barcelona,57,75,10,18,9,22,13,15,25,20,19,40,38,35,59,73,59,132
26.02.2009,Maccabi Tel Aviv,Real Madrid,69,73,17,26,18,20,16,10,18,17,35,46,34,27,81,61,81,142
26.02.2009,Olympiacos,Asseco Gdynia,84,71,23,19,20,23,27,13,14,16,43,42,41,29,85,70,85,155
25.02.2009,Olimpia Milano,Tau Ceramica,74,107,16,31,21,27,19,23,18,26,37,58,37,49,95,86,95,181
25.02.2009,Unicaja,Partizan,74,78,17,18,22,17,19,16,7,14,39,35,26,30,74,56,74,130
25.02.2009,Fenerbahce Ulker,Cibona,64,86,14,28,13,21,15,18,22,19,27,49,37,37,76,74,76,150
25.02.2009,CSKA Moscow,Montepaschi Siena,95,71,19,19,26,25,32,11,18,16,45,44,50,27,89,77,89,166
12.02.2009,Barcelona,Alba Berlin,85,69,19,17,18,21,23,7,25,24,37,38,48,31,75,79,75,154
12.02.2009,Panathinaikos,Virtus Roma,92,67,22,25,22,14,22,8,26,20,44,39,48,28,83,76,83,159
12.02.2009,Real Madrid,Maccabi Tel Aviv,98,79,18,20,24,16,28,25,28,18,42,36,56,43,78,99,78,177
12.02.2009,Cibona,Fenerbahce Ulker,55,65,12,9,15,13,16,19,12,24,27,22,28,43,49,71,49,120
11.02.2009,Montepaschi Siena,CSKA Moscow,74,56,11,10,16,12,26,15,21,19,27,22,47,34,49,81,49,130
11.02.2009,Partizan,Unicaja,60,59,10,11,16,15,18,15,16,18,26,26,34,33,52,67,52,119
11.02.2009,Tau Ceramica,Olimpia Milano,108,90,26,27,29,19,31,17,22,27,55,46,53,44,101,97,101,198
11.02.2009,Asseco Gdynia,Olympiacos,68,93,19,23,13,27,22,21,14,22,32,50,36,43,82,79,82,161
05.02.2009,Alba Berlin,Real Madrid,84,87,24,20,28,17,19,28,13,22,52,37,32,50,89,82,89,171
05.02.2009,Asseco Gdynia,Olimpia Milano,60,62,18,25,17,13,9,15,16,9,35,38,25,24,73,49,73,122
05.02.2009,Barcelona,Maccabi Tel Aviv,85,65,20,16,19,17,22,14,24,18,39,33,46,32,72,78,72,150
05.02.2009,Olympiacos,Tau Ceramica,73,70,18,26,18,18,20,14,17,12,36,44,37,26,80,63,80,143
04.02.2009,Montepaschi Siena,Fenerbahce Ulker,87,79,25,13,26,21,18,17,18,28,51,34,36,45,85,81,85,166
04.02.2009,Partizan,Virtus Roma,84,76,27,16,23,26,18,15,16,19,50,42,34,34,92,68,92,160
04.02.2009,Unicaja,Panathinaikos,69,81,19,15,26,29,16,17,8,20,45,44,24,37,89,61,89,150
04.02.2009,CSKA Moscow,Cibona,87,61,21,13,21,17,23,19,22,12,42,30,45,31,72,76,72,148
29.01.2009,Olimpia Milano,Olympiacos,76,74,23,20,19,12,20,21,14,21,42,32,34,42,74,76,74,150
29.01.2009,Virtus Roma,Unicaja,75,88,14,26,20,22,22,23,19,17,34,48,41,40,82,81,82,163
29.01.2009,Maccabi Tel Aviv,Alba Berlin,96,65,27,20,22,12,19,10,28,23,49,32,47,33,81,80,81,161
29.01.2009,Panathinaikos,Partizan,81,63,22,23,14,18,19,11,26,11,36,41,45,22,77,67,77,144
29.01.2009,Fenerbahce Ulker,CSKA Moscow,48,66,12,20,13,21,13,8,10,17,25,41,23,25,66,48,66,114
28.01.2009,Real Madrid,Barcelona,85,83,19,26,21,19,19,19,26,19,40,45,45,38,85,83,85,168
28.01.2009,Tau Ceramica,Asseco Gdynia,99,77,34,15,17,24,18,19,30,19,51,39,48,38,90,86,90,176
28.01.2009,Cibona,Montepaschi Siena,88,81,17,25,21,19,24,18,26,19,38,44,50,37,82,87,82,169
15.01.2009,Avellino,Cibona,79,75,13,18,28,18,12,15,26,24,41,36,38,39,77,77,77,154
15.01.2009,Olympiacos,Le Mans,68,78,12,15,19,15,13,25,24,23,31,30,37,48,61,85,61,146
15.01.2009,Unicaja,Maccabi Tel Aviv,92,69,27,14,18,22,25,19,22,14,45,36,47,33,81,80,81,161
15.01.2009,Alba Berlin,Petrol Olimpija,59,67,16,13,14,18,15,16,14,20,30,31,29,36,61,65,61,126
15.01.2009,Fenerbahce Ulker,Virtus Roma,90,86,16,15,20,16,16,24,20,17,36,31,36,41,67,77,67,144
15.01.2009,Tau Ceramica,Joventut Badalona,91,83,21,24,21,27,29,11,20,21,42,51,49,32,93,81,93,174
14.01.2009,Barcelona,Zalgiris Kaunas,90,68,19,21,25,18,27,10,19,19,44,39,46,29,83,75,83,158
14.01.2009,Nancy,Montepaschi Siena,79,103,19,26,14,25,20,30,26,22,33,51,46,52,84,98,84,182
14.01.2009,Panathinaikos,Asseco Gdynia,75,53,14,10,20,17,19,8,22,18,34,27,41,26,61,67,61,128
14.01.2009,CSKA Moscow,Partizan,63,66,14,18,15,12,16,13,18,23,29,30,34,36,59,70,59,129
14.01.2009,Panionios,Olimpia Milano,77,87,19,21,23,21,16,19,19,26,42,42,35,45,84,80,84,164
14.01.2009,Real Madrid,Anadolu Efes SK,80,69,16,16,19,11,23,16,22,26,35,27,45,42,62,87,62,149
08.01.2009,Montepaschi Siena,Panathinaikos,82,77,20,18,23,19,18,24,21,16,43,37,39,40,80,79,80,159
08.01.2009,Olimpia Milano,Real Madrid,70,61,13,20,16,10,20,23,21,8,29,30,41,31,59,72,59,131
08.01.2009,Virtus Roma,Tau Ceramica,96,103,25,20,21,25,22,22,17,18,46,45,39,40,91,79,91,170
08.01.2009,Petrol Olimpija,Fenerbahce Ulker,70,90,25,24,22,26,13,17,10,23,47,50,23,40,97,63,97,160
08.01.2009,Maccabi Tel Aviv,Olympiacos,96,83,25,19,22,26,27,16,22,22,47,45,49,38,92,87,92,179
08.01.2009,Zalgiris Kaunas,Nancy,105,94,19,21,21,16,24,21,41,36,40,37,65,57,77,122,77,199
08.01.2009,Cibona,Unicaja,76,77,21,18,23,18,15,17,17,24,44,36,32,41,80,73,80,153
07.01.2009,Joventut Badalona,Alba Berlin,75,79,23,16,18,21,17,26,17,16,41,37,34,42,78,76,78,154
07.01.2009,Partizan,Panionios,80,57,30,9,14,24,15,9,21,15,44,33,36,24,77,60,77,137
07.01.2009,Le Mans,Avellino,92,88,27,19,23,18,23,16,19,35,50,37,42,51,87,93,87,180
07.01.2009,Asseco Gdynia,Barcelona,64,76,20,12,15,28,13,18,16,18,35,40,29,36,75,65,75,140
07.01.2009,Anadolu Efes SK,CSKA Moscow,55,74,12,19,21,15,13,22,9,18,33,34,22,40,67,62,67,129
18.12.2008,Virtus Roma,Petrol Olimpija,74,69,22,16,12,15,18,12,10,19,34,31,28,31,65,59,65,124
18.12.2008,Unicaja,Avellino,72,68,20,17,15,16,14,20,23,15,35,33,37,35,68,72,68,140
18.12.2008,Le Mans,Maccabi Tel Aviv,73,87,16,25,20,24,13,17,24,21,36,49,37,38,85,75,85,160
18.12.2008,Alba Berlin,Tau Ceramica,68,73,22,24,19,20,11,15,16,14,41,44,27,29,85,56,85,141
18.12.2008,Panionios,Anadolu Efes SK,64,78,11,25,16,12,25,22,12,19,27,37,37,41,64,78,64,142
18.12.2008,Zalgiris Kaunas,Asseco Gdynia,79,68,23,17,14,18,26,19,16,14,37,35,42,33,72,75,72,147
17.12.2008,Olimpia Milano,Partizan,73,59,26,16,15,18,16,6,16,19,41,34,32,25,75,57,75,132
17.12.2008,Barcelona,Montepaschi Siena,87,61,25,3,19,21,27,17,16,20,44,24,43,37,68,80,68,148
17.12.2008,Olympiacos,Cibona,93,64,20,22,30,9,27,18,16,15,50,31,43,33,81,76,81,157
17.12.2008,Fenerbahce Ulker,Joventut Badalona,89,63,21,13,25,16,21,16,22,18,46,29,43,34,75,77,75,152
17.12.2008,Panathinaikos,Nancy,83,69,17,15,22,12,21,23,23,19,39,27,44,42,66,86,66,152
17.12.2008,CSKA Moscow,Real Madrid,78,82,20,20,24,23,20,16,14,23,44,43,34,39,87,73,87,160
11.12.2008,Joventut Badalona,Virtus Roma,97,93,26,24,22,24,28,21,21,24,48,48,49,45,96,94,96,190
11.12.2008,Avellino,Maccabi Tel Aviv,72,86,23,24,17,24,16,17,16,21,40,48,32,38,88,70,88,158
11.12.2008,Panathinaikos,Barcelona,76,87,18,25,20,24,15,19,23,19,38,49,38,38,87,76,87,163
11.12.2008,Real Madrid,Partizan,68,67,24,9,12,15,16,25,16,18,36,24,32,43,60,75,60,135
11.12.2008,Nancy,Asseco Gdynia,78,70,24,22,20,14,12,18,22,16,44,36,34,34,80,68,80,148
10.12.2008,Montepaschi Siena,Zalgiris Kaunas,100,93,26,19,31,21,16,23,27,30,57,40,43,53,97,96,97,193
10.12.2008,Unicaja,Olympiacos,60,56,17,20,11,15,18,9,14,12,28,35,32,21,63,53,63,116
10.12.2008,Tau Ceramica,Petrol Olimpija,101,69,25,27,27,10,20,13,29,19,52,37,49,32,89,81,89,170
10.12.2008,Anadolu Efes SK,Olimpia Milano,74,67,28,19,11,18,15,17,20,13,39,37,35,30,76,65,76,141
10.12.2008,Cibona,Le Mans,89,70,20,18,26,23,26,17,17,12,46,41,43,29,87,72,87,159
10.12.2008,CSKA Moscow,Panionios,93,61,29,17,21,14,20,10,23,20,50,31,43,30,81,73,81,154
09.12.2008,Alba Berlin,Fenerbahce Ulker,72,63,10,19,17,11,24,18,21,15,27,30,45,33,57,78,57,135
04.12.2008,Barcelona,Nancy,91,68,25,19,19,18,18,14,29,17,44,37,47,31,81,78,81,159
04.12.2008,Virtus Roma,Alba Berlin,70,64,19,14,16,18,15,11,20,21,35,32,35,32,67,67,67,134
04.12.2008,Petrol Olimpija,Joventut Badalona,65,86,13,14,18,24,14,24,20,24,31,38,34,48,69,82,69,151
04.12.2008,Maccabi Tel Aviv,Cibona,88,83,29,19,16,23,24,25,19,16,45,42,43,41,87,84,87,171
04.12.2008,Fenerbahce Ulker,Tau Ceramica,69,81,18,16,19,12,14,24,18,29,37,28,32,53,65,85,65,150
04.12.2008,Zalgiris Kaunas,Panathinaikos,69,80,13,22,13,18,21,21,22,19,26,40,43,40,66,83,66,149
03.12.2008,Olimpia Milano,CSKA Moscow,80,79,8,21,18,22,23,10,31,26,26,43,54,36,69,90,69,159
03.12.2008,Partizan,Anadolu Efes SK,83,77,21,14,19,22,21,15,22,26,40,36,43,41,76,84,76,160
03.12.2008,Le Mans,Unicaja,55,87,11,23,18,16,11,19,15,29,29,39,26,48,68,74,68,142
03.12.2008,Asseco Gdynia,Montepaschi Siena,71,83,9,13,19,25,22,25,21,20,28,38,43,45,66,88,66,154
03.12.2008,Panionios,Real Madrid,68,66,17,13,24,12,19,20,8,21,41,25,27,41,66,68,66,134
03.12.2008,Olympiacos,Avellino,91,66,20,16,21,9,32,15,18,26,41,25,50,41,66,91,66,157
27.11.2008,Olimpia Milano,Panionios,77,73,18,17,18,21,26,18,15,17,36,38,41,35,74,76,74,150
27.11.2008,Virtus Roma,Fenerbahce Ulker,76,67,19,14,18,16,17,15,22,22,37,30,39,37,67,76,67,143
27.11.2008,Joventut Badalona,Tau Ceramica,105,100,15,26,36,17,33,26,21,31,51,43,54,57,94,111,94,205
27.11.2008,Le Mans,Olympiacos,93,98,29,19,23,22,21,27,14,19,52,41,35,46,93,81,93,174
27.11.2008,Petrol Olimpija,Alba Berlin,77,69,28,19,15,13,17,12,17,25,43,32,34,37,75,71,75,146
27.11.2008,Maccabi Tel Aviv,Unicaja,73,80,20,28,20,16,21,18,12,18,40,44,33,36,84,69,84,153
27.11.2008,Zalgiris Kaunas,Barcelona,60,75,14,23,18,15,16,26,12,11,32,38,28,37,70,65,70,135
26.11.2008,Montepaschi Siena,Nancy,86,63,26,17,19,9,20,18,21,19,45,26,41,37,71,78,71,149
26.11.2008,Partizan,CSKA Moscow,62,63,17,19,13,15,22,18,10,11,30,34,32,29,64,61,64,125
26.11.2008,Asseco Gdynia,Panathinaikos,60,67,18,16,6,20,13,11,23,20,24,36,36,31,60,67,60,127
26.11.2008,Anadolu Efes SK,Real Madrid,81,95,15,21,25,25,21,25,20,24,40,46,41,49,86,90,86,176
26.11.2008,Cibona,Avellino,82,79,19,17,14,14,21,20,16,19,33,31,37,39,64,76,64,140
13.11.2008,Avellino,Le Mans,78,73,18,19,22,16,23,22,15,16,40,35,38,38,75,76,75,151
13.11.2008,Barcelona,Asseco Gdynia,74,62,10,12,20,14,28,16,16,20,30,26,44,36,56,80,56,136
13.11.2008,Olympiacos,Maccabi Tel Aviv,84,65,17,24,17,5,21,17,29,19,34,29,50,36,63,86,63,149
13.11.2008,Real Madrid,Olimpia Milano,70,69,21,20,16,18,19,15,14,16,37,38,33,31,75,64,75,139
13.11.2008,Unicaja,Cibona,77,67,19,16,23,12,14,20,21,19,42,28,35,39,70,74,70,144
13.11.2008,Alba Berlin,Joventut Badalona,74,72,19,19,19,18,18,24,18,11,38,37,36,35,75,71,75,146
13.11.2008,Panathinaikos,Montepaschi Siena,81,76,22,14,23,28,11,13,25,21,45,42,36,34,87,70,87,157
13.11.2008,Panionios,Partizan,72,67,19,10,21,25,16,12,16,20,40,35,32,32,75,64,75,139
13.11.2008,Fenerbahce Ulker,Petrol Olimpija,89,87,24,17,19,25,19,14,11,17,43,42,30,31,85,61,85,146
12.11.2008,Nancy,Zalgiris Kaunas,69,64,22,17,16,17,20,8,11,22,38,34,31,30,72,61,72,133
12.11.2008,Tau Ceramica,Virtus Roma,90,93,12,20,27,29,23,22,28,22,39,49,51,44,88,95,88,183
12.11.2008,CSKA Moscow,Anadolu Efes SK,90,68,27,9,20,18,27,20,16,21,47,27,43,41,74,84,74,158
06.11.2008,Montepaschi Siena,Barcelona,71,61,18,16,14,18,13,17,26,10,32,34,39,27,66,66,66,132
06.11.2008,Real Madrid,CSKA Moscow,54,58,10,11,18,12,10,16,16,19,28,23,26,35,51,61,51,112
06.11.2008,Joventut Badalona,Fenerbahce Ulker,67,70,13,19,22,9,11,14,21,28,35,28,32,42,63,74,63,137
06.11.2008,Petrol Olimpija,Virtus Roma,67,78,16,19,12,25,23,21,16,13,28,44,39,34,72,73,72,145
06.11.2008,Maccabi Tel Aviv,Le Mans,82,80,18,24,12,7,24,22,19,20,30,31,43,42,61,85,61,146
06.11.2008,Cibona,Olympiacos,85,76,14,18,25,10,28,27,18,21,39,28,46,48,67,94,67,161
05.11.2008,Avellino,Unicaja,72,70,15,23,15,15,23,19,19,13,30,38,42,32,68,74,68,142
05.11.2008,Partizan,Olimpia Milano,81,76,15,28,23,27,28,12,15,9,38,55,43,21,93,64,93,157
05.11.2008,Tau Ceramica,Alba Berlin,106,65,24,24,34,14,29,16,19,11,58,38,48,27,96,75,96,171
05.11.2008,Nancy,Panathinaikos,70,80,18,24,19,21,16,9,17,26,37,45,33,35,82,68,82,150
05.11.2008,Asseco Gdynia,Zalgiris Kaunas,65,60,10,12,15,16,19,16,21,16,25,28,40,32,53,72,53,125
05.11.2008,Anadolu Efes SK,Panionios,69,78,13,15,22,21,9,23,25,19,35,36,34,42,71,76,71,147
30.10.2008,Virtus Roma,Joventut Badalona,85,71,17,18,20,21,31,12,17,20,37,39,48,32,76,80,76,156
30.10.2008,Barcelona,Panathinaikos,90,66,26,15,24,18,22,12,18,21,50,33,40,33,83,73,83,156
30.10.2008,Le Mans,Cibona,54,58,6,10,12,19,15,12,21,17,18,29,36,29,47,65,47,112
30.10.2008,Petrol Olimpija,Tau Ceramica,90,91,22,23,19,30,25,23,24,15,41,53,49,38,94,87,94,181
30.10.2008,Maccabi Tel Aviv,Avellino,90,83,26,19,19,20,28,15,17,29,45,39,45,44,84,89,84,173
30.10.2008,Olympiacos,Unicaja,83,72,14,20,25,18,21,10,23,24,39,38,44,34,77,78,77,155
30.10.2008,Fenerbahce Ulker,Alba Berlin,82,73,23,15,18,22,20,22,21,14,41,37,41,36,78,77,78,155
30.10.2008,Zalgiris Kaunas,Montepaschi Siena,67,93,22,19,21,21,14,27,10,26,43,40,24,53,83,77,83,160
29.10.2008,Olimpia Milano,Anadolu Efes SK,71,81,17,20,16,23,16,22,22,16,33,43,38,38,76,76,76,152
29.10.2008,Partizan,Real Madrid,81,77,21,13,23,25,13,21,24,18,44,38,37,39,82,76,82,158
29.10.2008,Panionios,CSKA Moscow,52,86,14,23,10,22,16,18,12,23,24,45,28,41,69,69,69,138
29.10.2008,Asseco Gdynia,Nancy,91,62,14,19,18,12,28,16,31,15,32,31,59,31,63,90,63,153
23.10.2008,Avellino,Olympiacos,69,83,22,14,12,26,20,22,15,21,34,40,35,43,74,78,74,152
23.10.2008,Joventut Badalona,Petrol Olimpija,81,64,17,18,17,13,25,22,22,11,34,31,47,33,65,80,65,145
23.10.2008,Real Madrid,Panionios,87,66,26,21,18,16,23,15,20,14,44,37,43,29,81,72,81,153
23.10.2008,Nancy,Barcelona,54,82,15,21,20,20,10,25,9,16,35,41,19,41,76,60,76,136
23.10.2008,Alba Berlin,Virtus Roma,68,63,15,16,20,24,15,12,18,11,35,40,33,23,75,56,75,131
23.10.2008,Anadolu Efes SK,Partizan,61,60,11,14,24,10,14,13,12,23,35,24,26,36,59,62,59,121
23.10.2008,Cibona,Maccabi Tel Aviv,81,79,20,17,16,19,22,16,23,27,36,36,45,43,72,88,72,160
22.10.2008,Montepaschi Siena,Asseco Gdynia,80,71,22,14,21,22,19,15,18,20,43,36,37,35,79,72,79,151
22.10.2008,Unicaja,Le Mans,84,79,21,20,17,13,19,20,27,26,38,33,46,46,71,92,71,163
22.10.2008,CSKA Moscow,Olimpia Milano,90,64,22,9,27,18,17,16,24,21,49,27,41,37,76,78,76,154
22.10.2008,Panathinaikos,Zalgiris Kaunas,78,51,26,11,12,19,27,9,13,12,38,30,40,21,68,61,68,129
20.10.2008,Tau Ceramica,Fenerbahce Ulker,80,70,19,21,23,13,20,18,18,18,42,34,38,36,76,74,76,150
10.04.2008,Maccabi Tel Aviv,Barcelona,88,75,18,19,25,15,20,19,25,22,43,34,45,41,77,86,77,163
09.04.2008,Tau Ceramica,Partizan,85,68,16,19,22,13,22,21,25,15,38,32,47,36,70,83,70,153
09.04.2008,CSKA Moscow,Olympiacos,81,56,22,16,19,13,20,21,20,6,41,29,40,27,70,67,70,137
03.04.2008,Barcelona,Maccabi Tel Aviv,83,74,23,22,20,15,21,21,19,16,43,37,40,37,80,77,80,157
03.04.2008,Partizan,Tau Ceramica,76,55,25,15,11,16,18,17,22,7,36,31,40,24,67,64,67,131
03.04.2008,Olympiacos,CSKA Moscow,73,83,27,15,11,27,18,28,17,13,38,42,35,41,80,76,80,156
03.04.2008,Fenerbahce Ulker,Montepaschi Siena,65,86,15,25,19,12,11,25,20,24,34,37,31,49,71,80,71,151
01.04.2008,Montepaschi Siena,Fenerbahce Ulker,73,66,23,16,16,20,16,15,18,15,39,36,34,30,75,64,75,139
01.04.2008,Tau Ceramica,Partizan,74,66,18,16,18,22,20,12,18,16,36,38,38,28,74,66,74,140
01.04.2008,Maccabi Tel Aviv,Barcelona,81,75,16,14,20,15,21,28,24,18,36,29,45,46,65,91,65,156
01.04.2008,CSKA Moscow,Olympiacos,74,76,20,24,12,15,20,23,22,14,32,39,42,37,71,79,71,150
20.03.2008,Barcelona,CSKA Moscow,64,62,15,16,17,17,18,15,14,14,32,33,32,29,65,61,65,126
20.03.2008,Maccabi Tel Aviv,Zalgiris Kaunas,80,66,24,20,18,15,18,11,20,20,42,35,38,31,77,69,77,146
20.03.2008,Olympiacos,Real Madrid,72,63,19,18,14,11,16,18,23,16,33,29,39,34,62,73,62,135
20.03.2008,Unicaja,Virtus Roma,79,58,19,12,14,17,21,17,25,12,33,29,46,29,62,75,62,137
19.03.2008,Aris,Lietuvos Rytas,83,74,18,19,22,17,17,12,26,26,40,36,43,38,76,81,76,157
19.03.2008,Fenerbahce Ulker,Tau Ceramica,75,59,30,17,13,13,16,20,16,9,43,30,32,29,73,61,73,134
19.03.2008,Montepaschi Siena,Anadolu Efes SK,80,67,20,15,24,15,15,13,21,24,44,30,36,37,74,73,74,147
19.03.2008,Partizan,Panathinaikos,82,73,26,17,16,20,18,18,22,18,42,37,40,36,79,76,79,155
13.03.2008,Panathinaikos,Montepaschi Siena,77,76,17,27,26,18,19,16,15,15,43,45,34,31,88,65,88,153
13.03.2008,Real Madrid,Maccabi Tel Aviv,100,103,23,19,23,21,24,31,19,18,46,40,43,49,86,92,86,178
13.03.2008,Anadolu Efes SK,Partizan,79,83,19,24,10,14,18,30,32,15,29,38,50,45,67,95,67,162
13.03.2008,Zalgiris Kaunas,Olympiacos,52,61,9,13,19,14,15,12,9,22,28,27,24,34,55,58,55,113
12.03.2008,Tau Ceramica,Aris,90,74,22,24,21,13,20,18,27,19,43,37,47,37,80,84,80,164
12.03.2008,Virtus Roma,Barcelona,68,63,22,12,11,18,13,20,22,13,33,30,35,33,63,68,63,131
12.03.2008,Lietuvos Rytas,Fenerbahce Ulker,87,84,18,26,20,20,25,24,24,14,38,46,49,38,84,87,84,171
12.03.2008,CSKA Moscow,Unicaja,93,70,24,16,20,10,23,18,26,26,44,26,49,44,70,93,70,163
06.03.2008,Panathinaikos,Anadolu Efes SK,74,65,15,20,16,18,23,14,20,13,31,38,43,27,69,70,69,139
06.03.2008,Virtus Roma,CSKA Moscow,54,82,10,28,15,20,15,16,14,18,25,48,29,34,73,63,73,136
06.03.2008,Maccabi Tel Aviv,Olympiacos,82,87,25,21,25,23,21,17,11,26,50,44,32,43,94,75,94,169
06.03.2008,Zalgiris Kaunas,Real Madrid,69,83,14,14,16,30,23,21,16,18,30,44,39,39,74,78,74,152
05.03.2008,Unicaja,Barcelona,62,61,11,15,23,17,14,15,14,14,34,32,28,29,66,57,66,123
05.03.2008,Tau Ceramica,Lietuvos Rytas,87,84,28,26,17,22,27,19,15,17,45,48,42,36,93,78,93,171
05.03.2008,Fenerbahce Ulker,Aris,59,60,15,22,17,12,13,16,14,10,32,34,27,26,66,53,66,119
05.03.2008,Partizan,Montepaschi Siena,78,75,16,13,16,21,15,20,31,21,32,34,46,41,66,87,66,153
28.02.2008,Aris,Tau Ceramica,69,87,14,18,13,27,21,21,21,21,27,45,42,42,72,84,72,156
28.02.2008,Barcelona,Virtus Roma,86,57,30,11,11,14,18,15,27,17,41,25,45,32,66,77,66,143
28.02.2008,Partizan,Anadolu Efes SK,78,65,19,20,20,8,13,15,26,22,39,28,39,37,67,76,67,143
28.02.2008,Maccabi Tel Aviv,Real Madrid,94,75,25,24,25,13,20,13,24,25,50,37,44,38,87,82,87,169
28.02.2008,Fenerbahce Ulker,Lietuvos Rytas,95,91,25,27,20,7,10,29,24,16,45,34,34,45,79,79,79,158
27.02.2008,Montepaschi Siena,Panathinaikos,84,75,22,19,21,21,22,19,19,16,43,40,41,35,83,76,83,159
27.02.2008,Olympiacos,Zalgiris Kaunas,86,84,20,22,19,16,16,18,17,16,39,38,33,34,77,67,77,144
27.02.2008,Unicaja,CSKA Moscow,72,67,21,16,18,17,19,13,14,21,39,33,33,34,72,67,72,139
21.02.2008,Real Madrid,Olympiacos,80,70,27,14,18,21,17,18,18,17,45,35,35,35,80,70,80,150
21.02.2008,Virtus Roma,Unicaja,75,67,12,17,27,17,19,19,17,14,39,34,36,33,73,69,73,142
21.02.2008,Zalgiris Kaunas,Maccabi Tel Aviv,101,82,21,26,27,22,31,14,22,20,48,48,53,34,96,87,96,183
20.02.2008,Tau Ceramica,Fenerbahce Ulker,103,84,25,17,25,21,24,18,29,28,50,38,53,46,88,99,88,187
20.02.2008,Panathinaikos,Partizan,67,65,21,23,13,17,15,16,18,9,34,40,33,25,74,58,74,132
20.02.2008,Lietuvos Rytas,Aris,89,74,27,11,22,20,16,18,24,25,49,31,40,43,80,83,80,163
20.02.2008,Anadolu Efes SK,Montepaschi Siena,76,79,13,12,17,16,14,21,25,20,30,28,39,41,58,80,58,138
20.02.2008,CSKA Moscow,Barcelona,72,55,16,11,16,14,16,18,24,12,32,25,40,30,57,70,57,127
14.02.2008,Barcelona,Unicaja,64,62,17,9,23,22,13,16,11,15,40,31,24,31,71,55,71,126
14.02.2008,Olympiacos,Maccabi Tel Aviv,67,75,17,16,13,13,16,29,21,17,30,29,37,46,59,83,59,142
14.02.2008,Real Madrid,Zalgiris Kaunas,88,85,22,16,21,23,16,20,29,26,43,39,45,46,82,91,82,173
14.02.2008,Montepaschi Siena,Partizan,71,54,16,9,17,18,15,9,23,18,33,27,38,27,60,65,60,125
14.02.2008,Aris,Fenerbahce Ulker,88,96,21,29,22,21,17,20,28,26,43,50,45,46,93,91,93,184
13.02.2008,Anadolu Efes SK,Panathinaikos,74,64,17,21,29,14,17,13,11,16,46,35,28,29,81,57,81,138
13.02.2008,Lietuvos Rytas,Tau Ceramica,81,84,18,18,15,26,24,21,24,19,33,44,48,40,77,88,77,165
13.02.2008,CSKA Moscow,Virtus Roma,72,71,15,14,14,18,15,19,28,20,29,32,43,39,61,82,61,143
31.01.2008,Aris,Maccabi Tel Aviv,94,101,27,24,16,21,17,20,26,21,43,45,43,41,88,84,88,172
31.01.2008,Cibona,Lietuvos Rytas,79,86,23,17,23,20,15,27,18,22,46,37,33,49,83,82,83,165
31.01.2008,Olimpia Milano,Le Mans,63,83,18,16,10,27,20,22,15,18,28,43,35,40,71,75,71,146
31.01.2008,Unicaja,Anadolu Efes SK,87,77,22,24,32,14,13,15,20,24,54,38,33,39,92,72,92,164
31.01.2008,Bamberg,Barcelona,65,69,16,21,15,13,20,12,14,23,31,34,34,35,65,69,65,134
31.01.2008,Fenerbahce Ulker,Partizan,86,91,27,18,12,27,26,22,21,24,39,45,47,46,84,93,84,177
31.01.2008,Real Madrid,Panathinaikos,95,87,22,24,31,19,18,21,12,19,53,43,30,40,96,70,96,166
31.01.2008,Virtus Roma,Chorale de Roanne,67,74,15,15,15,20,16,19,21,20,30,35,37,39,65,76,65,141
30.01.2008,Asseco Gdynia,Petrol Olimpija,79,68,15,17,23,15,21,18,20,18,38,32,41,36,70,77,70,147
30.01.2008,Bologna,CSKA Moscow,68,92,5,24,19,27,24,21,20,20,24,51,44,41,75,85,75,160
30.01.2008,Olympiacos,Montepaschi Siena,73,80,15,18,16,23,20,11,22,28,31,41,42,39,72,81,72,153
30.01.2008,Tau Ceramica,Zalgiris Kaunas,84,66,16,24,28,15,21,18,19,9,44,39,40,27,83,67,83,150
24.01.2008,Partizan,Bamberg,85,37,14,10,28,8,21,10,22,9,42,18,43,19,60,62,60,122
24.01.2008,Petrol Olimpija,Bologna,75,60,19,13,24,19,15,15,17,13,43,32,32,28,75,60,75,135
24.01.2008,Chorale de Roanne,Real Madrid,68,82,19,24,16,15,17,20,16,23,35,39,33,43,74,76,74,150
24.01.2008,Maccabi Tel Aviv,Olimpia Milano,91,76,23,27,21,19,27,19,20,11,44,46,47,30,90,77,90,167
24.01.2008,Panathinaikos,Fenerbahce Ulker,88,68,16,15,26,14,28,18,18,21,42,29,46,39,71,85,71,156
24.01.2008,Zalgiris Kaunas,Olympiacos,88,75,21,14,21,18,25,22,21,21,42,32,46,43,74,89,74,163
23.01.2008,Barcelona,Virtus Roma,75,77,22,25,17,10,17,25,19,17,39,35,36,42,74,78,74,152
23.01.2008,Le Mans,Cibona,100,87,28,17,30,24,18,23,24,23,58,41,42,46,99,88,99,187
23.01.2008,Montepaschi Siena,Asseco Gdynia,87,64,22,8,21,15,20,17,24,24,43,23,44,41,66,85,66,151
23.01.2008,Anadolu Efes SK,Aris,74,84,17,10,17,21,17,23,23,30,34,31,40,53,65,93,65,158
23.01.2008,Lietuvos Rytas,Unicaja,71,63,22,15,19,13,13,19,17,16,41,28,30,35,69,65,69,134
23.01.2008,CSKA Moscow,Tau Ceramica,70,62,19,16,15,13,22,13,14,20,34,29,36,33,63,69,63,132
17.01.2008,Bamberg,Fenerbahce Ulker,81,73,23,12,15,17,14,16,29,28,38,29,43,44,67,87,67,154
17.01.2008,Bologna,Montepaschi Siena,64,77,12,30,22,13,19,14,11,20,34,43,30,34,77,64,77,141
17.01.2008,Tau Ceramica,Petrol Olimpija,89,74,25,21,27,12,21,26,16,15,52,33,37,41,85,78,85,163
17.01.2008,Real Madrid,Barcelona,82,79,26,11,14,24,16,20,26,24,40,35,42,44,75,86,75,161
17.01.2008,Asseco Gdynia,Olympiacos,63,59,14,14,15,15,11,15,23,15,29,29,34,30,58,64,58,122
17.01.2008,Panathinaikos,Chorale de Roanne,102,78,29,15,23,22,23,14,27,27,52,37,50,41,89,91,89,180
17.01.2008,Zalgiris Kaunas,CSKA Moscow,60,88,16,26,14,20,16,20,14,22,30,46,30,42,76,72,76,148
17.01.2008,Cibona,Maccabi Tel Aviv,76,81,20,17,4,27,29,18,23,19,24,44,52,37,68,89,68,157
16.01.2008,Unicaja,Le Mans,87,68,23,14,23,22,20,10,21,22,46,36,41,32,82,73,82,155
16.01.2008,Olimpia Milano,Aris,77,69,20,15,15,18,19,22,23,14,35,33,42,36,68,78,68,146
16.01.2008,Virtus Roma,Partizan,88,87,22,25,18,11,25,22,15,22,40,36,40,44,76,84,76,160
16.01.2008,Anadolu Efes SK,Lietuvos Rytas,90,84,20,24,26,22,16,21,28,17,46,46,44,38,92,82,92,174
10.01.2008,Barcelona,Panathinaikos,55,56,15,16,16,7,13,21,11,12,31,23,24,33,54,57,54,111
10.01.2008,Partizan,Real Madrid,72,80,17,21,21,20,15,20,19,19,38,41,34,39,79,73,79,152
10.01.2008,Petrol Olimpija,Zalgiris Kaunas,74,83,9,18,21,16,12,15,32,34,30,34,44,49,64,93,64,157
10.01.2008,Le Mans,Anadolu Efes SK,84,91,26,16,25,24,23,21,6,19,51,40,29,40,91,69,91,160
10.01.2008,Olympiacos,CSKA Moscow,71,67,15,15,24,18,19,18,13,16,39,33,32,34,72,66,72,138
10.01.2008,Maccabi Tel Aviv,Unicaja,87,68,29,27,15,12,17,15,26,14,44,39,43,29,83,72,83,155
10.01.2008,Asseco Gdynia,Bologna,79,59,20,16,19,20,19,15,21,8,39,36,40,23,75,63,75,138
09.01.2008,Bamberg,Virtus Roma,59,73,11,16,15,16,13,18,20,23,26,32,33,41,58,74,58,132
09.01.2008,Montepaschi Siena,Tau Ceramica,83,71,28,23,11,10,21,16,23,22,39,33,44,38,72,82,72,154
09.01.2008,Olimpia Milano,Cibona,63,72,16,16,19,17,13,18,15,21,35,33,28,39,68,67,68,135
09.01.2008,Aris,Lietuvos Rytas,69,72,15,12,21,20,15,17,18,23,36,32,33,40,68,73,68,141
09.01.2008,Fenerbahce Ulker,Chorale de Roanne,81,68,28,13,16,23,21,19,16,13,44,36,37,32,80,69,80,149
03.01.2008,Real Madrid,Bamberg,93,57,29,12,25,17,21,15,18,13,54,29,39,28,83,67,83,150
03.01.2008,Bologna,Olympiacos,80,91,20,25,20,25,19,21,21,20,40,50,40,41,90,81,90,171
03.01.2008,Tau Ceramica,Asseco Gdynia,98,74,28,24,33,16,18,7,19,27,61,40,37,34,101,71,101,172
03.01.2008,Virtus Roma,Fenerbahce Ulker,63,84,18,19,14,23,12,17,19,25,32,42,31,42,74,73,74,147
03.01.2008,Zalgiris Kaunas,Montepaschi Siena,75,69,18,11,21,22,16,21,20,15,39,33,36,36,72,72,72,144
03.01.2008,Anadolu Efes SK,Maccabi Tel Aviv,68,83,23,22,11,23,20,17,14,21,34,45,34,38,79,72,79,151
03.01.2008,Cibona,Aris,76,83,20,24,21,24,21,20,14,15,41,48,35,35,89,70,89,159
03.01.2008,Lietuvos Rytas,Le Mans,85,50,23,10,25,16,24,9,13,15,48,26,37,24,74,61,74,135
02.01.2008,Unicaja,Olimpia Milano,89,70,24,20,20,17,24,17,21,16,44,37,45,33,81,78,81,159
02.01.2008,Chorale de Roanne,Barcelona,79,89,20,21,21,16,15,25,23,27,41,37,38,52,78,90,78,168
02.01.2008,Panathinaikos,Partizan,67,66,16,15,17,14,22,14,12,23,33,29,34,37,62,71,62,133
02.01.2008,CSKA Moscow,Petrol Olimpija,74,57,13,13,21,15,20,13,20,16,34,28,40,29,62,69,62,131
20.12.2007,Aris,Le Mans,93,74,27,23,27,12,14,15,25,24,54,35,39,39,89,78,89,167
20.12.2007,Bologna,Tau Ceramica,69,85,17,26,17,17,21,24,14,18,34,43,35,42,77,77,77,154
20.12.2007,Virtus Roma,Real Madrid,69,64,19,19,15,13,15,21,20,11,34,32,35,32,66,67,66,133
20.12.2007,Maccabi Tel Aviv,Lietuvos Rytas,82,87,25,22,16,20,23,19,18,26,41,42,41,45,83,86,83,169
20.12.2007,Fenerbahce Ulker,Barcelona,78,85,15,21,26,22,15,20,22,22,41,43,37,42,84,79,84,163
20.12.2007,Cibona,Unicaja,62,76,17,26,15,6,11,18,19,26,32,32,30,44,64,74,64,138
19.12.2007,Bamberg,Panathinaikos,58,72,8,17,20,23,15,13,15,19,28,40,30,32,68,62,68,130
19.12.2007,Partizan,Chorale de Roanne,82,76,14,30,26,21,20,13,22,12,40,51,42,25,91,67,91,158
19.12.2007,Montepaschi Siena,CSKA Moscow,66,69,21,21,22,12,14,23,9,13,43,33,23,36,76,59,76,135
19.12.2007,Olimpia Milano,Anadolu Efes SK,73,76,14,16,20,20,20,25,19,15,34,36,39,40,70,79,70,149
19.12.2007,Asseco Gdynia,Zalgiris Kaunas,80,85,22,10,18,25,13,28,27,22,40,35,40,50,75,90,75,165
19.12.2007,Olympiacos,Petrol Olimpija,113,80,28,17,25,26,25,18,35,19,53,43,60,37,96,97,96,193
13.12.2007,Barcelona,Partizan,95,69,28,14,19,22,18,15,30,18,47,36,48,33,83,81,83,164
13.12.2007,Petrol Olimpija,Montepaschi Siena,80,86,22,21,17,15,21,19,20,31,39,36,41,50,75,91,75,166
13.12.2007,Le Mans,Maccabi Tel Aviv,91,99,25,24,19,26,16,29,31,20,44,50,47,49,94,96,94,190
13.12.2007,Virtus Roma,Panathinaikos,85,67,20,23,28,25,20,9,17,10,48,48,37,19,96,56,96,152
13.12.2007,Real Madrid,Fenerbahce Ulker,87,77,26,18,21,15,15,17,25,27,47,33,40,44,80,84,80,164
13.12.2007,Zalgiris Kaunas,Bologna,102,82,30,17,21,15,32,18,19,32,51,32,51,50,83,101,83,184
12.12.2007,Unicaja,Aris,73,52,18,9,13,17,24,17,18,9,31,26,42,26,57,68,57,125
12.12.2007,Chorale de Roanne,Bamberg,84,81,21,20,12,16,24,21,27,24,33,36,51,45,69,96,69,165
12.12.2007,Tau Ceramica,Olympiacos,75,64,25,14,11,24,21,21,18,5,36,38,39,26,74,65,74,139
12.12.2007,Anadolu Efes SK,Cibona,100,74,25,18,27,24,27,17,21,15,52,42,48,32,94,80,94,174
12.12.2007,Lietuvos Rytas,Olimpia Milano,75,62,22,19,20,15,20,16,13,12,42,34,33,28,76,61,76,137
12.12.2007,CSKA Moscow,Asseco Gdynia,99,67,21,13,27,21,25,17,26,16,48,34,51,33,82,84,82,166
06.12.2007,Petrol Olimpija,Asseco Gdynia,68,49,13,15,22,11,14,15,19,8,35,26,33,23,61,56,61,117
06.12.2007,Le Mans,Olimpia Milano,63,71,17,13,14,20,22,16,10,22,31,33,32,38,64,70,64,134
06.12.2007,Panathinaikos,Real Madrid,92,85,26,20,20,27,19,21,27,17,46,47,46,38,93,84,93,177
06.12.2007,Maccabi Tel Aviv,Aris,85,70,23,14,27,16,15,23,20,17,50,30,35,40,80,75,80,155
06.12.2007,Zalgiris Kaunas,Tau Ceramica,95,92,19,23,27,25,18,15,31,29,46,48,49,44,94,93,94,187
05.12.2007,Barcelona,Bamberg,80,58,16,11,21,22,18,9,25,16,37,33,43,25,70,68,70,138
05.12.2007,Partizan,Fenerbahce Ulker,72,76,16,20,18,15,18,20,20,21,34,35,38,41,69,79,69,148
05.12.2007,Chorale de Roanne,Virtus Roma,104,85,26,15,23,26,26,16,29,28,49,41,55,44,90,99,90,189
05.12.2007,Montepaschi Siena,Olympiacos,86,84,20,19,21,20,19,24,26,21,41,39,45,45,80,90,80,170
05.12.2007,Anadolu Efes SK,Unicaja,91,75,28,21,23,15,20,19,20,20,51,36,40,39,87,79,87,166
05.12.2007,Lietuvos Rytas,Cibona,93,59,23,14,24,11,23,17,23,17,47,25,46,34,72,80,72,152
05.12.2007,CSKA Moscow,Bologna,79,53,26,18,13,15,18,13,22,7,39,33,40,20,72,60,72,132
29.11.2007,Real Madrid,Chorale de Roanne,104,73,24,15,26,25,24,16,30,17,50,40,54,33,90,87,90,177
29.11.2007,Bologna,Petrol Olimpija,101,91,21,20,20,23,31,10,29,38,41,43,60,48,84,108,84,192
29.11.2007,Olimpia Milano,Maccabi Tel Aviv,81,82,25,23,20,24,19,14,17,21,45,47,36,35,92,71,92,163
29.11.2007,Tau Ceramica,CSKA Moscow,76,85,13,25,22,19,18,22,23,19,35,44,41,41,79,82,79,161
29.11.2007,Olympiacos,Zalgiris Kaunas,90,74,26,20,23,27,21,14,20,13,49,47,41,27,96,68,96,164
29.11.2007,Fenerbahce Ulker,Panathinaikos,64,83,20,19,19,24,5,22,20,18,39,43,25,40,82,65,82,147
28.11.2007,Bamberg,Partizan,78,62,22,12,19,15,16,21,21,14,41,27,37,35,68,72,68,140
28.11.2007,Unicaja,Lietuvos Rytas,71,69,19,18,21,19,15,14,16,18,40,37,31,32,77,63,77,140
28.11.2007,Virtus Roma,Barcelona,65,74,9,22,22,15,19,23,15,14,31,37,34,37,68,71,68,139
28.11.2007,Aris,Anadolu Efes SK,67,64,14,17,18,8,13,14,22,25,32,25,35,39,57,74,57,131
28.11.2007,Asseco Gdynia,Montepaschi Siena,59,84,12,22,9,21,20,23,18,18,21,43,38,41,64,79,64,143
28.11.2007,Cibona,Le Mans,91,71,21,22,20,18,26,18,24,13,41,40,50,31,81,81,81,162
22.11.2007,Barcelona,Real Madrid,73,62,24,13,24,23,6,15,19,11,48,36,25,26,84,51,84,135
22.11.2007,Aris,Olimpia Milano,70,77,11,26,24,15,19,21,16,15,35,41,35,36,76,71,76,147
22.11.2007,Le Mans,Unicaja,74,83,20,27,21,27,18,6,15,23,41,54,33,29,95,62,95,157
22.11.2007,Maccabi Tel Aviv,Cibona,80,74,21,22,19,7,28,22,12,23,40,29,40,45,69,85,69,154
22.11.2007,Fenerbahce Ulker,Bamberg,79,77,23,20,9,16,18,18,29,23,32,36,47,41,68,88,68,156
21.11.2007,Petrol Olimpija,Tau Ceramica,78,92,16,30,15,21,22,19,25,22,31,51,47,41,82,88,82,170
21.11.2007,Chorale de Roanne,Panathinaikos,83,123,22,29,17,35,22,30,22,29,39,64,44,59,103,103,103,206
21.11.2007,Montepaschi Siena,Bologna,80,69,16,12,24,21,13,24,27,12,40,33,40,36,73,76,73,149
21.11.2007,Lietuvos Rytas,Anadolu Efes SK,70,77,10,13,19,20,18,16,23,28,29,33,41,44,62,85,62,147
21.11.2007,Olympiacos,Asseco Gdynia,109,65,31,14,21,16,34,14,23,21,52,30,57,35,82,92,82,174
21.11.2007,Partizan,Virtus Roma,91,86,25,26,29,25,18,19,19,16,54,51,37,35,105,72,105,177
21.11.2007,CSKA Moscow,Zalgiris Kaunas,78,70,25,20,18,16,19,21,16,13,43,36,35,34,79,69,79,148
15.11.2007,Panathinaikos,Barcelona,76,66,19,15,17,22,20,10,20,19,36,37,40,29,73,69,73,142
15.11.2007,Tau Ceramica,Montepaschi Siena,76,61,21,13,17,17,15,16,23,15,38,30,38,31,68,69,68,137
15.11.2007,Virtus Roma,Bamberg,81,57,19,10,22,15,23,24,17,8,41,25,40,32,66,72,66,138
15.11.2007,Unicaja,Maccabi Tel Aviv,93,70,21,16,24,20,20,21,28,13,45,36,48,34,81,82,81,163
15.11.2007,Anadolu Efes SK,Le Mans,66,63,13,25,20,11,7,15,26,12,33,36,33,27,69,60,69,129
15.11.2007,Zalgiris Kaunas,Petrol Olimpija,91,72,25,22,29,20,16,17,21,13,54,42,37,30,96,67,96,163
14.11.2007,Real Madrid,Partizan,75,64,20,11,13,10,26,21,16,22,33,21,42,43,54,85,54,139
14.11.2007,Bologna,Asseco Gdynia,75,87,10,17,21,27,16,19,28,24,31,44,44,43,75,87,75,162
14.11.2007,Chorale de Roanne,Fenerbahce Ulker,90,97,33,24,21,25,12,20,24,28,54,49,36,48,103,84,103,187
14.11.2007,Lietuvos Rytas,Aris,77,70,25,15,17,16,19,16,16,23,42,31,35,39,73,74,73,147
14.11.2007,Cibona,Olimpia Milano,100,91,26,25,27,21,27,21,20,24,53,46,47,45,99,92,99,191
14.11.2007,CSKA Moscow,Olympiacos,88,79,22,23,23,17,16,22,27,17,45,40,43,39,85,82,85,167
08.11.2007,Barcelona,Chorale de Roanne,82,76,20,14,22,20,17,17,23,25,42,34,40,42,76,82,76,158
08.11.2007,Olimpia Milano,Unicaja,65,74,23,20,16,17,11,14,15,23,39,37,26,37,76,63,76,139
08.11.2007,Olympiacos,Bologna,104,76,22,11,24,25,32,26,26,14,46,36,58,40,82,98,82,180
08.11.2007,Asseco Gdynia,Tau Ceramica,66,82,19,21,17,23,6,25,24,13,36,44,30,38,80,68,80,148
08.11.2007,Maccabi Tel Aviv,Anadolu Efes SK,73,67,18,18,18,17,14,20,23,12,36,35,37,32,71,69,71,140
07.11.2007,Bamberg,Real Madrid,49,59,17,16,14,14,8,14,10,15,31,30,18,29,61,47,61,108
07.11.2007,Partizan,Panathinaikos,90,94,16,24,25,22,29,23,20,25,41,46,49,48,87,97,87,184
07.11.2007,Petrol Olimpija,CSKA Moscow,74,72,23,22,17,21,14,12,20,17,40,43,34,29,83,63,83,146
07.11.2007,Le Mans,Lietuvos Rytas,77,83,16,23,23,16,21,19,17,25,39,39,38,44,78,82,78,160
07.11.2007,Montepaschi Siena,Zalgiris Kaunas,89,64,21,10,22,19,23,26,23,9,43,29,46,35,72,81,72,153
07.11.2007,Aris,Cibona,77,73,21,21,12,19,21,21,23,12,33,40,44,33,73,77,73,150
06.11.2007,Fenerbahce Ulker,Virtus Roma,85,66,20,10,22,24,23,13,20,19,42,34,43,32,76,75,76,151
01.11.2007,Petrol Olimpija,Olympiacos,87,78,14,21,23,13,19,19,31,25,37,34,50,44,71,94,71,165
01.11.2007,Le Mans,Aris,66,69,19,18,8,21,22,13,17,17,27,39,39,30,66,69,66,135
01.11.2007,Tau Ceramica,Bologna,98,71,26,19,23,15,29,13,20,24,49,34,49,37,83,86,83,169
01.11.2007,Barcelona,Fenerbahce Ulker,82,67,26,13,18,23,15,16,23,15,44,36,38,31,80,69,80,149
01.11.2007,Real Madrid,Virtus Roma,89,83,29,17,16,25,21,22,23,19,45,42,44,41,87,85,87,172
01.11.2007,Lietuvos Rytas,Maccabi Tel Aviv,92,74,22,14,24,17,26,22,20,21,46,31,46,43,77,89,77,166
31.10.2007,Unicaja,Cibona,102,64,21,18,33,16,24,14,24,16,54,34,48,30,88,78,88,166
31.10.2007,Chorale de Roanne,Partizan,87,88,23,23,12,21,28,26,24,18,35,44,52,44,79,96,79,175
31.10.2007,Panathinaikos,Bamberg,66,61,20,17,13,12,21,16,12,16,33,29,33,32,62,65,62,127
31.10.2007,Anadolu Efes SK,Olimpia Milano,80,70,20,18,26,10,23,24,11,18,46,28,34,42,74,76,74,150
31.10.2007,Zalgiris Kaunas,Asseco Gdynia,82,72,16,31,19,11,21,8,26,22,35,42,47,30,77,77,77,154
31.10.2007,CSKA Moscow,Montepaschi Siena,74,70,20,18,16,15,24,19,14,18,36,33,38,37,69,75,69,144
25.10.2007,Bamberg,Chorale de Roanne,61,64,10,19,15,10,14,21,22,14,25,29,36,35,54,71,54,125
25.10.2007,Maccabi Tel Aviv,Le Mans,74,71,25,23,16,19,15,20,18,9,41,42,33,29,83,62,83,145
25.10.2007,Olimpia Milano,Lietuvos Rytas,76,83,16,26,13,18,22,17,25,22,29,44,47,39,73,86,73,159
25.10.2007,Olympiacos,Tau Ceramica,95,90,26,20,29,17,15,28,25,25,55,37,40,53,92,93,92,185
25.10.2007,Fenerbahce Ulker,Real Madrid,72,80,10,30,21,18,26,20,15,12,31,48,41,32,79,73,79,152
24.10.2007,Partizan,Barcelona,81,78,15,20,27,21,20,13,19,24,42,41,39,37,83,76,83,159
24.10.2007,Bologna,Zalgiris Kaunas,81,75,19,21,18,18,20,22,24,14,37,39,44,36,76,80,76,156
24.10.2007,Montepaschi Siena,Petrol Olimpija,80,52,20,18,30,8,9,15,21,11,50,26,30,26,76,56,76,132
24.10.2007,Aris,Unicaja,87,83,24,23,16,16,19,26,28,18,40,39,47,44,79,91,79,170
24.10.2007,Panathinaikos,Virtus Roma,86,83,20,26,15,19,27,13,24,25,35,45,51,38,80,89,80,169
24.10.2007,Cibona,Anadolu Efes SK,93,85,21,28,26,26,28,16,18,15,47,54,46,31,101,77,101,178
22.10.2007,Asseco Gdynia,CSKA Moscow,69,88,16,13,16,32,18,24,19,19,32,45,37,43,77,80,77,157
06.05.2007,Panathinaikos,CSKA Moscow,93,91,18,17,28,19,19,21,28,34,46,36,47,55,82,102,82,184
06.05.2007,Unicaja,Tau Ceramica,76,74,16,15,19,25,16,21,25,13,35,40,41,34,75,75,75,150
04.05.2007,Panathinaikos,Tau Ceramica,67,53,18,9,17,12,12,14,20,18,35,21,32,32,56,64,56,120
04.05.2007,CSKA Moscow,Unicaja,62,50,18,15,15,9,11,20,18,6,33,24,29,26,57,55,57,112
12.04.2007,Unicaja,Barcelona,67,64,21,18,17,14,10,12,19,20,38,32,29,32,70,61,70,131
12.04.2007,CSKA Moscow,Maccabi Tel Aviv,92,71,32,13,27,24,13,12,20,22,59,37,33,34,96,67,96,163
05.04.2007,Barcelona,Unicaja,80,58,23,14,18,16,23,18,16,10,41,30,39,28,71,67,71,138
05.04.2007,Maccabi Tel Aviv,CSKA Moscow,68,56,11,11,24,14,20,10,13,21,35,25,33,31,60,64,60,124
05.04.2007,Olympiacos,Tau Ceramica,89,95,19,16,22,28,16,20,32,31,41,44,48,51,85,99,85,184
05.04.2007,Dynamo Moscow,Panathinaikos,65,73,12,16,18,20,16,22,19,15,30,36,35,37,66,72,66,138
03.04.2007,Unicaja,Barcelona,91,75,17,24,29,16,26,19,19,16,46,40,45,35,86,80,86,166
03.04.2007,Tau Ceramica,Olympiacos,84,59,20,12,20,16,19,12,25,19,40,28,44,31,68,75,68,143
03.04.2007,Panathinaikos,Dynamo Moscow,80,58,23,11,23,16,17,11,17,20,46,27,34,31,73,65,73,138
03.04.2007,CSKA Moscow,Maccabi Tel Aviv,80,58,21,6,19,16,16,12,24,24,40,22,40,36,62,76,62,138
22.03.2007,Olympiacos,Joventut Badalona,81,65,26,21,18,15,20,12,17,17,44,36,37,29,80,66,80,146
22.03.2007,Partizan,CSKA Moscow,55,86,10,23,10,18,18,21,17,24,20,41,35,45,61,80,61,141
22.03.2007,Tau Ceramica,Pau-Orthez,93,75,29,11,18,23,24,13,22,28,47,34,46,41,81,87,81,168
22.03.2007,Maccabi Tel Aviv,Virtus Roma,79,72,12,19,24,16,24,12,19,25,36,35,43,37,71,80,71,151
21.03.2007,Aris,Unicaja,83,65,17,12,21,11,20,14,25,28,38,23,45,42,61,87,61,148
21.03.2007,Asseco Gdynia,Anadolu Efes SK,64,72,18,24,13,21,12,14,21,13,31,45,33,27,76,60,76,136
21.03.2007,Barcelona,Panathinaikos,87,66,14,20,27,15,21,11,25,20,41,35,46,31,76,77,76,153
21.03.2007,Dynamo Moscow,Treviso,68,65,13,16,10,19,20,8,15,15,23,35,35,23,58,58,58,116
15.03.2007,Unicaja,Dynamo Moscow,73,62,23,16,23,17,19,8,8,21,46,33,27,29,79,56,79,135
15.03.2007,Virtus Roma,Tau Ceramica,72,77,24,19,16,21,13,18,19,19,40,40,32,37,80,69,80,149
15.03.2007,Pau-Orthez,Maccabi Tel Aviv,94,98,20,26,25,22,13,19,31,22,45,48,44,41,93,85,93,178
15.03.2007,Panathinaikos,Asseco Gdynia,95,68,21,16,26,12,24,23,24,17,47,28,48,40,75,88,75,163
14.03.2007,Joventut Badalona,Partizan,80,89,22,21,28,22,16,24,14,22,50,43,30,46,93,76,93,169
14.03.2007,Treviso,Aris,83,72,25,14,18,19,22,18,18,21,43,33,40,39,76,79,76,155
14.03.2007,Anadolu Efes SK,Barcelona,82,78,24,17,22,22,21,17,15,22,46,39,36,39,85,75,85,160
14.03.2007,CSKA Moscow,Olympiacos,83,79,14,20,25,17,23,19,21,23,39,37,44,42,76,86,76,162
08.03.2007,Treviso,Unicaja,76,79,20,21,17,16,16,23,23,19,37,37,39,42,74,81,74,155
08.03.2007,Anadolu Efes SK,Panathinaikos,65,79,20,15,15,20,20,20,10,24,35,35,30,44,70,74,70,144
08.03.2007,Dynamo Moscow,Aris,71,69,21,17,17,21,15,21,18,10,38,38,33,31,76,64,76,140
08.03.2007,Asseco Gdynia,Barcelona,59,77,21,24,11,21,20,14,7,18,32,45,27,32,77,59,77,136
07.03.2007,Joventut Badalona,CSKA Moscow,65,73,17,21,15,21,13,16,20,15,32,42,33,31,74,64,74,138
07.03.2007,Tau Ceramica,Maccabi Tel Aviv,94,73,25,15,25,18,20,21,24,19,50,33,44,40,83,84,83,167
07.03.2007,Pau-Orthez,Virtus Roma,74,69,23,19,18,19,14,14,19,17,41,38,33,31,79,64,79,143
07.03.2007,Olympiacos,Partizan,79,75,23,16,14,13,17,26,25,20,37,29,42,46,66,88,66,154
01.03.2007,Barcelona,Anadolu Efes SK,82,73,17,20,20,10,22,29,23,14,37,30,45,43,67,88,67,155
01.03.2007,Partizan,Joventut Badalona,85,70,23,17,19,18,19,18,24,17,42,35,43,35,77,78,77,155
01.03.2007,Aris,Treviso,79,80,20,27,18,14,20,13,21,26,38,41,41,39,79,80,79,159
01.03.2007,Maccabi Tel Aviv,Pau-Orthez,74,70,23,20,15,20,12,16,24,14,38,40,36,30,78,66,78,144
01.03.2007,Olympiacos,CSKA Moscow,64,85,17,27,8,20,25,22,14,16,25,47,39,38,72,77,72,149
28.02.2007,Tau Ceramica,Virtus Roma,99,56,26,13,22,19,28,8,23,16,48,32,51,24,80,75,80,155
28.02.2007,Asseco Gdynia,Panathinaikos,69,75,16,17,20,13,12,21,21,24,36,30,33,45,66,78,66,144
28.02.2007,Dynamo Moscow,Unicaja,86,80,18,14,28,16,19,36,21,14,46,30,40,50,76,90,76,166
22.02.2007,Joventut Badalona,Olympiacos,58,56,20,19,11,10,11,8,16,19,31,29,27,27,60,54,60,114
22.02.2007,Pau-Orthez,Tau Ceramica,89,99,19,29,17,30,22,16,31,24,36,59,53,40,95,93,95,188
22.02.2007,Virtus Roma,Maccabi Tel Aviv,69,71,16,16,12,19,17,10,24,26,28,35,41,36,63,77,63,140
22.02.2007,Anadolu Efes SK,Asseco Gdynia,67,71,16,11,10,22,13,17,22,11,26,33,35,28,59,63,59,122
21.02.2007,Treviso,Dynamo Moscow,74,55,25,9,17,18,17,14,15,14,42,27,32,28,69,60,69,129
21.02.2007,Unicaja,Aris,76,74,21,17,13,16,21,17,21,24,34,33,42,41,67,83,67,150
21.02.2007,Panathinaikos,Barcelona,102,82,32,15,19,16,23,27,28,24,51,31,51,51,82,102,82,184
21.02.2007,CSKA Moscow,Partizan,67,44,21,14,16,13,13,8,17,9,37,27,30,17,64,47,64,111
15.02.2007,Barcelona,Asseco Gdynia,92,73,24,17,21,12,23,17,24,27,45,29,47,44,74,91,74,165
15.02.2007,Unicaja,Treviso,75,61,27,10,12,16,21,17,15,18,39,26,36,35,65,71,65,136
15.02.2007,Aris,Dynamo Moscow,74,86,22,23,21,20,18,18,13,25,43,43,31,43,86,74,86,160
15.02.2007,Maccabi Tel Aviv,Tau Ceramica,68,79,24,30,13,8,17,19,14,22,37,38,31,41,75,72,75,147
15.02.2007,Panathinaikos,Anadolu Efes SK,84,57,19,12,21,10,19,22,25,13,40,22,44,35,62,79,62,141
14.02.2007,Partizan,Olympiacos,84,92,19,30,15,22,19,18,31,22,34,52,50,40,86,90,86,176
14.02.2007,Virtus Roma,Pau-Orthez,78,68,25,19,17,12,18,19,18,18,42,31,36,37,73,73,73,146
14.02.2007,CSKA Moscow,Joventut Badalona,81,69,22,23,23,22,20,6,16,18,45,45,36,24,90,60,90,150
01.02.2007,Anadolu Efes SK,Dynamo Moscow,72,76,23,18,12,13,22,29,15,16,35,31,37,45,66,82,66,148
01.02.2007,Asseco Gdynia,Fortitudo Bologna,78,84,16,24,26,13,10,20,26,27,42,37,36,47,79,83,79,162
01.02.2007,Joventut Badalona,Petrol Olimpija,82,86,24,17,20,26,22,19,16,24,44,43,38,43,87,81,87,168
01.02.2007,Maccabi Tel Aviv,Panathinaikos,76,73,12,24,21,13,19,22,24,14,33,37,43,36,70,79,70,149
01.02.2007,Olympiacos,Koln 99ers,77,73,20,17,27,20,12,16,18,20,47,37,30,36,84,66,84,150
01.02.2007,Partizan,Unicaja,90,94,12,22,24,19,12,16,35,26,36,41,47,42,77,89,77,166
01.02.2007,Tau Ceramica,Le Mans,86,54,28,13,20,9,20,14,18,18,48,22,38,32,70,70,70,140
01.02.2007,Virtus Roma,Cibona,81,58,23,17,24,16,19,10,15,15,47,33,34,25,80,59,80,139
31.01.2007,Aris,Barcelona,75,82,19,24,15,19,20,16,18,13,34,43,38,29,77,67,77,144
31.01.2007,Pau-Orthez,Zalgiris Kaunas,68,56,14,16,16,15,19,13,19,12,30,31,38,25,61,63,61,124
31.01.2007,SS Basket Napoli,Treviso,62,64,19,15,16,13,15,14,12,22,35,28,27,36,63,63,63,126
31.01.2007,CSKA Moscow,Fenerbahce Ulker,85,66,21,10,16,19,20,17,28,20,37,29,48,37,66,85,66,151
25.01.2007,Barcelona,CSKA Moscow,70,78,24,17,19,10,7,21,15,17,43,27,22,38,70,60,70,130
25.01.2007,Petrol Olimpija,Maccabi Tel Aviv,77,75,18,20,14,22,24,16,21,17,32,42,45,33,74,78,74,152
25.01.2007,Le Mans,Koln 99ers,69,60,20,25,14,13,15,8,20,14,34,38,35,22,72,57,72,129
25.01.2007,Zalgiris Kaunas,Aris,77,66,29,18,21,12,14,23,13,13,50,30,27,36,80,63,80,143
25.01.2007,Fenerbahce Ulker,SS Basket Napoli,88,93,29,16,18,20,13,22,13,15,47,36,26,37,83,63,83,146
25.01.2007,Dynamo Moscow,Olympiacos,84,69,22,18,23,15,11,16,28,20,45,33,39,36,78,75,78,153
24.01.2007,Fortitudo Bologna,Anadolu Efes SK,74,76,16,23,18,15,15,13,25,25,34,38,40,38,72,78,72,150
24.01.2007,Treviso,Pau-Orthez,87,66,16,21,32,12,20,12,19,21,48,33,39,33,81,72,81,153
24.01.2007,Unicaja,Virtus Roma,68,66,19,18,15,15,25,21,9,12,34,33,34,33,67,67,67,134
24.01.2007,Tau Ceramica,Asseco Gdynia,76,64,28,20,14,19,12,9,22,16,42,39,34,25,81,59,81,140
24.01.2007,Panathinaikos,Partizan,80,93,19,22,15,24,29,23,17,24,34,46,46,47,80,93,80,173
24.01.2007,Cibona,Joventut Badalona,77,74,28,19,22,16,9,25,18,14,50,35,27,39,85,66,85,151
18.01.2007,Joventut Badalona,Virtus Roma,72,83,16,25,20,17,16,19,20,22,36,42,36,41,78,77,78,155
18.01.2007,Le Mans,Dynamo Moscow,69,70,19,14,15,22,17,15,18,19,34,36,35,34,70,69,70,139
18.01.2007,Aris,Treviso,65,60,20,15,10,19,16,15,19,11,30,34,35,26,64,61,64,125
18.01.2007,Asseco Gdynia,Koln 99ers,72,61,11,19,22,21,20,9,19,12,33,40,39,21,73,60,73,133
18.01.2007,Maccabi Tel Aviv,Cibona,91,83,19,29,20,17,27,20,25,17,39,46,52,37,85,89,85,174
18.01.2007,Fenerbahce Ulker,Barcelona,82,69,16,20,16,16,21,16,29,17,32,36,50,33,68,83,68,151
17.01.2007,Fortitudo Bologna,Tau Ceramica,90,82,25,24,27,19,17,17,21,22,52,43,38,39,95,77,95,172
17.01.2007,Partizan,Petrol Olimpija,106,60,26,16,32,12,19,17,29,15,58,28,48,32,86,80,86,166
17.01.2007,Unicaja,Panathinaikos,67,61,15,18,19,12,12,16,21,15,34,30,33,31,64,64,64,128
17.01.2007,Pau-Orthez,SS Basket Napoli,68,72,18,18,22,15,19,18,9,21,40,33,28,39,73,67,73,140
17.01.2007,Olympiacos,Anadolu Efes SK,72,91,17,16,11,20,12,31,32,24,28,36,44,55,64,99,64,163
17.01.2007,CSKA Moscow,Zalgiris Kaunas,88,72,24,17,19,14,18,26,27,15,43,31,45,41,74,86,74,160
11.01.2007,Cibona,Partizan,89,72,18,16,23,26,24,20,24,10,41,42,48,30,83,78,83,161
11.01.2007,Joventut Badalona,Maccabi Tel Aviv,98,92,20,26,28,28,23,22,27,16,48,54,50,38,102,88,102,190
11.01.2007,SS Basket Napoli,Barcelona,66,64,20,18,7,21,18,13,21,12,27,39,39,25,66,64,66,130
11.01.2007,Virtus Roma,Panathinaikos,69,79,11,17,15,17,21,24,22,21,26,34,43,45,60,88,60,148
11.01.2007,Olympiacos,Le Mans,80,76,20,22,15,15,21,23,24,16,35,37,45,39,72,84,72,156
11.01.2007,Zalgiris Kaunas,Fenerbahce Ulker,70,83,15,19,24,20,18,23,13,21,39,39,31,44,78,75,78,153
11.01.2007,Dynamo Moscow,Asseco Gdynia,95,74,24,14,18,20,36,19,17,21,42,34,53,40,76,93,76,169
10.01.2007,Petrol Olimpija,Unicaja,87,59,18,11,19,11,29,16,21,21,37,22,50,37,59,87,59,146
10.01.2007,Treviso,CSKA Moscow,60,68,18,19,15,19,11,20,16,10,33,38,27,30,71,57,71,128
10.01.2007,Pau-Orthez,Aris,77,62,15,12,22,12,17,17,23,21,37,24,40,38,61,78,61,139
10.01.2007,Koln 99ers,Fortitudo Bologna,78,90,19,21,23,24,18,19,18,26,42,45,36,45,87,81,87,168
10.01.2007,Anadolu Efes SK,Tau Ceramica,78,84,15,18,17,25,26,19,20,22,32,43,46,41,75,87,75,162
04.01.2007,Fortitudo Bologna,Dynamo Moscow,80,101,22,22,22,25,19,27,17,27,44,47,36,54,91,90,91,181
04.01.2007,Unicaja,Cibona,73,67,24,12,18,17,15,14,16,24,42,29,31,38,71,69,71,140
04.01.2007,Virtus Roma,Maccabi Tel Aviv,88,81,14,10,21,22,18,20,19,20,35,32,37,40,67,77,67,144
04.01.2007,Le Mans,Anadolu Efes SK,67,71,20,18,14,16,17,21,16,16,34,34,33,37,68,70,68,138
04.01.2007,Asseco Gdynia,Olympiacos,64,73,13,22,15,16,17,16,19,19,28,38,36,35,66,71,66,137
03.01.2007,Barcelona,Zalgiris Kaunas,84,67,28,12,21,18,15,27,20,10,49,30,35,37,79,72,79,151
03.01.2007,Tau Ceramica,Koln 99ers,97,68,24,12,26,19,30,18,17,19,50,31,47,37,81,84,81,165
03.01.2007,Aris,SS Basket Napoli,80,72,22,16,15,14,24,19,19,23,37,30,43,42,67,85,67,152
03.01.2007,Panathinaikos,Petrol Olimpija,83,74,25,22,22,15,18,19,18,18,47,37,36,37,84,73,84,157
03.01.2007,Partizan,Joventut Badalona,74,83,22,21,19,13,14,17,19,32,41,34,33,49,75,82,75,157
03.01.2007,Fenerbahce Ulker,Treviso,70,58,18,11,18,17,21,18,13,12,36,28,34,30,64,64,64,128
03.01.2007,CSKA Moscow,Pau-Orthez,78,58,18,11,12,9,29,20,19,18,30,20,48,38,50,86,50,136
21.12.2006,SS Basket Napoli,Zalgiris Kaunas,92,87,21,21,22,17,25,23,24,26,43,38,49,49,81,98,81,179
21.12.2006,Treviso,Barcelona,68,67,14,18,23,16,8,13,23,20,37,34,31,33,71,64,71,135
21.12.2006,Pau-Orthez,Fenerbahce Ulker,89,67,28,17,18,17,19,21,24,12,46,34,43,33,80,76,80,156
21.12.2006,Maccabi Tel Aviv,Partizan,85,83,10,22,24,19,26,12,25,30,34,41,51,42,75,93,75,168
21.12.2006,Cibona,Panathinaikos,75,78,19,17,22,18,12,16,22,27,41,35,34,43,76,77,76,153
20.12.2006,Joventut Badalona,Unicaja,105,52,27,13,26,15,24,17,28,7,53,28,52,24,81,76,81,157
20.12.2006,Virtus Roma,Petrol Olimpija,84,74,21,11,26,22,11,10,26,31,47,33,37,41,80,78,80,158
20.12.2006,Le Mans,Asseco Gdynia,73,84,23,22,15,19,16,23,19,20,38,41,35,43,79,78,79,157
20.12.2006,Aris,CSKA Moscow,62,65,14,13,17,17,14,21,17,14,31,30,31,35,61,66,61,127
20.12.2006,Olympiacos,Fortitudo Bologna,94,67,24,11,17,18,33,17,20,21,41,29,53,38,70,91,70,161
20.12.2006,Anadolu Efes SK,Koln 99ers,91,76,29,22,20,17,17,20,25,17,49,39,42,37,88,79,88,167
20.12.2006,Dynamo Moscow,Tau Ceramica,78,82,19,23,19,21,15,15,25,23,38,44,40,38,82,78,82,160
14.12.2006,Barcelona,Pau-Orthez,93,75,24,18,28,12,20,21,21,24,52,30,41,45,82,86,82,168
14.12.2006,Partizan,Virtus Roma,73,63,17,10,14,20,20,13,22,20,31,30,42,33,61,75,61,136
14.12.2006,Petrol Olimpija,Cibona,92,88,15,18,23,15,28,24,17,26,38,33,45,50,71,95,71,166
14.12.2006,Unicaja,Maccabi Tel Aviv,67,83,19,22,14,18,21,25,13,18,33,40,34,43,73,77,73,150
14.12.2006,Koln 99ers,Dynamo Moscow,82,96,14,20,18,19,31,28,19,29,32,39,50,57,71,107,71,178
14.12.2006,Asseco Gdynia,Anadolu Efes SK,74,81,17,14,13,14,24,19,20,34,30,28,44,53,58,97,58,155
14.12.2006,Panathinaikos,Joventut Badalona,83,73,33,15,21,19,11,21,18,18,54,34,29,39,88,68,88,156
14.12.2006,Zalgiris Kaunas,Treviso,76,86,22,21,20,20,20,27,14,18,42,41,34,45,83,79,83,162
13.12.2006,Fortitudo Bologna,Le Mans,83,71,15,18,19,13,21,18,28,22,34,31,49,40,65,89,65,154
13.12.2006,Tau Ceramica,Olympiacos,89,74,19,20,19,19,26,18,25,17,38,39,51,35,77,86,77,163
13.12.2006,CSKA Moscow,SS Basket Napoli,82,72,28,7,25,25,18,19,11,21,53,32,29,40,85,69,85,154
13.12.2006,Fenerbahce Ulker,Aris,80,86,19,23,20,16,17,23,24,24,39,39,41,47,78,88,78,166
07.12.2006,Barcelona,Aris,86,83,23,19,26,21,18,21,19,22,49,40,37,43,89,80,89,169
07.12.2006,Petrol Olimpija,Joventut Badalona,67,69,24,17,15,14,11,21,17,17,39,31,28,38,70,66,70,136
07.12.2006,Treviso,SS Basket Napoli,64,70,17,12,14,13,10,18,23,27,31,25,33,45,56,78,56,134
07.12.2006,Panathinaikos,Maccabi Tel Aviv,90,88,21,18,26,27,21,20,22,23,47,45,43,43,92,86,92,178
07.12.2006,Zalgiris Kaunas,Pau-Orthez,106,110,26,12,25,25,18,29,19,22,51,37,37,51,88,88,88,176
07.12.2006,Cibona,Virtus Roma,91,84,21,19,23,22,12,20,19,14,44,41,31,34,85,65,85,150
07.12.2006,Dynamo Moscow,Anadolu Efes SK,90,83,27,18,18,22,24,21,21,22,45,40,45,43,85,88,85,173
06.12.2006,Fortitudo Bologna,Asseco Gdynia,77,91,25,20,20,24,21,19,11,28,45,44,32,47,89,79,89,168
06.12.2006,Le Mans,Tau Ceramica,76,79,25,27,15,23,16,16,20,13,40,50,36,29,90,65,90,155
06.12.2006,Koln 99ers,Olympiacos,81,88,29,32,18,19,14,21,20,16,47,51,34,37,98,71,98,169
06.12.2006,Unicaja,Partizan,66,58,22,16,17,13,20,22,7,7,39,29,27,29,68,56,68,124
06.12.2006,Fenerbahce Ulker,CSKA Moscow,64,74,17,15,20,16,10,20,17,23,37,31,27,43,68,70,68,138
30.11.2006,Joventut Badalona,Cibona,83,73,18,22,27,14,22,21,16,16,45,36,38,37,81,75,81,156
30.11.2006,Pau-Orthez,Treviso,73,86,14,18,20,21,21,22,18,25,34,39,39,47,73,86,73,159
30.11.2006,SS Basket Napoli,Fenerbahce Ulker,78,83,13,16,24,16,12,14,18,21,37,32,30,35,69,65,69,134
30.11.2006,Aris,Zalgiris Kaunas,73,66,27,14,14,18,17,21,15,13,41,32,32,34,73,66,73,139
30.11.2006,Asseco Gdynia,Tau Ceramica,70,75,18,20,17,16,17,26,18,13,35,36,35,39,71,74,71,145
30.11.2006,Maccabi Tel Aviv,Petrol Olimpija,110,87,24,26,29,17,28,9,29,35,53,43,57,44,96,101,96,197
30.11.2006,Olympiacos,Dynamo Moscow,86,73,21,16,24,16,20,25,21,16,45,32,41,41,77,82,77,159
30.11.2006,Koln 99ers,Le Mans,73,79,20,14,16,28,16,17,21,20,36,42,37,37,78,74,78,152
29.11.2006,Virtus Roma,Unicaja,65,71,17,17,18,17,17,20,13,17,35,34,30,37,69,67,69,136
29.11.2006,Anadolu Efes SK,Fortitudo Bologna,72,74,22,20,15,16,22,12,13,26,37,36,35,38,73,73,73,146
29.11.2006,CSKA Moscow,Barcelona,76,57,15,15,24,20,15,12,22,10,39,35,37,22,74,59,74,133
29.11.2006,Partizan,Panathinaikos,65,73,16,19,18,11,15,21,16,22,34,30,31,43,64,74,64,138
23.11.2006,Barcelona,Fenerbahce Ulker,84,70,28,16,26,19,10,18,20,17,54,35,30,35,89,65,89,154
23.11.2006,SS Basket Napoli,Pau-Orthez,84,96,16,22,19,19,25,14,17,22,35,41,42,36,76,78,76,154
23.11.2006,Treviso,Aris,64,42,16,18,20,7,13,13,15,4,36,25,28,17,61,45,61,106
23.11.2006,Koln 99ers,Asseco Gdynia,84,80,18,26,24,17,20,11,22,26,42,43,42,37,85,79,85,164
23.11.2006,Panathinaikos,Unicaja,87,72,28,19,19,20,20,15,20,18,47,39,40,33,86,73,86,159
23.11.2006,Zalgiris Kaunas,CSKA Moscow,59,78,19,14,15,21,16,20,9,23,34,35,25,43,69,68,69,137
23.11.2006,Cibona,Maccabi Tel Aviv,87,82,20,19,22,12,27,20,18,31,42,31,45,51,73,96,73,169
22.11.2006,Petrol Olimpija,Partizan,70,71,17,15,15,16,21,13,17,27,32,31,38,40,63,78,63,141
22.11.2006,Tau Ceramica,Fortitudo Bologna,90,80,16,11,30,19,22,20,22,30,46,30,44,50,76,94,76,170
22.11.2006,Virtus Roma,Joventut Badalona,71,69,15,23,16,21,22,11,18,14,31,44,40,25,75,65,75,140
22.11.2006,Anadolu Efes SK,Olympiacos,95,77,18,25,19,23,19,12,39,17,37,48,58,29,85,87,85,172
22.11.2006,Dynamo Moscow,Le Mans,74,57,19,16,21,7,12,22,22,12,40,23,34,34,63,68,63,131
16.11.2006,Barcelona,SS Basket Napoli,91,71,20,19,19,16,27,22,25,14,39,35,52,36,74,88,74,162
16.11.2006,Fortitudo Bologna,Koln 99ers,86,90,16,16,19,21,15,28,36,25,35,37,51,53,72,104,72,176
16.11.2006,Unicaja,Petrol Olimpija,62,55,23,12,13,8,14,22,12,13,36,20,26,35,56,61,56,117
16.11.2006,Le Mans,Olympiacos,81,88,19,25,26,19,25,25,11,19,45,44,36,44,89,80,89,169
16.11.2006,Asseco Gdynia,Dynamo Moscow,60,49,14,14,12,10,18,10,16,15,26,24,34,25,50,59,50,109
16.11.2006,Maccabi Tel Aviv,Joventut Badalona,92,75,26,5,22,31,24,22,20,17,48,36,44,39,84,83,84,167
16.11.2006,Fenerbahce Ulker,Zalgiris Kaunas,84,75,27,10,20,19,26,28,11,18,47,29,37,46,76,83,76,159
15.11.2006,Partizan,Cibona,101,92,15,17,24,22,20,16,16,20,39,39,36,36,78,72,78,150
15.11.2006,Tau Ceramica,Anadolu Efes SK,68,65,15,15,24,13,17,23,12,14,39,28,29,37,67,66,67,133
15.11.2006,Aris,Pau-Orthez,74,72,25,24,10,17,20,9,19,22,35,41,39,31,76,70,76,146
15.11.2006,Panathinaikos,Virtus Roma,87,71,18,20,19,16,21,15,29,20,37,36,50,35,73,85,73,158
15.11.2006,CSKA Moscow,Treviso,83,67,20,11,11,14,26,26,26,16,31,25,52,42,56,94,56,150
09.11.2006,Maccabi Tel Aviv,Virtus Roma,78,65,16,19,20,11,22,16,20,19,36,30,42,35,66,77,66,143
09.11.2006,Olympiacos,Asseco Gdynia,97,74,26,17,26,22,25,13,20,22,52,39,45,35,91,80,91,171
09.11.2006,Zalgiris Kaunas,Barcelona,86,92,19,21,23,22,23,29,21,20,42,43,44,49,85,93,85,178
09.11.2006,Anadolu Efes SK,Le Mans,53,64,11,9,22,29,3,14,17,12,33,38,20,26,71,46,71,117
09.11.2006,Cibona,Unicaja,87,83,27,24,21,17,21,13,5,20,48,41,26,33,89,59,89,148
09.11.2006,Dynamo Moscow,Fortitudo Bologna,78,73,20,18,15,18,22,24,21,13,35,36,43,37,71,80,71,151
08.11.2006,Petrol Olimpija,Panathinaikos,65,86,15,20,16,17,14,18,20,31,31,37,34,49,68,83,68,151
08.11.2006,Joventut Badalona,Partizan,82,51,23,12,14,13,22,17,23,9,37,25,45,26,62,71,62,133
08.11.2006,SS Basket Napoli,Aris,71,69,25,21,11,12,13,16,22,20,36,33,35,36,69,71,69,140
08.11.2006,Treviso,Fenerbahce Ulker,93,83,31,27,27,17,16,23,19,16,58,44,35,39,102,74,102,176
08.11.2006,Pau-Orthez,CSKA Moscow,73,67,22,16,21,25,11,18,19,8,43,41,30,26,84,56,84,140
08.11.2006,Koln 99ers,Tau Ceramica,70,102,18,28,11,27,24,21,17,26,29,55,41,47,84,88,84,172
02.11.2006,Partizan,Maccabi Tel Aviv,103,91,21,19,28,23,34,25,20,24,49,42,54,49,91,103,91,194
02.11.2006,Barcelona,Treviso,82,69,23,13,20,18,24,19,15,19,43,31,39,38,74,77,74,151
02.11.2006,Koln 99ers,Anadolu Efes SK,68,82,16,19,18,33,19,10,15,20,34,52,34,30,86,64,86,150
02.11.2006,Asseco Gdynia,Le Mans,69,67,17,10,17,7,12,26,23,24,34,17,35,50,51,85,51,136
02.11.2006,Panathinaikos,Cibona,86,69,23,25,15,11,21,17,27,16,38,36,48,33,74,81,74,155
02.11.2006,Unicaja,Joventut Badalona,66,68,15,19,14,14,19,13,18,22,29,33,37,35,62,72,62,134
02.11.2006,Zalgiris Kaunas,SS Basket Napoli,83,65,20,17,25,17,20,18,18,13,45,34,38,31,79,69,79,148
01.11.2006,Fortitudo Bologna,Olympiacos,86,93,19,25,19,18,20,23,28,27,38,43,48,50,81,98,81,179
01.11.2006,Petrol Olimpija,Virtus Roma,83,72,23,23,21,14,18,24,21,11,44,37,39,35,81,74,81,155
01.11.2006,Tau Ceramica,Dynamo Moscow,77,61,22,15,17,22,21,12,17,12,39,37,38,24,76,62,76,138
01.11.2006,Fenerbahce Ulker,Pau-Orthez,66,68,23,15,14,18,10,18,19,17,37,33,29,35,70,64,70,134
01.11.2006,CSKA Moscow,Aris,83,68,25,18,23,16,19,15,16,19,48,34,35,34,82,69,82,151
26.10.2006,Cibona,Petrol Olimpija,77,61,17,17,20,14,23,17,17,13,37,31,40,30,68,70,68,138
26.10.2006,Treviso,Zalgiris Kaunas,95,82,33,20,22,28,20,13,20,21,55,48,40,34,103,74,103,177
26.10.2006,Le Mans,Fortitudo Bologna,82,71,19,21,23,14,19,21,21,15,42,35,40,36,77,76,77,153
26.10.2006,Maccabi Tel Aviv,Unicaja,106,101,34,16,15,33,25,24,16,17,49,49,41,41,98,82,98,180
26.10.2006,Anadolu Efes SK,Asseco Gdynia,71,67,10,12,19,18,22,21,20,16,29,30,42,37,59,79,59,138
26.10.2006,Dynamo Moscow,Koln 99ers,75,68,21,15,20,6,16,22,18,25,41,21,34,47,62,81,62,143
25.10.2006,SS Basket Napoli,CSKA Moscow,64,74,14,17,15,23,15,16,20,18,29,40,35,34,69,69,69,138
25.10.2006,Virtus Roma,Partizan,65,60,14,12,18,16,19,18,14,14,32,28,33,32,60,65,60,125
25.10.2006,Pau-Orthez,Barcelona,66,72,23,17,15,16,14,16,14,23,38,33,28,39,71,67,71,138
25.10.2006,Olympiacos,Tau Ceramica,97,78,29,22,21,20,20,23,27,13,50,42,47,36,92,83,92,175
25.10.2006,Aris,Fenerbahce Ulker,66,58,17,17,21,9,17,25,11,7,38,26,28,32,64,60,64,124
24.10.2006,Joventut Badalona,Panathinaikos,79,82,27,20,21,10,16,24,15,28,48,30,31,52,78,83,78,161
30.04.2006,CSKA Moscow,Maccabi Tel Aviv,73,69,18,18,17,12,14,18,24,21,35,30,38,39,65,77,65,142
30.04.2006,Barcelona,Tau Ceramica,82,87,19,26,17,21,24,15,22,25,36,47,46,40,83,86,83,169
28.04.2006,Barcelona,CSKA Moscow,75,84,20,15,18,19,14,23,23,27,38,34,37,50,72,87,72,159
28.04.2006,Maccabi Tel Aviv,Tau Ceramica,85,70,24,17,27,15,22,16,12,22,51,32,34,38,83,72,83,155
13.04.2006,Barcelona,Real Madrid,76,70,21,23,17,16,18,13,20,18,38,39,38,31,77,69,77,146
13.04.2006,Maccabi Tel Aviv,Olympiacos,77,73,26,24,18,18,18,16,15,15,44,42,33,31,86,64,86,150
12.04.2006,Panathinaikos,Tau Ceramica,71,74,14,21,22,21,17,10,18,22,36,42,35,32,78,67,78,145
06.04.2006,Real Madrid,Barcelona,84,78,21,17,13,20,19,20,31,21,34,37,50,41,71,91,71,162
06.04.2006,Tau Ceramica,Panathinaikos,85,79,23,17,19,18,26,25,17,19,42,35,43,44,77,87,77,164
06.04.2006,Olympiacos,Maccabi Tel Aviv,76,70,21,15,14,15,18,16,23,24,35,30,41,40,65,81,65,146
06.04.2006,Anadolu Efes SK,CSKA Moscow,71,75,16,23,21,17,18,15,16,20,37,40,34,35,77,69,77,146
04.04.2006,Barcelona,Real Madrid,72,58,17,18,17,8,16,14,22,18,34,26,38,32,60,70,60,130
04.04.2006,Maccabi Tel Aviv,Olympiacos,87,78,27,23,24,19,19,20,17,16,51,42,36,36,93,72,93,165
04.04.2006,Panathinaikos,Tau Ceramica,84,72,24,21,19,16,18,21,23,14,43,37,41,35,80,76,80,156
04.04.2006,CSKA Moscow,Anadolu Efes SK,66,57,26,17,11,14,15,10,14,16,37,31,29,26,68,55,68,123
30.03.2006,Alpella,Maccabi Tel Aviv,66,88,20,19,15,23,17,21,14,25,35,42,31,46,77,77,77,154
30.03.2006,Barcelona,Unicaja,60,73,7,25,12,11,23,20,18,17,19,36,41,37,55,78,55,133
30.03.2006,Fortitudo Bologna,Real Madrid,66,61,16,16,14,17,16,13,20,15,30,33,36,28,63,64,63,127
30.03.2006,Zalgiris Kaunas,Olympiacos,70,99,15,19,12,29,19,30,24,21,27,48,43,51,75,94,75,169
29.03.2006,Bamberg,Lietuvos Rytas,56,72,16,14,21,16,10,26,9,16,37,30,19,42,67,61,67,128
29.03.2006,Cibona,Anadolu Efes SK,77,84,25,20,14,17,16,16,22,31,39,37,38,47,76,85,76,161
29.03.2006,Panathinaikos,Treviso,81,70,16,12,18,22,26,17,21,19,34,34,47,36,68,83,68,151
29.03.2006,Tau Ceramica,CSKA Moscow,70,63,12,14,20,20,21,19,17,10,32,34,38,29,66,67,66,133
23.03.2006,Real Madrid,Alpella,74,53,18,7,25,16,22,16,9,14,43,23,31,30,66,61,66,127
23.03.2006,Unicaja,Zalgiris Kaunas,68,64,22,13,11,17,18,15,17,19,33,30,35,34,63,69,63,132
23.03.2006,Maccabi Tel Aviv,Fortitudo Bologna,82,76,27,20,19,22,20,11,16,23,46,42,36,34,88,70,88,158
23.03.2006,Olympiacos,Barcelona,67,74,28,15,15,18,14,16,10,25,43,33,24,41,76,65,76,141
22.03.2006,Treviso,Cibona,88,80,24,18,24,19,21,22,19,21,48,37,40,43,85,83,85,168
22.03.2006,Anadolu Efes SK,Panathinaikos,56,66,16,23,17,14,9,16,14,13,33,37,23,29,70,52,70,122
22.03.2006,CSKA Moscow,Bamberg,76,64,26,12,24,15,13,20,13,17,50,27,26,37,77,63,77,140
22.03.2006,Lietuvos Rytas,Tau Ceramica,65,63,24,16,19,15,12,13,10,19,43,31,22,32,74,54,74,128
16.03.2006,Barcelona,Zalgiris Kaunas,81,69,20,24,22,12,11,10,28,23,42,36,39,33,78,72,78,150
16.03.2006,Maccabi Tel Aviv,Real Madrid,73,58,22,14,11,22,21,10,19,12,33,36,40,22,69,62,69,131
16.03.2006,Alpella,Fortitudo Bologna,84,80,20,12,26,19,22,29,16,20,46,31,38,49,77,87,77,164
15.03.2006,Tau Ceramica,Bamberg,71,51,22,6,16,14,12,15,21,16,38,20,33,31,58,64,58,122
15.03.2006,Treviso,Anadolu Efes SK,94,87,21,20,18,21,24,19,31,27,39,41,55,46,80,101,80,181
15.03.2006,Panathinaikos,Cibona,88,69,19,24,25,16,15,18,29,11,44,40,44,29,84,73,84,157
15.03.2006,CSKA Moscow,Lietuvos Rytas,79,69,22,20,19,10,14,24,24,15,41,30,38,39,71,77,71,148
14.03.2006,Unicaja,Olympiacos,75,87,13,25,17,24,14,14,31,24,30,49,45,38,79,83,79,162
09.03.2006,Bamberg,CSKA Moscow,64,75,17,17,13,17,16,26,18,15,30,34,34,41,64,75,64,139
09.03.2006,Barcelona,Olympiacos,76,72,24,22,23,14,11,15,18,21,47,36,29,36,83,65,83,148
09.03.2006,Fortitudo Bologna,Maccabi Tel Aviv,84,89,30,24,22,24,15,21,17,20,52,48,32,41,100,73,100,173
09.03.2006,Zalgiris Kaunas,Unicaja,66,79,15,18,16,14,14,21,21,26,31,32,35,47,63,82,63,145
09.03.2006,Alpella,Real Madrid,69,71,18,19,14,22,22,21,15,9,32,41,37,30,73,67,73,140
08.03.2006,Tau Ceramica,Lietuvos Rytas,96,89,20,17,28,19,23,28,25,25,48,36,48,53,84,101,84,185
08.03.2006,Panathinaikos,Anadolu Efes SK,73,76,14,13,18,22,19,21,22,20,32,35,41,41,67,82,67,149
08.03.2006,Cibona,Treviso,91,80,25,19,25,11,21,20,20,30,50,30,41,50,80,91,80,171
02.03.2006,Real Madrid,Fortitudo Bologna,92,76,19,26,20,15,27,17,26,18,39,41,53,35,80,88,80,168
02.03.2006,Unicaja,Barcelona,68,71,22,19,10,20,22,16,14,16,32,39,36,32,71,68,71,139
02.03.2006,Maccabi Tel Aviv,Alpella,84,74,22,28,24,21,15,13,23,12,46,49,38,25,95,63,95,158
02.03.2006,Olympiacos,Zalgiris Kaunas,78,69,11,23,25,12,18,14,24,20,36,35,42,34,71,76,71,147
01.03.2006,Treviso,Panathinaikos,76,69,26,25,16,20,13,7,21,17,42,45,34,24,87,58,87,145
01.03.2006,Anadolu Efes SK,Cibona,63,69,16,16,13,14,16,23,18,16,29,30,34,39,59,73,59,132
01.03.2006,CSKA Moscow,Tau Ceramica,82,76,14,26,25,13,27,20,16,17,39,39,43,37,78,80,78,158
01.03.2006,Lietuvos Rytas,Bamberg,79,67,22,14,16,13,24,21,17,19,38,27,41,40,65,81,65,146
23.02.2006,Bamberg,Tau Ceramica,72,77,19,13,15,13,16,24,22,27,34,26,38,51,60,89,60,149
23.02.2006,Fortitudo Bologna,Alpella,87,69,16,13,22,17,26,22,23,17,38,30,49,39,68,88,68,156
23.02.2006,Real Madrid,Maccabi Tel Aviv,90,75,23,13,22,18,24,17,21,27,45,31,45,44,76,89,76,165
23.02.2006,Zalgiris Kaunas,Barcelona,85,86,17,27,21,20,21,21,26,18,38,47,47,39,85,86,85,171
23.02.2006,Cibona,Panathinaikos,72,70,19,18,22,22,20,14,11,16,41,40,31,30,81,61,81,142
22.02.2006,Olympiacos,Unicaja,87,84,24,21,18,25,27,16,18,22,42,46,45,38,88,83,88,171
22.02.2006,Anadolu Efes SK,Treviso,80,68,19,17,24,17,17,18,20,16,43,34,37,34,77,71,77,148
22.02.2006,Lietuvos Rytas,CSKA Moscow,48,66,9,12,17,19,10,21,12,14,26,31,22,35,57,57,57,114
09.02.2006,Asseco Gdynia,Lietuvos Rytas,75,73,20,16,17,18,27,18,11,21,37,34,38,39,71,77,71,148
09.02.2006,Cibona,Anadolu Efes SK,60,49,20,17,14,11,20,14,6,7,34,28,26,21,62,47,62,109
09.02.2006,Maccabi Tel Aviv,Barcelona,88,72,23,21,14,14,30,20,21,17,37,35,51,37,72,88,72,160
09.02.2006,Olimpia Milano,Olympiacos,75,84,24,19,10,9,17,23,24,33,34,28,41,56,62,97,62,159
09.02.2006,AEK Athens,Bamberg,51,65,12,10,12,19,16,22,11,14,24,29,27,36,53,63,53,116
09.02.2006,Petrol Olimpija,Treviso,95,77,21,15,27,16,33,22,14,24,48,31,47,46,79,93,79,172
09.02.2006,Tau Ceramica,Strasbourg,80,54,21,10,18,16,22,10,19,18,39,26,41,28,65,69,65,134
09.02.2006,Zalgiris Kaunas,Fortitudo Bologna,81,86,25,17,19,16,19,19,18,34,44,33,37,53,77,90,77,167
08.02.2006,Alpella,Montepaschi Siena,74,71,24,19,15,10,18,21,17,21,39,29,35,42,68,77,68,145
08.02.2006,Partizan,CSKA Moscow,79,92,23,22,20,21,21,25,15,24,43,43,36,49,86,85,86,171
08.02.2006,Pau-Orthez,Unicaja,53,68,15,12,18,17,6,16,14,23,33,29,20,39,62,59,62,121
08.02.2006,Real Madrid,Panathinaikos,73,90,23,27,17,22,8,23,25,18,40,49,33,41,89,74,89,163
02.02.2006,Barcelona,Olimpia Milano,75,77,18,25,17,19,21,15,19,18,35,44,40,33,79,73,79,152
02.02.2006,Treviso,AEK Athens,103,83,25,19,30,18,24,23,24,23,55,37,48,46,92,94,92,186
02.02.2006,Strasbourg,Zalgiris Kaunas,68,73,14,20,19,14,14,27,21,12,33,34,35,39,67,74,67,141
02.02.2006,Anadolu Efes SK,Asseco Gdynia,76,61,18,16,19,5,24,19,15,21,37,21,39,40,58,79,58,137
02.02.2006,Lietuvos Rytas,Maccabi Tel Aviv,88,83,31,14,16,29,21,19,20,21,47,43,41,40,90,81,90,171
01.02.2006,Fortitudo Bologna,Petrol Olimpija,68,65,17,23,21,18,12,13,18,11,38,41,30,24,79,54,79,133
01.02.2006,Montepaschi Siena,Real Madrid,77,74,25,18,20,20,21,16,11,20,45,38,32,36,83,68,83,151
01.02.2006,Unicaja,Partizan,83,79,18,7,20,17,21,25,11,21,38,24,32,46,62,78,62,140
01.02.2006,Olympiacos,Cibona,99,70,31,18,14,24,26,11,28,17,45,42,54,28,87,82,87,169
01.02.2006,Panathinaikos,Pau-Orthez,94,62,30,13,18,17,20,13,26,19,48,30,46,32,78,78,78,156
01.02.2006,CSKA Moscow,Alpella,74,51,21,8,16,19,24,9,13,15,37,27,37,24,64,61,64,125
31.01.2006,Bamberg,Tau Ceramica,68,73,10,14,16,19,20,20,22,20,26,33,42,40,59,82,59,141
26.01.2006,Olimpia Milano,Maccabi Tel Aviv,94,71,26,13,17,22,25,21,26,15,43,35,51,36,78,87,78,165
26.01.2006,Cibona,Barcelona,57,77,12,20,15,27,12,15,18,15,27,47,30,30,74,60,74,134
26.01.2006,Fortitudo Bologna,Strasbourg,71,47,16,12,20,10,20,9,15,16,36,22,35,25,58,60,58,118
26.01.2006,Real Madrid,CSKA Moscow,71,80,12,18,25,19,23,10,6,19,37,37,29,29,74,58,74,132
26.01.2006,AEK Athens,Petrol Olimpija,68,77,22,23,15,11,20,20,11,23,37,34,31,43,71,74,71,145
26.01.2006,Zalgiris Kaunas,Bamberg,86,65,21,18,19,19,23,12,23,16,40,37,46,28,77,74,77,151
26.01.2006,Alpella,Partizan,100,64,29,25,26,9,16,20,29,10,55,34,45,30,89,75,89,164
25.01.2006,Tau Ceramica,Treviso,91,73,27,17,16,19,23,20,25,17,43,36,48,37,79,85,79,164
25.01.2006,Pau-Orthez,Montepaschi Siena,83,79,18,19,24,23,22,14,19,23,42,42,41,37,84,78,84,162
25.01.2006,Asseco Gdynia,Olympiacos,79,77,19,24,27,13,13,20,20,20,46,37,33,40,83,73,83,156
25.01.2006,Panathinaikos,Unicaja,93,95,25,21,25,28,21,26,22,20,50,49,43,46,99,89,99,188
25.01.2006,Lietuvos Rytas,Anadolu Efes SK,65,74,18,11,17,17,12,20,18,26,35,28,30,46,63,76,63,139
19.01.2006,Barcelona,Asseco Gdynia,99,80,23,16,28,19,27,24,21,21,51,35,48,45,86,93,86,179
19.01.2006,Montepaschi Siena,Unicaja,70,82,17,22,20,15,12,30,21,15,37,37,33,45,74,78,74,152
19.01.2006,Partizan,Panathinaikos,93,94,27,27,19,21,18,18,29,28,46,48,47,46,94,93,94,187
19.01.2006,Petrol Olimpija,Strasbourg,82,68,21,12,30,15,19,20,12,21,51,27,31,41,78,72,78,150
19.01.2006,Treviso,Zalgiris Kaunas,82,76,16,18,21,20,21,18,24,20,37,38,45,38,75,83,75,158
19.01.2006,Maccabi Tel Aviv,Anadolu Efes SK,88,81,25,20,16,25,27,16,20,20,41,45,47,36,86,83,86,169
18.01.2006,Bamberg,Fortitudo Bologna,67,76,17,12,19,19,13,16,18,29,36,31,31,45,67,76,67,143
18.01.2006,Olimpia Milano,Cibona,84,64,30,20,15,19,22,14,17,11,45,39,39,25,84,64,84,148
18.01.2006,AEK Athens,Tau Ceramica,60,87,17,29,19,17,13,21,11,20,36,46,24,41,82,65,82,147
18.01.2006,Olympiacos,Lietuvos Rytas,65,63,18,22,12,11,19,14,16,16,30,33,35,30,63,65,63,128
18.01.2006,Alpella,Real Madrid,75,79,8,13,24,18,15,18,28,30,32,31,43,48,63,91,63,154
18.01.2006,CSKA Moscow,Pau-Orthez,97,74,22,12,23,12,28,29,24,21,45,24,52,50,69,102,69,171
12.01.2006,Cibona,Maccabi Tel Aviv,66,94,19,26,15,29,10,23,22,16,34,55,32,39,89,71,89,160
12.01.2006,Tau Ceramica,Petrol Olimpija,91,63,26,11,21,9,19,25,25,18,47,20,44,43,67,87,67,154
12.01.2006,Pau-Orthez,Alpella,85,95,16,20,21,17,20,26,28,32,37,37,48,58,74,106,74,180
12.01.2006,Panathinaikos,Montepaschi Siena,89,79,26,18,18,14,27,22,18,25,44,32,45,47,76,92,76,168
12.01.2006,Zalgiris Kaunas,AEK Athens,87,70,15,10,18,9,18,24,36,27,33,19,54,51,52,105,52,157
11.01.2006,Fortitudo Bologna,Treviso,84,65,34,16,22,18,13,15,15,16,56,34,28,31,90,59,90,149
11.01.2006,Real Madrid,Partizan,85,68,12,22,23,18,25,18,25,10,35,40,50,28,75,78,75,153
11.01.2006,Unicaja,CSKA Moscow,77,72,16,17,19,19,15,17,19,16,35,36,34,33,71,67,71,138
11.01.2006,Strasbourg,Bamberg,68,71,26,16,14,11,15,20,13,24,40,27,28,44,67,72,67,139
11.01.2006,Lietuvos Rytas,Barcelona,61,71,20,23,17,20,11,12,13,16,37,43,24,28,80,52,80,132
11.01.2006,Asseco Gdynia,Olimpia Milano,73,60,24,18,14,17,18,13,17,12,38,35,35,25,73,60,73,133
11.01.2006,Anadolu Efes SK,Olympiacos,77,69,26,14,16,28,13,16,22,11,42,42,35,27,84,62,84,146
05.01.2006,Barcelona,Anadolu Efes SK,79,74,17,21,20,21,17,14,25,18,37,42,42,32,79,74,79,153
05.01.2006,Tau Ceramica,Zalgiris Kaunas,94,73,28,19,26,21,23,18,17,15,54,40,40,33,94,73,94,167
05.01.2006,Treviso,Strasbourg,83,78,27,21,18,15,20,21,18,21,45,36,38,42,81,80,81,161
05.01.2006,AEK Athens,Fortitudo Bologna,82,75,19,14,14,18,24,19,25,24,33,32,49,43,65,92,65,157
05.01.2006,Maccabi Tel Aviv,Olympiacos,101,95,29,26,22,19,28,23,22,27,51,45,50,50,96,100,96,196
04.01.2006,Olimpia Milano,Lietuvos Rytas,95,101,23,19,14,31,18,19,33,19,37,50,51,38,87,89,87,176
04.01.2006,Partizan,Montepaschi Siena,75,73,18,21,15,14,23,17,19,21,33,35,42,38,68,80,68,148
04.01.2006,Petrol Olimpija,Bamberg,57,59,16,13,18,9,10,14,13,23,34,22,23,37,56,60,56,116
04.01.2006,Real Madrid,Pau-Orthez,79,83,12,17,20,13,21,17,26,36,32,30,47,53,62,100,62,162
04.01.2006,Cibona,Asseco Gdynia,71,61,16,16,20,21,15,14,20,10,36,37,35,24,73,59,73,132
04.01.2006,Alpella,Unicaja,76,83,22,18,15,22,22,23,17,20,37,40,39,43,77,82,77,159
04.01.2006,CSKA Moscow,Panathinaikos,84,89,19,19,21,21,28,23,16,26,40,40,44,49,80,93,80,173
22.12.2005,Bamberg,Treviso,92,85,15,24,27,25,23,19,27,17,42,49,50,36,91,86,91,177
22.12.2005,Pau-Orthez,Partizan,77,69,16,16,25,10,22,17,14,26,41,26,36,43,67,79,67,146
22.12.2005,Asseco Gdynia,Maccabi Tel Aviv,59,81,16,19,16,15,14,20,13,27,32,34,27,47,66,74,66,140
22.12.2005,Olympiacos,Barcelona,80,68,23,12,21,19,13,15,23,22,44,31,36,37,75,73,75,148
22.12.2005,Zalgiris Kaunas,Petrol Olimpija,80,79,20,19,19,23,20,17,21,20,39,42,41,37,81,78,81,159
22.12.2005,Anadolu Efes SK,Olimpia Milano,85,57,20,12,15,16,22,17,28,12,35,28,50,29,63,79,63,142
21.12.2005,Fortitudo Bologna,Tau Ceramica,86,66,20,14,15,22,26,12,25,18,35,36,51,30,71,81,71,152
21.12.2005,Montepaschi Siena,CSKA Moscow,66,75,16,15,14,24,24,14,12,22,30,39,36,36,69,72,69,141
21.12.2005,Strasbourg,AEK Athens,70,66,18,16,17,12,15,15,20,23,35,28,35,38,63,73,63,136
21.12.2005,Unicaja,Real Madrid,71,61,23,14,14,16,19,15,15,16,37,30,34,31,67,65,67,132
21.12.2005,Panathinaikos,Alpella,85,69,20,19,26,14,18,17,21,19,46,33,39,36,79,75,79,154
21.12.2005,Lietuvos Rytas,Cibona,80,52,21,14,16,12,19,12,24,14,37,26,43,26,63,69,63,132
15.12.2005,Bamberg,AEK Athens,71,61,13,19,11,18,27,15,20,9,24,37,47,24,61,71,61,132
15.12.2005,Barcelona,Maccabi Tel Aviv,78,88,15,27,23,21,17,23,23,17,38,48,40,40,86,80,86,166
15.12.2005,Fortitudo Bologna,Zalgiris Kaunas,75,64,18,17,15,17,18,16,24,14,33,34,42,30,67,72,67,139
15.12.2005,Treviso,Petrol Olimpija,81,66,28,22,19,8,18,23,16,13,47,30,34,36,77,70,77,147
15.12.2005,Unicaja,Pau-Orthez,81,73,21,18,19,17,18,18,23,20,40,35,41,38,75,79,75,154
14.12.2005,Montepaschi Siena,Alpella,70,74,19,14,15,14,14,19,22,27,34,28,36,46,62,82,62,144
14.12.2005,Strasbourg,Tau Ceramica,84,76,22,25,23,19,15,17,24,15,45,44,39,32,89,71,89,160
14.12.2005,Panathinaikos,Real Madrid,87,71,20,15,17,21,22,19,28,16,37,36,50,35,73,85,73,158
14.12.2005,Anadolu Efes SK,Cibona,71,77,21,17,12,28,20,13,18,19,33,45,38,32,78,70,78,148
14.12.2005,Olympiacos,Olimpia Milano,89,67,23,16,19,21,25,11,22,19,42,37,47,30,79,77,79,156
14.12.2005,CSKA Moscow,Partizan,89,58,20,15,20,12,33,13,16,18,40,27,49,31,67,80,67,147
14.12.2005,Lietuvos Rytas,Asseco Gdynia,82,69,22,11,19,20,26,14,15,24,41,31,41,38,72,79,72,151
08.12.2005,Olimpia Milano,Barcelona,70,58,23,16,14,12,16,22,17,8,37,28,33,30,65,63,65,128
08.12.2005,Asseco Gdynia,Anadolu Efes SK,75,82,22,24,20,19,20,19,13,20,42,43,33,39,85,72,85,157
08.12.2005,Maccabi Tel Aviv,Lietuvos Rytas,86,92,21,26,19,18,21,17,25,31,40,44,46,48,84,94,84,178
08.12.2005,Real Madrid,Montepaschi Siena,65,61,15,19,17,15,13,16,20,11,32,34,33,27,66,60,66,126
08.12.2005,Petrol Olimpija,Fortitudo Bologna,87,80,25,18,15,19,17,21,16,15,40,37,33,36,77,69,77,146
08.12.2005,Cibona,Olympiacos,74,62,16,22,14,11,24,16,20,13,30,33,44,29,63,73,63,136
08.12.2005,Zalgiris Kaunas,Strasbourg,72,63,28,13,13,21,18,10,13,19,41,34,31,29,75,60,75,135
07.12.2005,Partizan,Unicaja,67,86,22,16,12,26,25,17,8,27,34,42,33,44,76,77,76,153
07.12.2005,Tau Ceramica,Bamberg,77,59,21,25,28,10,18,12,10,12,49,35,28,24,84,52,84,136
07.12.2005,Pau-Orthez,Panathinaikos,67,82,27,17,15,27,16,18,9,20,42,44,25,38,86,63,86,149
07.12.2005,Alpella,CSKA Moscow,49,82,12,20,12,24,16,18,9,20,24,44,25,38,68,63,68,131
07.12.2005,AEK Athens,Treviso,57,83,18,16,11,23,10,23,18,21,29,39,28,44,68,72,68,140
01.12.2005,Bamberg,Zalgiris Kaunas,72,79,21,17,19,22,18,22,14,18,40,39,32,40,79,72,79,151
01.12.2005,Barcelona,Cibona,97,53,22,19,30,8,20,14,25,12,52,27,45,26,79,71,79,150
01.12.2005,Montepaschi Siena,Pau-Orthez,77,72,26,24,18,13,18,18,15,17,44,37,33,35,81,68,81,149
01.12.2005,Partizan,Alpella,85,69,19,19,19,23,13,11,34,16,38,42,47,27,80,74,80,154
01.12.2005,Petrol Olimpija,AEK Athens,81,72,20,20,12,18,21,15,28,19,32,38,49,34,70,83,70,153
01.12.2005,Unicaja,Panathinaikos,82,79,20,21,32,15,15,20,15,23,52,36,30,43,88,73,88,161
01.12.2005,Maccabi Tel Aviv,Olimpia Milano,96,95,20,15,15,25,29,15,11,20,35,40,40,35,75,75,75,150
30.11.2005,Treviso,Tau Ceramica,92,96,16,29,21,25,27,14,19,15,37,54,46,29,91,75,91,166
30.11.2005,Strasbourg,Fortitudo Bologna,75,78,19,17,19,17,18,21,19,23,38,34,37,44,72,81,72,153
30.11.2005,Olympiacos,Asseco Gdynia,70,65,16,15,13,19,20,18,21,13,29,34,41,31,63,72,63,135
30.11.2005,Anadolu Efes SK,Lietuvos Rytas,51,72,14,26,14,17,8,17,15,12,28,43,23,29,71,52,71,123
30.11.2005,CSKA Moscow,Real Madrid,64,52,14,12,15,15,16,8,19,17,29,27,35,25,56,60,56,116
24.11.2005,Real Madrid,Alpella,70,58,20,21,19,14,22,10,9,13,39,35,31,23,74,54,74,128
24.11.2005,Strasbourg,Petrol Olimpija,90,82,31,19,19,21,15,20,25,22,50,40,40,42,90,82,90,172
24.11.2005,Asseco Gdynia,Barcelona,60,65,12,16,23,18,10,13,15,18,35,34,25,31,69,56,69,125
24.11.2005,Panathinaikos,Partizan,81,62,24,20,28,5,16,6,13,31,52,25,29,37,77,66,77,143
24.11.2005,Unicaja,Montepaschi Siena,82,60,17,9,19,16,27,22,19,13,36,25,46,35,61,81,61,142
24.11.2005,Zalgiris Kaunas,Treviso,88,70,25,19,18,16,23,13,22,22,43,35,45,35,78,80,78,158
24.11.2005,Anadolu Efes SK,Maccabi Tel Aviv,90,88,20,23,21,23,27,20,22,22,41,46,49,42,87,91,87,178
23.11.2005,Fortitudo Bologna,Bamberg,94,64,29,20,24,16,26,16,15,12,53,36,41,28,89,69,89,158
23.11.2005,Tau Ceramica,AEK Athens,77,62,12,24,22,13,23,17,20,8,34,37,43,25,71,68,71,139
23.11.2005,Pau-Orthez,CSKA Moscow,55,69,16,11,18,22,9,16,12,20,34,33,21,36,67,57,67,124
23.11.2005,Cibona,Olimpia Milano,67,60,13,20,20,11,17,17,17,12,33,31,34,29,64,63,64,127
23.11.2005,Lietuvos Rytas,Olympiacos,78,67,18,21,21,13,21,25,18,8,39,34,39,33,73,72,73,145
17.11.2005,Bamberg,Strasbourg,73,60,21,12,12,15,14,19,26,14,33,27,40,33,60,73,60,133
17.11.2005,Barcelona,Lietuvos Rytas,91,97,12,25,29,22,20,15,30,35,41,47,50,50,88,100,88,188
17.11.2005,Olimpia Milano,Asseco Gdynia,71,92,17,30,27,17,20,20,7,25,44,47,27,45,91,72,91,163
17.11.2005,Partizan,Real Madrid,63,75,18,25,13,15,21,17,11,18,31,40,32,35,71,67,71,138
17.11.2005,Treviso,Fortitudo Bologna,94,84,22,15,15,19,32,24,25,26,37,34,57,50,71,107,71,178
17.11.2005,AEK Athens,Zalgiris Kaunas,80,65,19,23,19,13,22,16,20,13,38,36,42,29,74,71,74,145
17.11.2005,Maccabi Tel Aviv,Cibona,83,74,13,17,19,26,21,13,30,18,32,43,51,31,75,82,75,157
17.11.2005,Olympiacos,Anadolu Efes SK,75,78,19,22,13,9,20,20,19,20,32,31,39,40,63,79,63,142
16.11.2005,Montepaschi Siena,Panathinaikos,78,82,16,26,16,12,23,18,23,26,32,38,46,44,70,90,70,160
16.11.2005,Petrol Olimpija,Tau Ceramica,70,87,16,25,23,21,24,27,7,14,39,46,31,41,85,72,85,157
16.11.2005,Alpella,Pau-Orthez,87,55,23,16,22,9,25,10,17,20,45,25,42,30,70,72,70,142
16.11.2005,CSKA Moscow,Unicaja,87,63,17,21,20,18,26,5,24,19,37,39,50,24,76,74,76,150
10.11.2005,Bamberg,Petrol Olimpija,81,80,26,20,25,21,15,20,15,19,51,41,30,39,92,69,92,161
10.11.2005,Montepaschi Siena,Partizan,66,59,15,14,19,16,13,11,19,18,34,30,32,29,64,61,64,125
10.11.2005,Olympiacos,Maccabi Tel Aviv,83,78,12,18,27,18,21,25,23,17,39,36,44,42,75,86,75,161
10.11.2005,Zalgiris Kaunas,Tau Ceramica,63,58,16,18,13,10,20,13,14,17,29,28,34,30,57,64,57,121
10.11.2005,Anadolu Efes SK,Barcelona,66,63,25,16,8,11,14,20,19,16,33,27,33,36,60,69,60,129
10.11.2005,Strasbourg,Treviso,76,78,16,22,13,14,26,16,14,17,29,36,40,33,65,73,65,138
09.11.2005,Fortitudo Bologna,AEK Athens,88,55,25,11,18,10,20,16,25,18,43,21,45,34,64,79,64,143
09.11.2005,Unicaja,Alpella,70,57,25,13,15,20,15,18,15,6,40,33,30,24,73,54,73,127
09.11.2005,Pau-Orthez,Real Madrid,50,69,11,14,17,17,7,22,15,16,28,31,22,38,59,60,59,119
09.11.2005,Asseco Gdynia,Cibona,80,64,20,20,16,12,26,16,18,16,36,32,44,32,68,76,68,144
09.11.2005,Panathinaikos,CSKA Moscow,92,82,23,26,19,19,23,19,27,18,42,45,50,37,87,87,87,174
09.11.2005,Lietuvos Rytas,Olimpia Milano,59,65,18,13,13,17,5,10,23,25,31,30,28,35,61,63,61,124
03.11.2005,Barcelona,Olympiacos,86,70,26,16,18,15,25,15,17,24,44,31,42,39,75,81,75,156
03.11.2005,Olimpia Milano,Anadolu Efes SK,66,71,25,16,8,18,17,20,16,17,33,34,33,37,67,70,67,137
03.11.2005,Partizan,Pau-Orthez,57,82,13,20,9,17,22,27,13,18,22,37,35,45,59,80,59,139
03.11.2005,Petrol Olimpija,Zalgiris Kaunas,75,78,18,17,24,17,17,22,16,22,42,34,33,44,76,77,76,153
03.11.2005,Treviso,Bamberg,76,68,26,14,16,16,18,20,16,18,42,30,34,38,72,72,72,144
03.11.2005,Maccabi Tel Aviv,Asseco Gdynia,95,68,23,21,23,14,26,21,23,12,46,35,49,33,81,82,81,163
03.11.2005,Real Madrid,Unicaja,88,77,24,23,23,21,25,15,16,18,47,44,41,33,91,74,91,165
02.11.2005,Cibona,Lietuvos Rytas,68,57,17,7,26,26,15,11,10,13,43,33,25,24,76,49,76,125
02.11.2005,Tau Ceramica,Fortitudo Bologna,77,69,22,18,16,14,23,18,16,19,38,32,39,37,70,76,70,146
02.11.2005,AEK Athens,Strasbourg,73,71,21,19,21,18,16,18,15,16,42,37,31,34,79,65,79,144
02.11.2005,CSKA Moscow,Montepaschi Siena,69,74,17,11,14,21,22,22,16,20,31,32,38,42,63,80,63,143
31.10.2005,Alpella,Panathinaikos,66,82,16,22,16,23,17,21,17,16,32,45,34,37,77,71,77,148
08.05.2005,Maccabi Tel Aviv,Tau Ceramica,90,78,26,15,24,24,15,23,25,16,50,39,40,39,89,79,89,168
08.05.2005,CSKA Moscow,Panathinaikos,91,94,20,15,22,8,19,28,17,27,42,23,36,55,65,91,65,156
06.05.2005,CSKA Moscow,Tau Ceramica,78,85,17,25,23,22,19,13,19,25,40,47,38,38,87,76,87,163
06.05.2005,Maccabi Tel Aviv,Panathinaikos,91,82,25,18,24,23,19,21,23,20,49,41,42,41,90,83,90,173
14.04.2005,Europe,Rest Of The World,102,106,27,36,28,29,18,19,29,22,55,65,47,41,120,88,120,208
14.04.2005,Panathinaikos,Anadolu Efes SK,84,76,22,17,26,22,24,13,12,24,48,39,36,37,87,73,87,160
08.04.2005,Anadolu Efes SK,Panathinaikos,75,63,18,16,10,16,24,13,23,18,28,32,47,31,60,78,60,138
07.04.2005,Pesaro,Maccabi Tel Aviv,100,103,21,20,20,30,28,28,31,25,41,50,59,53,91,112,91,203
07.04.2005,Tau Ceramica,Treviso,66,64,17,19,15,11,14,13,20,21,32,30,34,34,62,68,62,130
07.04.2005,Alpella,CSKA Moscow,64,82,15,20,19,27,17,16,13,19,34,47,30,35,81,65,81,146
06.04.2005,Panathinaikos,Anadolu Efes SK,102,96,21,21,25,25,18,17,24,25,46,46,42,42,92,84,92,176
05.04.2005,Treviso,Tau Ceramica,59,98,19,27,19,22,14,30,7,19,38,49,21,49,87,70,87,157
05.04.2005,Maccabi Tel Aviv,Pesaro,88,60,26,10,25,18,15,15,22,17,51,28,37,32,79,69,79,148
05.04.2005,CSKA Moscow,Alpella,88,74,20,19,29,15,14,20,25,20,49,34,39,40,83,79,83,162
31.03.2005,Cibona,Alpella,64,68,12,19,20,14,24,16,8,19,32,33,32,35,65,67,65,132
31.03.2005,Montepaschi Siena,Maccabi Tel Aviv,68,81,19,18,14,22,14,23,21,18,33,40,35,41,73,76,73,149
31.03.2005,Pesaro,CSKA Moscow,66,84,14,24,12,19,18,28,22,13,26,43,40,41,69,81,69,150
31.03.2005,Real Madrid,Barcelona,76,73,19,18,21,12,16,21,20,22,40,30,36,43,70,79,70,149
30.03.2005,Anadolu Efes SK,AEK Athens,69,62,17,10,21,23,16,13,15,16,38,33,31,29,71,60,71,131
30.03.2005,Asseco Gdynia,Treviso,51,85,11,26,10,14,9,25,21,20,21,40,30,45,61,75,61,136
30.03.2005,Panathinaikos,Fortitudo Bologna,78,55,21,17,17,9,17,16,23,13,38,26,40,29,64,69,64,133
30.03.2005,Zalgiris Kaunas,Tau Ceramica,82,86,24,25,23,19,13,20,22,22,47,44,35,42,91,77,91,168
24.03.2005,Barcelona,Pesaro,87,101,19,26,19,20,22,27,27,28,38,46,49,55,84,104,84,188
24.03.2005,Treviso,Anadolu Efes SK,70,59,19,14,21,15,8,16,22,14,40,29,30,30,69,60,69,129
24.03.2005,AEK Athens,Asseco Gdynia,81,70,20,19,23,15,23,19,15,17,43,34,38,36,77,74,77,151
24.03.2005,Maccabi Tel Aviv,Cibona,83,75,16,10,28,25,15,22,24,18,44,35,39,40,79,79,79,158
23.03.2005,Fortitudo Bologna,Zalgiris Kaunas,87,74,22,17,26,19,18,15,21,23,48,36,39,38,84,77,84,161
23.03.2005,Tau Ceramica,Panathinaikos,86,69,21,14,24,14,19,18,22,23,45,28,41,41,73,82,73,155
23.03.2005,Alpella,Montepaschi Siena,85,71,21,14,16,22,22,18,26,17,37,36,48,35,73,83,73,156
23.03.2005,CSKA Moscow,Real Madrid,89,73,26,13,24,19,27,19,12,22,50,32,39,41,82,80,82,162
17.03.2005,Pesaro,Real Madrid,90,88,21,17,18,26,18,18,24,20,39,43,42,38,82,80,82,162
17.03.2005,Cibona,Montepaschi Siena,78,73,25,13,14,20,22,18,17,22,39,33,39,40,72,79,72,151
17.03.2005,Alpella,Maccabi Tel Aviv,67,83,26,24,18,19,4,21,19,19,44,43,23,40,87,63,87,150
17.03.2005,Panathinaikos,Zalgiris Kaunas,83,78,21,11,23,24,20,22,19,21,44,35,39,43,79,82,79,161
16.03.2005,Fortitudo Bologna,Tau Ceramica,86,79,18,22,22,20,19,23,27,14,40,42,46,37,82,83,82,165
16.03.2005,Treviso,AEK Athens,85,65,20,11,17,17,24,20,24,17,37,28,48,37,65,85,65,150
16.03.2005,Asseco Gdynia,Anadolu Efes SK,70,89,17,27,27,19,11,21,15,22,44,46,26,43,90,69,90,159
16.03.2005,CSKA Moscow,Barcelona,68,79,23,14,12,23,13,24,20,18,35,37,33,42,72,75,72,147
10.03.2005,Pesaro,Barcelona,71,70,14,19,18,14,23,15,16,22,32,33,39,37,65,76,65,141
10.03.2005,Real Madrid,CSKA Moscow,94,95,26,21,21,30,21,16,16,17,47,51,37,33,98,70,98,168
10.03.2005,Cibona,Maccabi Tel Aviv,74,91,29,27,21,19,15,23,9,22,50,46,24,45,96,69,96,165
10.03.2005,Asseco Gdynia,AEK Athens,59,75,8,24,13,18,14,17,24,16,21,42,38,33,63,71,63,134
10.03.2005,Anadolu Efes SK,Treviso,52,43,20,17,14,11,11,2,7,13,34,28,18,15,62,33,62,95
09.03.2005,Montepaschi Siena,Alpella,84,71,23,11,17,22,25,20,19,18,40,33,44,38,73,82,73,155
09.03.2005,Zalgiris Kaunas,Fortitudo Bologna,81,82,25,18,11,28,28,23,17,13,36,46,45,36,82,81,82,163
09.03.2005,Panathinaikos,Tau Ceramica,93,81,20,28,21,23,26,14,26,16,41,51,52,30,92,82,92,174
03.03.2005,Barcelona,Real Madrid,84,71,22,16,15,21,22,21,25,13,37,37,47,34,74,81,74,155
03.03.2005,Treviso,Asseco Gdynia,89,75,23,17,20,19,24,27,22,12,43,36,46,39,79,85,79,164
03.03.2005,Maccabi Tel Aviv,Montepaschi Siena,85,84,22,18,24,27,19,19,20,20,46,45,39,39,91,78,91,169
03.03.2005,AEK Athens,Anadolu Efes SK,70,69,14,19,16,20,19,17,21,13,30,39,40,30,69,70,69,139
02.03.2005,Fortitudo Bologna,Panathinaikos,77,73,16,23,18,17,17,17,26,16,34,40,43,33,74,76,74,150
02.03.2005,Tau Ceramica,Zalgiris Kaunas,100,69,37,17,18,21,25,13,20,18,55,38,45,31,93,76,93,169
02.03.2005,Alpella,Cibona,84,77,26,18,17,24,14,17,27,18,43,42,41,35,85,76,85,161
02.03.2005,CSKA Moscow,Pesaro,88,68,25,19,26,15,20,22,17,12,51,34,37,34,85,71,85,156
24.02.2005,Barcelona,CSKA Moscow,70,91,14,19,23,16,12,28,21,28,37,35,33,56,72,89,72,161
24.02.2005,Montepaschi Siena,Cibona,90,62,21,14,24,14,22,17,23,17,45,28,45,34,73,79,73,152
24.02.2005,Real Madrid,Pesaro,75,71,14,20,24,18,24,10,13,23,38,38,37,33,76,70,76,146
24.02.2005,Maccabi Tel Aviv,Alpella,90,59,22,25,20,13,20,13,28,8,42,38,48,21,80,69,80,149
24.02.2005,Zalgiris Kaunas,Panathinaikos,73,84,20,26,22,15,7,13,24,30,42,41,31,43,83,74,83,157
23.02.2005,Tau Ceramica,Fortitudo Bologna,94,84,25,20,30,15,18,20,21,29,55,35,39,49,90,88,90,178
23.02.2005,AEK Athens,Treviso,83,75,24,14,19,28,13,15,27,18,43,42,40,33,85,73,85,158
23.02.2005,Anadolu Efes SK,Asseco Gdynia,86,62,22,17,22,10,17,19,25,16,44,27,42,35,71,77,71,148
10.02.2005,Asseco Gdynia,Cibona,83,78,22,7,18,18,12,17,14,24,40,25,26,41,65,67,65,132
10.02.2005,Barcelona,Maccabi Tel Aviv,81,79,13,25,22,9,22,21,24,24,35,34,46,45,69,91,69,160
10.02.2005,Olympiacos,Estudiantes,90,80,20,17,25,20,18,15,27,28,45,37,45,43,82,88,82,170
10.02.2005,Partizan,Anadolu Efes SK,49,74,18,15,13,17,9,28,9,14,31,32,18,42,63,60,63,123
10.02.2005,Pesaro,Montepaschi Siena,83,69,25,19,21,17,21,12,16,21,46,36,37,33,82,70,82,152
10.02.2005,Petrol Olimpija,AEK Athens,70,66,10,16,26,15,18,17,16,18,36,31,34,35,67,69,67,136
10.02.2005,Real Madrid,Fortitudo Bologna,79,81,15,16,16,23,21,28,27,14,31,39,48,42,70,90,70,160
10.02.2005,Zalgiris Kaunas,ASVEL,86,72,23,21,20,17,21,15,22,19,43,38,43,34,81,77,81,158
09.02.2005,Alpella,Tau Ceramica,86,73,28,21,15,19,20,17,23,16,43,40,43,33,83,76,83,159
09.02.2005,Frankfurt,CSKA Moscow,88,103,18,30,29,22,18,24,23,27,47,52,41,51,99,92,99,191
09.02.2005,Pau-Orthez,Panathinaikos,62,88,17,18,14,33,21,16,10,21,31,51,31,37,82,68,82,150
09.02.2005,Unicaja,Treviso,74,59,18,19,22,13,21,13,13,14,40,32,34,27,72,61,72,133
03.02.2005,Estudiantes,Real Madrid,90,84,20,17,22,22,22,19,26,26,42,39,48,45,81,93,81,174
03.02.2005,Fortitudo Bologna,Asseco Gdynia,71,63,15,18,19,17,15,16,22,12,34,35,37,28,69,65,69,134
03.02.2005,Maccabi Tel Aviv,Petrol Olimpija,95,82,19,26,22,17,24,17,30,22,41,43,54,39,84,93,84,177
03.02.2005,Panathinaikos,Alpella,79,72,16,12,23,22,21,16,19,22,39,34,40,38,73,78,73,151
03.02.2005,Treviso,Pau-Orthez,91,73,19,22,27,21,26,14,19,16,46,43,45,30,89,75,89,164
02.02.2005,Montepaschi Siena,Zalgiris Kaunas,70,74,15,18,22,17,13,20,15,10,37,35,28,30,72,58,72,130
02.02.2005,Tau Ceramica,Frankfurt,90,69,21,19,20,21,21,16,28,13,41,40,49,29,81,78,81,159
02.02.2005,ASVEL,Barcelona,65,69,17,19,15,17,17,21,16,12,32,36,33,33,68,66,68,134
02.02.2005,Cibona,Partizan,85,76,28,17,22,15,19,26,16,18,50,32,35,44,82,79,82,161
02.02.2005,Anadolu Efes SK,Olympiacos,80,54,21,17,25,10,16,9,18,18,46,27,34,27,73,61,73,134
02.02.2005,AEK Athens,Pesaro,78,72,14,25,25,12,14,20,25,15,39,37,39,35,76,74,76,150
02.02.2005,CSKA Moscow,Unicaja,76,70,16,14,20,20,27,13,13,23,36,34,40,36,70,76,70,146
27.01.2005,Barcelona,Montepaschi Siena,58,70,16,13,8,19,17,18,17,20,24,32,34,38,56,72,56,128
27.01.2005,Cibona,Fortitudo Bologna,89,96,16,23,22,24,22,20,21,14,38,47,43,34,85,77,85,162
27.01.2005,Petrol Olimpija,ASVEL,79,67,18,19,23,12,13,14,25,22,41,31,38,36,72,74,72,146
27.01.2005,Maccabi Tel Aviv,AEK Athens,93,92,28,22,21,26,20,21,24,23,49,48,44,44,97,88,97,185
27.01.2005,Alpella,Treviso,62,69,12,18,14,15,15,14,21,22,26,33,36,36,59,72,59,131
26.01.2005,Real Madrid,Anadolu Efes SK,57,72,17,13,13,24,20,14,7,21,30,37,27,35,67,62,67,129
26.01.2005,Tau Ceramica,Panathinaikos,84,82,16,24,29,21,17,12,22,25,45,45,39,37,90,76,90,166
26.01.2005,Pau-Orthez,CSKA Moscow,93,103,24,19,21,29,22,32,26,23,45,48,48,55,93,103,93,196
26.01.2005,Zalgiris Kaunas,Pesaro,91,87,16,27,18,12,18,19,27,21,34,39,45,40,73,85,73,158
26.01.2005,Asseco Gdynia,Estudiantes,78,74,17,16,18,19,25,14,18,25,35,35,43,39,70,82,70,152
26.01.2005,Olympiacos,Partizan,100,74,26,8,25,18,28,21,21,27,51,26,49,48,77,97,77,174
25.01.2005,Unicaja,Frankfurt,82,67,15,12,32,20,13,16,22,19,47,32,35,35,79,70,79,149
20.01.2005,Partizan,Fortitudo Bologna,85,88,14,21,26,22,20,25,25,20,40,43,45,45,83,90,83,173
20.01.2005,Pesaro,Maccabi Tel Aviv,97,95,22,25,25,22,28,19,22,29,47,47,50,48,94,98,94,192
20.01.2005,ASVEL,AEK Athens,69,73,19,21,16,17,17,19,17,16,35,38,34,35,73,69,73,142
20.01.2005,Olympiacos,Real Madrid,75,83,14,25,15,18,20,19,26,21,29,43,46,40,72,86,72,158
20.01.2005,Zalgiris Kaunas,Barcelona,80,81,20,22,17,17,26,14,17,28,37,39,43,42,76,85,76,161
20.01.2005,Anadolu Efes SK,Asseco Gdynia,78,65,21,13,16,21,23,14,18,17,37,34,41,31,71,72,71,143
19.01.2005,Unicaja,Pau-Orthez,80,71,23,20,16,18,16,18,25,15,39,38,41,33,77,74,77,151
19.01.2005,Estudiantes,Cibona,81,87,26,24,13,24,14,13,28,26,39,48,42,39,87,81,87,168
19.01.2005,Frankfurt,Panathinaikos,68,66,19,14,21,20,5,18,23,14,40,34,28,32,74,60,74,134
19.01.2005,Montepaschi Siena,Petrol Olimpija,74,70,22,22,21,19,13,12,18,17,43,41,31,29,84,60,84,144
19.01.2005,Treviso,Tau Ceramica,75,63,20,15,19,15,21,17,15,16,39,30,36,33,69,69,69,138
19.01.2005,CSKA Moscow,Alpella,90,77,25,23,20,19,25,18,20,17,45,42,45,35,87,80,87,167
13.01.2005,Barcelona,Pesaro,77,70,13,23,21,17,19,15,24,15,34,40,43,30,74,73,74,147
13.01.2005,Panathinaikos,Treviso,80,71,17,17,23,15,17,18,23,21,40,32,40,39,72,79,72,151
13.01.2005,Petrol Olimpija,Zalgiris Kaunas,86,73,21,15,17,21,27,18,21,19,38,36,48,37,74,85,74,159
13.01.2005,Maccabi Tel Aviv,ASVEL,89,69,30,16,17,17,19,18,23,18,47,33,42,36,80,78,80,158
13.01.2005,Alpella,Unicaja,66,62,12,11,18,15,13,18,23,18,30,26,36,36,56,72,56,128
12.01.2005,Cibona,Anadolu Efes SK,82,72,16,11,18,17,27,20,21,24,34,28,48,44,62,92,62,154
12.01.2005,Fortitudo Bologna,Estudiantes,84,78,24,26,13,14,25,17,22,21,37,40,47,38,77,85,77,162
12.01.2005,Real Madrid,Partizan,82,66,21,14,24,13,16,20,21,19,45,27,37,39,72,76,72,148
12.01.2005,Tau Ceramica,CSKA Moscow,81,85,23,26,18,19,24,18,16,22,41,45,40,40,86,80,86,166
12.01.2005,Pau-Orthez,Frankfurt,81,86,17,16,15,19,20,21,29,30,32,35,49,51,67,100,67,167
12.01.2005,Asseco Gdynia,Olympiacos,77,71,15,27,23,14,25,13,14,17,38,41,39,30,79,69,79,148
12.01.2005,AEK Athens,Montepaschi Siena,75,71,22,20,17,10,22,15,14,26,39,30,36,41,69,77,69,146
06.01.2005,Barcelona,Petrol Olimpija,79,69,18,14,21,16,24,16,16,23,39,30,40,39,69,79,69,148
06.01.2005,Montepaschi Siena,Maccabi Tel Aviv,86,90,21,29,21,19,15,21,29,21,42,48,44,42,90,86,90,176
06.01.2005,Partizan,Estudiantes,83,77,15,21,22,13,23,18,23,25,37,34,46,43,71,89,71,160
06.01.2005,Pesaro,ASVEL,95,86,25,21,22,18,17,16,31,31,47,39,48,47,86,95,86,181
06.01.2005,Olympiacos,Cibona,89,83,17,17,20,12,16,24,22,22,37,29,38,46,66,84,66,150
06.01.2005,Zalgiris Kaunas,AEK Athens,81,71,27,19,22,16,8,19,24,17,49,35,32,36,84,68,84,152
06.01.2005,Anadolu Efes SK,Fortitudo Bologna,79,73,16,20,23,21,22,12,18,20,39,41,40,32,80,72,80,152
05.01.2005,Unicaja,Tau Ceramica,78,76,19,17,11,21,18,12,30,26,30,38,48,38,68,86,68,154
05.01.2005,Pau-Orthez,Alpella,82,80,17,18,19,20,26,26,20,16,36,38,46,42,74,88,74,162
05.01.2005,Frankfurt,Treviso,58,77,12,24,15,15,16,26,15,12,27,39,31,38,66,69,66,135
05.01.2005,Real Madrid,Asseco Gdynia,76,66,17,16,21,14,21,14,17,22,38,30,38,36,68,74,68,142
05.01.2005,CSKA Moscow,Panathinaikos,75,72,20,13,13,26,19,21,23,12,33,39,42,33,72,75,72,147
23.12.2004,Estudiantes,Anadolu Efes SK,61,66,20,15,11,27,23,7,7,17,31,42,30,24,73,54,73,127
23.12.2004,Maccabi Tel Aviv,Zalgiris Kaunas,102,104,35,26,14,29,29,20,24,29,49,55,53,49,104,102,104,206
23.12.2004,Tau Ceramica,Pau-Orthez,93,87,17,16,24,25,26,22,26,24,41,41,52,46,82,98,82,180
23.12.2004,Treviso,CSKA Moscow,72,80,24,21,14,22,10,14,24,23,38,43,34,37,81,71,81,152
23.12.2004,Petrol Olimpija,Pesaro,63,74,14,24,22,13,15,23,12,14,36,37,27,37,73,64,73,137
23.12.2004,AEK Athens,Barcelona,91,79,20,16,26,17,15,19,30,27,46,33,45,46,79,91,79,170
22.12.2004,Cibona,Real Madrid,73,58,16,13,21,18,21,17,15,10,37,31,36,27,68,63,68,131
22.12.2004,Fortitudo Bologna,Olympiacos,94,77,20,17,16,18,30,17,28,25,36,35,58,42,71,100,71,171
22.12.2004,ASVEL,Montepaschi Siena,54,78,14,27,11,14,9,19,20,18,25,41,29,37,66,66,66,132
22.12.2004,Asseco Gdynia,Partizan,76,68,24,24,20,12,23,15,9,17,44,36,32,32,80,64,80,144
22.12.2004,Alpella,Frankfurt,79,60,21,18,19,12,14,10,25,20,40,30,39,30,70,69,70,139
22.12.2004,Panathinaikos,Unicaja,88,69,21,18,18,23,23,11,26,17,39,41,49,28,80,77,80,157
16.12.2004,ASVEL,Zalgiris Kaunas,85,83,25,14,16,23,27,25,17,21,41,37,44,46,78,90,78,168
16.12.2004,Cibona,Asseco Gdynia,88,57,21,16,25,10,24,23,18,8,46,26,42,31,72,73,72,145
16.12.2004,Estudiantes,Olympiacos,87,57,29,16,21,14,18,17,19,10,50,30,37,27,80,64,80,144
16.12.2004,Montepaschi Siena,Pesaro,93,70,29,13,17,22,24,11,23,24,46,35,47,35,81,82,81,163
16.12.2004,Treviso,Unicaja,72,62,20,16,15,8,13,18,24,20,35,24,37,38,59,75,59,134
16.12.2004,Maccabi Tel Aviv,Barcelona,84,59,26,7,18,19,17,16,23,17,44,26,40,33,70,73,70,143
16.12.2004,Anadolu Efes SK,Partizan,78,63,22,23,21,10,11,14,24,16,43,33,35,30,76,65,76,141
15.12.2004,Fortitudo Bologna,Real Madrid,77,70,8,21,23,13,19,16,27,20,31,34,46,36,65,82,65,147
15.12.2004,Tau Ceramica,Alpella,71,81,17,22,10,17,12,19,32,23,27,39,44,42,66,86,66,152
15.12.2004,AEK Athens,Petrol Olimpija,76,75,16,13,22,16,25,24,13,22,38,29,38,46,67,84,67,151
15.12.2004,CSKA Moscow,Frankfurt,86,82,14,20,22,18,28,23,22,21,36,38,50,44,74,94,74,168
15.12.2004,Panathinaikos,Pau-Orthez,103,89,20,24,22,18,35,22,26,25,42,42,61,47,84,108,84,192
09.12.2004,Barcelona,ASVEL,73,59,16,17,18,11,18,17,21,14,34,28,39,31,62,70,62,132
09.12.2004,Partizan,Cibona,78,81,16,24,29,23,16,17,17,17,45,47,33,34,92,67,92,159
09.12.2004,Pesaro,AEK Athens,88,90,21,21,21,22,22,25,24,22,42,43,46,47,85,93,85,178
09.12.2004,Real Madrid,Estudiantes,91,66,24,16,35,17,13,11,19,22,59,33,32,33,92,65,92,157
09.12.2004,Olympiacos,Anadolu Efes SK,59,110,21,26,14,33,14,17,10,34,35,59,24,51,94,75,94,169
09.12.2004,Petrol Olimpija,Maccabi Tel Aviv,93,81,17,17,15,17,29,28,32,19,32,34,61,47,66,108,66,174
09.12.2004,Zalgiris Kaunas,Montepaschi Siena,90,81,26,23,12,18,27,26,25,14,38,41,52,40,79,92,79,171
08.12.2004,Unicaja,CSKA Moscow,62,73,18,19,13,22,14,20,17,12,31,41,31,32,72,63,72,135
08.12.2004,Pau-Orthez,Treviso,79,72,23,21,15,23,26,8,15,20,38,44,41,28,82,69,82,151
08.12.2004,Frankfurt,Tau Ceramica,80,97,22,29,18,15,23,27,17,26,40,44,40,53,84,93,84,177
08.12.2004,Asseco Gdynia,Fortitudo Bologna,78,68,15,14,21,16,22,17,20,21,36,30,42,38,66,80,66,146
08.12.2004,Alpella,Panathinaikos,66,64,19,17,9,14,18,18,20,15,28,31,38,33,59,71,59,130
02.12.2004,Montepaschi Siena,Barcelona,88,85,23,25,16,20,18,24,31,16,39,45,49,40,84,89,84,173
02.12.2004,Pesaro,Zalgiris Kaunas,86,82,22,27,24,14,21,24,19,17,46,41,40,41,87,81,87,168
02.12.2004,ASVEL,Petrol Olimpija,61,54,16,10,14,9,12,16,19,19,30,19,31,35,49,66,49,115
02.12.2004,Anadolu Efes SK,Real Madrid,74,70,18,13,17,21,18,15,21,21,35,34,39,36,69,75,69,144
02.12.2004,AEK Athens,Maccabi Tel Aviv,110,113,29,29,25,32,24,24,32,28,54,61,56,52,115,108,115,223
02.12.2004,Partizan,Olympiacos,87,73,19,22,31,24,17,14,20,13,50,46,37,27,96,64,96,160
01.12.2004,Estudiantes,Asseco Gdynia,75,67,17,9,25,18,16,20,17,20,42,27,33,40,69,73,69,142
01.12.2004,Fortitudo Bologna,Cibona,99,88,21,22,22,21,28,17,28,28,43,43,56,45,86,101,86,187
01.12.2004,Treviso,Alpella,50,65,14,14,12,18,11,19,13,14,26,32,24,33,58,57,58,115
01.12.2004,Frankfurt,Unicaja,73,67,22,30,16,10,20,20,15,7,38,40,35,27,78,62,78,140
01.12.2004,CSKA Moscow,Pau-Orthez,80,60,24,15,21,17,15,13,20,15,45,32,35,28,77,63,77,140
01.12.2004,Panathinaikos,Tau Ceramica,99,95,16,17,30,23,19,28,20,17,46,40,39,45,86,84,86,170
25.11.2004,Barcelona,Zalgiris Kaunas,98,102,16,28,34,17,25,24,23,33,50,45,48,57,95,105,95,200
25.11.2004,Cibona,Estudiantes,85,78,22,22,15,20,25,17,23,19,37,42,48,36,79,84,79,163
25.11.2004,Real Madrid,Olympiacos,76,62,20,15,14,17,16,18,26,12,34,32,42,30,66,72,66,138
25.11.2004,Petrol Olimpija,Montepaschi Siena,79,74,15,19,28,24,16,14,20,17,43,43,36,31,86,67,86,153
25.11.2004,Maccabi Tel Aviv,Pesaro,123,73,26,25,34,8,28,19,35,21,60,33,63,40,93,103,93,196
25.11.2004,AEK Athens,ASVEL,89,63,22,15,24,22,23,8,20,18,46,37,43,26,83,69,83,152
24.11.2004,Fortitudo Bologna,Partizan,103,91,21,27,35,20,28,20,19,24,56,47,47,44,103,91,103,194
24.11.2004,Tau Ceramica,Treviso,73,76,26,24,17,11,13,24,17,17,43,35,30,41,78,71,78,149
24.11.2004,Pau-Orthez,Unicaja,75,97,25,20,17,30,22,22,11,25,42,50,33,47,92,80,92,172
24.11.2004,Asseco Gdynia,Anadolu Efes SK,67,73,10,19,18,19,22,12,17,23,28,38,39,35,66,74,66,140
24.11.2004,Panathinaikos,Frankfurt,72,67,12,23,21,8,16,25,23,11,33,31,39,36,64,75,64,139
24.11.2004,Alpella,CSKA Moscow,82,87,20,17,15,26,20,24,27,20,35,43,47,44,78,91,78,169
18.11.2004,Estudiantes,Fortitudo Bologna,84,97,27,22,17,23,19,25,21,27,44,45,40,52,89,92,89,181
18.11.2004,Partizan,Real Madrid,87,92,21,12,16,16,19,24,18,22,37,28,37,46,65,83,65,148
18.11.2004,Treviso,Panathinaikos,83,77,18,23,22,21,27,11,16,22,40,44,43,33,84,76,84,160
18.11.2004,ASVEL,Maccabi Tel Aviv,80,85,24,21,18,20,25,22,13,22,42,41,38,44,83,82,83,165
18.11.2004,Zalgiris Kaunas,Petrol Olimpija,78,83,13,21,18,27,21,15,26,20,31,48,47,35,79,82,79,161
17.11.2004,Unicaja,Alpella,73,62,19,15,19,17,22,18,13,12,38,32,35,30,70,65,70,135
17.11.2004,Montepaschi Siena,AEK Athens,77,58,18,16,23,13,18,15,18,14,41,29,36,29,70,65,70,135
17.11.2004,Pesaro,Barcelona,62,80,24,16,13,25,13,21,12,18,37,41,25,39,78,64,78,142
17.11.2004,Frankfurt,Pau-Orthez,86,62,22,19,16,17,25,9,23,17,38,36,48,26,74,74,74,148
17.11.2004,Anadolu Efes SK,Cibona,72,70,25,19,15,14,19,19,13,18,40,33,32,37,73,69,73,142
17.11.2004,CSKA Moscow,Tau Ceramica,88,83,24,27,17,20,25,18,22,18,41,47,47,36,88,83,88,171
17.11.2004,Olympiacos,Asseco Gdynia,75,77,21,17,20,16,16,16,18,28,41,33,34,44,74,78,74,152
11.11.2004,Estudiantes,Partizan,71,59,19,18,18,15,17,12,17,14,37,33,34,26,70,60,70,130
11.11.2004,ASVEL,Pesaro,73,82,18,20,17,12,21,13,14,25,35,32,35,38,67,73,67,140
11.11.2004,Petrol Olimpija,Barcelona,69,83,13,15,28,25,20,17,8,26,41,40,28,43,81,71,81,152
11.11.2004,Maccabi Tel Aviv,Montepaschi Siena,93,88,20,24,19,25,32,24,22,15,39,49,54,39,88,93,88,181
10.11.2004,Cibona,Olympiacos,60,64,19,17,13,21,17,14,11,12,32,38,28,26,70,54,70,124
10.11.2004,Fortitudo Bologna,Anadolu Efes SK,92,71,37,11,16,20,22,18,17,22,53,31,39,40,84,79,84,163
10.11.2004,Tau Ceramica,Unicaja,83,79,19,15,24,21,22,20,18,23,43,36,40,43,79,83,79,162
10.11.2004,Treviso,Frankfurt,93,60,17,8,18,17,22,13,36,22,35,25,58,35,60,93,60,153
10.11.2004,Panathinaikos,CSKA Moscow,73,85,17,19,18,17,16,27,22,22,35,36,38,49,71,87,71,158
10.11.2004,Asseco Gdynia,Real Madrid,61,69,16,13,10,24,22,18,13,14,26,37,35,32,63,67,63,130
10.11.2004,Alpella,Pau-Orthez,70,75,26,21,19,17,11,25,14,12,45,38,25,37,83,62,83,145
10.11.2004,AEK Athens,Zalgiris Kaunas,76,86,21,23,15,16,17,25,23,22,36,39,40,47,75,87,75,162
04.11.2004,Barcelona,AEK Athens,69,57,25,14,24,9,9,15,11,19,49,23,20,34,72,54,72,126
04.11.2004,Pesaro,Petrol Olimpija,77,68,13,19,22,9,21,22,21,18,35,28,42,40,63,82,63,145
04.11.2004,Real Madrid,Cibona,69,70,9,18,14,19,29,22,17,11,23,37,46,33,60,79,60,139
04.11.2004,Pau-Orthez,Tau Ceramica,81,87,23,22,20,25,20,14,18,26,43,47,38,40,90,78,90,168
04.11.2004,Anadolu Efes SK,Estudiantes,81,72,20,14,21,15,22,23,18,20,41,29,40,43,70,83,70,153
03.11.2004,Unicaja,Panathinaikos,75,83,18,16,14,18,13,19,30,30,32,34,43,49,66,92,66,158
03.11.2004,Montepaschi Siena,ASVEL,86,70,19,17,31,15,18,23,18,15,50,32,36,38,82,74,82,156
03.11.2004,Partizan,Asseco Gdynia,64,66,16,13,14,22,13,16,21,15,30,35,34,31,65,65,65,130
03.11.2004,Frankfurt,Alpella,52,82,11,19,9,29,17,15,15,19,20,48,32,34,68,66,68,134
03.11.2004,CSKA Moscow,Treviso,80,79,20,18,24,17,20,21,16,23,44,35,36,44,79,80,79,159
03.11.2004,Olympiacos,Fortitudo Bologna,71,76,26,24,19,15,15,13,11,24,45,39,26,37,84,63,84,147
01.11.2004,Zalgiris Kaunas,Maccabi Tel Aviv,75,102,19,28,22,19,21,24,13,31,41,47,34,55,88,89,88,177
01.05.2004,Maccabi Tel Aviv,Fortitudo Bologna,118,74,31,13,24,17,25,21,38,23,55,30,63,44,85,107,85,192
01.05.2004,CSKA Moscow,Montepaschi Siena,97,94,15,32,25,24,31,17,26,21,40,56,57,38,96,95,96,191
29.04.2004,Maccabi Tel Aviv,CSKA Moscow,93,85,18,27,23,15,21,13,31,30,41,42,52,43,83,95,83,178
29.04.2004,Montepaschi Siena,Fortitudo Bologna,102,103,20,23,18,24,24,17,28,26,38,47,52,43,85,95,85,180
08.04.2004,Maccabi Tel Aviv,Zalgiris Kaunas,107,99,30,22,16,21,12,21,36,30,46,43,48,51,89,99,89,188
08.04.2004,Panathinaikos,Montepaschi Siena,77,86,26,22,20,14,14,36,17,14,46,36,31,50,82,81,82,163
08.04.2004,Treviso,Barcelona,88,72,23,13,13,24,32,15,20,20,36,37,52,35,73,87,73,160
08.04.2004,Valencia,Alpella,78,72,19,17,22,21,21,24,16,10,41,38,37,34,79,71,79,150
07.04.2004,Cibona,CSKA Moscow,81,72,28,17,13,11,14,20,26,24,41,28,40,44,69,84,69,153
07.04.2004,Tau Ceramica,Olympiacos,87,82,25,21,27,20,23,21,12,20,52,41,35,41,93,76,93,169
07.04.2004,Anadolu Efes SK,Petrol Olimpija,68,58,14,20,16,10,16,8,22,20,30,30,38,28,60,66,60,126
07.04.2004,Pau-Orthez,Fortitudo Bologna,80,81,21,19,16,21,23,23,20,18,37,40,43,41,77,84,77,161
01.04.2004,Barcelona,Panathinaikos,64,67,19,14,12,20,16,15,17,18,31,34,33,33,65,66,65,131
01.04.2004,Montepaschi Siena,Treviso,80,64,21,14,22,14,16,19,21,17,43,28,37,36,71,73,71,144
01.04.2004,Zalgiris Kaunas,Valencia,87,100,14,22,15,22,24,20,34,36,29,44,58,56,73,114,73,187
01.04.2004,Alpella,Maccabi Tel Aviv,79,76,15,16,20,16,14,18,30,26,35,32,44,44,67,88,67,155
31.03.2004,Fortitudo Bologna,Anadolu Efes SK,76,75,13,14,19,23,23,23,21,15,32,37,44,38,69,82,69,151
31.03.2004,Petrol Olimpija,Pau-Orthez,86,90,24,20,16,23,19,17,27,30,40,43,46,47,83,93,83,176
31.03.2004,Olympiacos,Cibona,68,70,13,19,26,12,14,19,15,20,39,31,29,39,70,68,70,138
31.03.2004,CSKA Moscow,Tau Ceramica,84,82,19,28,23,20,23,15,19,19,42,48,42,34,90,76,90,166
25.03.2004,Petrol Olimpija,Fortitudo Bologna,73,86,17,32,19,22,23,15,14,17,36,54,37,32,90,69,90,159
25.03.2004,Treviso,Panathinaikos,111,101,23,27,20,23,22,25,25,15,43,50,47,40,93,87,93,180
25.03.2004,Maccabi Tel Aviv,Valencia,20,0,0,0,0,0,0,0,0,0,0,0,0,0,0,0,0,0
25.03.2004,Zalgiris Kaunas,Alpella,95,72,23,15,24,22,25,18,23,17,47,37,48,35,84,83,84,167
24.03.2004,Barcelona,Montepaschi Siena,85,86,21,23,20,20,16,25,28,18,41,43,44,43,84,87,84,171
24.03.2004,Tau Ceramica,Cibona,95,76,29,11,22,15,22,18,22,32,51,26,44,50,77,94,77,171
24.03.2004,Olympiacos,CSKA Moscow,69,93,16,25,11,21,13,22,29,25,27,46,42,47,73,89,73,162
24.03.2004,Anadolu Efes SK,Pau-Orthez,78,61,24,20,20,22,15,8,19,11,44,42,34,19,86,53,86,139
18.03.2004,Pau-Orthez,Petrol Olimpija,83,77,20,25,20,17,19,15,24,20,40,42,43,35,82,78,82,160
18.03.2004,Treviso,Montepaschi Siena,95,92,23,18,28,27,22,25,22,22,51,45,44,47,96,91,96,187
18.03.2004,Valencia,Zalgiris Kaunas,85,76,29,24,18,20,19,10,19,22,47,44,38,32,91,70,91,161
18.03.2004,Maccabi Tel Aviv,Alpella,90,76,23,20,26,14,21,16,20,26,49,34,41,42,83,83,83,166
18.03.2004,Panathinaikos,Barcelona,66,84,17,18,24,22,10,25,15,19,41,40,25,44,81,69,81,150
17.03.2004,Tau Ceramica,CSKA Moscow,77,80,24,23,14,11,17,28,22,18,38,34,39,46,72,85,72,157
17.03.2004,Cibona,Olympiacos,62,68,21,17,16,15,9,17,16,19,37,32,25,36,69,61,69,130
17.03.2004,Anadolu Efes SK,Fortitudo Bologna,72,70,24,12,13,29,22,14,13,15,37,41,35,29,78,64,78,142
11.03.2004,Montepaschi Siena,Panathinaikos,86,67,20,20,22,15,22,13,22,19,42,35,44,32,77,76,77,153
11.03.2004,Petrol Olimpija,Anadolu Efes SK,68,57,22,18,19,15,15,12,12,12,41,33,27,24,74,51,74,125
11.03.2004,Zalgiris Kaunas,Maccabi Tel Aviv,78,70,18,19,24,15,16,11,20,25,42,34,36,36,76,72,76,148
10.03.2004,Barcelona,Treviso,67,77,13,18,11,21,20,21,23,17,24,39,43,38,63,81,63,144
10.03.2004,Fortitudo Bologna,Pau-Orthez,87,81,21,24,21,21,20,20,25,16,42,45,45,36,87,81,87,168
10.03.2004,Olympiacos,Tau Ceramica,83,85,26,23,12,22,21,17,24,23,38,45,45,40,83,85,83,168
10.03.2004,Alpella,Valencia,77,81,22,20,23,12,11,27,21,22,45,32,32,49,77,81,77,158
10.03.2004,CSKA Moscow,Cibona,68,61,13,14,17,14,22,14,16,19,30,28,38,33,58,71,58,129
04.03.2004,Montepaschi Siena,Barcelona,68,73,10,13,22,26,15,12,21,22,32,39,36,34,71,70,71,141
04.03.2004,Valencia,Maccabi Tel Aviv,74,89,13,18,27,25,18,20,16,26,40,43,34,46,83,80,83,163
04.03.2004,Cibona,Tau Ceramica,72,78,8,13,20,21,25,18,19,26,28,34,44,44,62,88,62,150
04.03.2004,Alpella,Zalgiris Kaunas,73,85,25,26,20,16,15,16,13,27,45,42,28,43,87,71,87,158
04.03.2004,Panathinaikos,Treviso,82,75,18,21,19,20,24,18,21,16,37,41,45,34,78,79,78,157
03.03.2004,Fortitudo Bologna,Petrol Olimpija,84,76,22,16,18,11,26,22,18,27,40,27,44,49,67,93,67,160
03.03.2004,Pau-Orthez,Anadolu Efes SK,57,77,17,22,9,16,10,15,21,24,26,38,31,39,64,70,64,134
03.03.2004,CSKA Moscow,Olympiacos,80,66,20,20,19,12,25,17,16,17,39,32,41,34,71,75,71,146
19.02.2004,Alpella,Barcelona,61,76,10,28,19,17,15,19,17,12,29,45,32,31,74,63,74,137
19.02.2004,Partizan,AEK Athens,78,71,23,19,18,21,20,18,17,13,41,40,37,31,81,68,81,149
19.02.2004,Petrol Olimpija,Cibona,85,81,24,23,19,17,22,13,8,20,43,40,30,33,83,63,83,146
19.02.2004,Virtus Roma,Pau-Orthez,73,80,24,24,15,22,18,20,16,14,39,46,34,34,85,68,85,153
19.02.2004,Fortitudo Bologna,Unicaja,82,60,19,15,25,21,18,10,20,14,44,36,38,24,80,62,80,142
19.02.2004,Maccabi Tel Aviv,Montepaschi Siena,88,86,16,22,27,31,28,11,17,22,43,53,45,33,96,78,96,174
19.02.2004,Panathinaikos,KK Krka Novo Mesto,101,67,20,18,28,16,26,18,27,15,48,34,53,33,82,86,82,168
19.02.2004,Zalgiris Kaunas,CSKA Moscow,75,78,24,13,18,28,15,14,18,23,42,41,33,37,83,70,83,153
18.02.2004,Alba Berlin,Olympiacos,70,71,14,25,19,19,22,10,15,17,33,44,37,27,77,64,77,141
18.02.2004,ASVEL,Tau Ceramica,70,82,15,29,20,12,14,17,21,24,35,41,35,41,76,76,76,152
18.02.2004,Slask Wroclaw,Treviso,72,77,17,20,12,16,22,18,21,23,29,36,43,41,65,84,65,149
18.02.2004,Valencia,Anadolu Efes SK,107,103,32,20,20,22,19,29,23,23,52,42,42,52,94,94,94,188
12.02.2004,Unicaja,Panathinaikos,83,78,11,20,17,23,26,14,29,21,28,43,55,35,71,90,71,161
12.02.2004,Cibona,Virtus Roma,82,55,17,20,16,11,23,12,26,12,33,31,49,24,64,73,64,137
12.02.2004,KK Krka Novo Mesto,Zalgiris Kaunas,65,72,16,13,20,16,17,15,12,28,36,29,29,43,65,72,65,137
12.02.2004,Montepaschi Siena,Fortitudo Bologna,76,69,21,19,18,17,17,15,20,18,39,36,37,33,75,70,75,145
12.02.2004,Barcelona,Partizan,95,91,16,19,29,18,16,26,22,20,45,37,38,46,82,84,82,166
12.02.2004,Olympiacos,ASVEL,82,61,13,14,26,9,18,20,25,18,39,23,43,38,62,81,62,143
12.02.2004,Anadolu Efes SK,Slask Wroclaw,95,92,23,26,17,21,26,20,29,25,40,47,55,45,87,100,87,187
12.02.2004,CSKA Moscow,Maccabi Tel Aviv,80,83,17,14,14,17,32,21,17,31,31,31,49,52,62,101,62,163
11.02.2004,Pau-Orthez,Alpella,77,83,17,15,17,25,19,15,24,28,34,40,43,43,74,86,74,160
11.02.2004,Tau Ceramica,Valencia,73,67,22,19,16,15,20,19,15,14,38,34,35,33,72,68,72,140
11.02.2004,Treviso,Alba Berlin,91,65,28,15,23,12,18,17,22,21,51,27,40,38,78,78,78,156
11.02.2004,AEK Athens,Petrol Olimpija,91,87,28,23,26,21,20,27,17,16,54,44,37,43,98,80,98,178
05.02.2004,Partizan,Pau-Orthez,75,77,17,22,32,14,16,22,10,19,49,36,26,41,85,67,85,152
05.02.2004,Petrol Olimpija,Virtus Roma,87,68,20,17,15,9,27,28,25,14,35,26,52,42,61,94,61,155
05.02.2004,AEK Athens,Barcelona,64,70,23,17,17,18,9,17,15,18,40,35,24,35,75,59,75,134
05.02.2004,Maccabi Tel Aviv,Zalgiris Kaunas,92,83,27,17,29,27,23,14,13,25,56,44,36,39,100,75,100,175
05.02.2004,Olympiacos,Treviso,89,102,22,28,27,24,27,26,13,24,49,52,40,50,101,90,101,191
04.02.2004,Fortitudo Bologna,CSKA Moscow,71,78,12,15,25,21,16,26,18,16,37,36,34,42,73,76,73,149
04.02.2004,KK Krka Novo Mesto,Unicaja,78,77,23,14,14,24,19,26,22,13,37,38,41,39,75,80,75,155
04.02.2004,Valencia,ASVEL,80,64,27,9,15,15,24,19,14,21,42,24,38,40,66,78,66,144
04.02.2004,Alba Berlin,Anadolu Efes SK,77,61,19,22,13,13,28,17,17,9,32,35,45,26,67,71,67,138
04.02.2004,Panathinaikos,Montepaschi Siena,80,76,21,15,21,24,15,24,23,13,42,39,38,37,81,75,81,156
04.02.2004,Slask Wroclaw,Tau Ceramica,87,88,26,24,26,19,15,23,20,22,52,43,35,45,95,80,95,175
04.02.2004,Alpella,Cibona,76,70,18,18,14,21,14,18,30,13,32,39,44,31,71,75,71,146
29.01.2004,ASVEL,Treviso,74,87,12,27,16,23,18,25,28,12,28,50,46,37,78,83,78,161
29.01.2004,Montepaschi Siena,KK Krka Novo Mesto,82,55,17,16,17,19,25,12,23,8,34,35,48,20,69,68,69,137
29.01.2004,Tau Ceramica,Alba Berlin,94,81,20,11,26,26,20,20,28,24,46,37,48,44,83,92,83,175
29.01.2004,Valencia,Slask Wroclaw,102,73,23,22,19,9,28,22,32,20,42,31,60,42,73,102,73,175
29.01.2004,Maccabi Tel Aviv,Fortitudo Bologna,89,99,23,24,12,16,26,30,28,29,35,40,54,59,75,113,75,188
29.01.2004,Zalgiris Kaunas,Unicaja,89,81,20,22,23,19,20,21,26,19,43,41,46,40,84,86,84,170
29.01.2004,Anadolu Efes SK,Olympiacos,61,52,18,19,12,12,17,14,14,7,30,31,31,21,61,52,61,113
28.01.2004,Barcelona,Petrol Olimpija,92,72,24,16,26,18,22,20,20,18,50,34,42,38,84,80,84,164
28.01.2004,Cibona,Partizan,92,69,27,16,17,20,22,9,26,24,44,36,48,33,80,81,80,161
28.01.2004,Pau-Orthez,AEK Athens,68,78,16,11,14,18,21,19,17,30,30,29,38,49,59,87,59,146
28.01.2004,Virtus Roma,Alpella,53,69,8,14,14,14,15,18,16,23,22,28,31,41,50,72,50,122
28.01.2004,CSKA Moscow,Panathinaikos,75,68,21,19,22,22,8,13,24,14,43,41,32,27,84,59,84,143
22.01.2004,Fortitudo Bologna,Zalgiris Kaunas,117,107,27,23,29,28,34,34,27,22,56,51,61,56,107,117,107,224
22.01.2004,Partizan,Virtus Roma,73,81,25,24,19,11,14,25,15,21,44,35,29,46,79,75,79,154
22.01.2004,AEK Athens,Cibona,73,75,26,13,20,21,14,17,13,24,46,34,27,41,80,68,80,148
22.01.2004,Alpella,Petrol Olimpija,68,63,15,13,20,10,14,20,19,20,35,23,33,40,58,73,58,131
22.01.2004,Panathinaikos,Maccabi Tel Aviv,84,91,13,33,27,13,13,24,31,21,40,46,44,45,86,89,86,175
22.01.2004,Slask Wroclaw,ASVEL,84,75,22,20,26,15,18,23,18,17,48,35,36,40,83,76,83,159
21.01.2004,Unicaja,Montepaschi Siena,75,63,16,22,21,10,22,18,16,13,37,32,38,31,69,69,69,138
21.01.2004,Barcelona,Pau-Orthez,81,69,21,22,22,13,22,15,16,19,43,35,38,34,78,72,78,150
21.01.2004,KK Krka Novo Mesto,CSKA Moscow,62,89,13,15,23,28,10,21,16,25,36,43,26,46,79,72,79,151
21.01.2004,Treviso,Anadolu Efes SK,66,79,14,20,21,15,17,12,14,32,35,35,31,44,70,75,70,145
21.01.2004,Olympiacos,Tau Ceramica,81,72,25,19,17,21,22,14,17,18,42,40,39,32,82,71,82,153
21.01.2004,Alba Berlin,Valencia,80,93,21,22,23,28,14,20,22,23,44,50,36,43,94,79,94,173
15.01.2004,Maccabi Tel Aviv,KK Krka Novo Mesto,98,58,24,10,25,24,26,14,23,10,49,34,49,24,83,73,83,156
15.01.2004,Petrol Olimpija,Pau-Orthez,84,78,19,19,23,23,23,12,19,24,42,42,42,36,84,78,84,162
15.01.2004,Valencia,Olympiacos,78,90,21,17,17,14,18,26,22,33,38,31,40,59,69,99,69,168
15.01.2004,Virtus Roma,AEK Athens,70,73,22,20,18,25,18,11,12,17,40,45,30,28,85,58,85,143
15.01.2004,Zalgiris Kaunas,Montepaschi Siena,73,75,22,17,21,21,12,19,18,18,43,38,30,37,81,67,81,148
15.01.2004,Alpella,Partizan,81,73,20,17,27,16,16,19,18,21,47,33,34,40,80,74,80,154
15.01.2004,Slask Wroclaw,Alba Berlin,92,80,23,19,26,21,23,25,20,15,49,40,43,40,89,83,89,172
14.01.2004,ASVEL,Anadolu Efes SK,67,73,19,27,18,22,13,10,17,14,37,49,30,24,86,54,86,140
14.01.2004,Cibona,Barcelona,74,68,29,16,12,18,19,20,14,14,41,34,33,34,75,67,75,142
14.01.2004,Fortitudo Bologna,Panathinaikos,114,118,20,19,18,22,20,26,27,18,38,41,47,44,79,91,79,170
14.01.2004,Tau Ceramica,Treviso,88,81,28,28,30,17,20,19,10,17,58,45,30,36,103,66,103,169
14.01.2004,CSKA Moscow,Unicaja,91,84,19,14,20,18,23,23,16,23,39,32,39,46,71,85,71,156
08.01.2004,Unicaja,Maccabi Tel Aviv,87,75,25,21,24,28,10,13,28,13,49,49,38,26,98,64,98,162
08.01.2004,Montepaschi Siena,CSKA Moscow,79,73,20,19,23,15,22,22,14,17,43,34,36,39,77,75,77,152
08.01.2004,Partizan,Petrol Olimpija,77,67,19,18,17,14,27,20,14,15,36,32,41,35,68,76,68,144
08.01.2004,Pau-Orthez,Cibona,105,89,32,26,22,16,24,22,27,25,54,42,51,47,96,98,96,194
08.01.2004,Olympiacos,Slask Wroclaw,98,92,18,21,27,25,26,21,27,25,45,46,53,46,91,99,91,190
08.01.2004,Panathinaikos,Zalgiris Kaunas,91,80,25,27,25,17,22,15,19,21,50,44,41,36,94,77,94,171
07.01.2004,KK Krka Novo Mesto,Fortitudo Bologna,58,66,14,6,20,15,12,20,12,25,34,21,24,45,55,69,55,124
07.01.2004,Treviso,Valencia,90,72,30,18,21,10,15,23,24,21,51,28,39,44,79,83,79,162
07.01.2004,Barcelona,Virtus Roma,86,65,24,10,22,19,12,14,28,22,46,29,40,36,75,76,75,151
07.01.2004,AEK Athens,Alpella,83,82,19,24,22,20,14,22,28,16,41,44,42,38,85,80,85,165
07.01.2004,Alba Berlin,ASVEL,80,73,19,23,21,14,21,20,19,16,40,37,40,36,77,76,77,153
07.01.2004,Anadolu Efes SK,Tau Ceramica,74,65,17,14,16,17,16,20,25,14,33,31,41,34,64,75,64,139
18.12.2003,Barcelona,Alpella,92,57,24,13,24,15,22,20,22,9,48,28,44,29,76,73,76,149
18.12.2003,KK Krka Novo Mesto,Panathinaikos,64,74,14,17,15,20,16,18,19,19,29,37,35,37,66,72,66,138
18.12.2003,Montepaschi Siena,Maccabi Tel Aviv,85,89,20,21,21,21,17,22,27,25,41,42,44,47,83,91,83,174
18.12.2003,Pau-Orthez,Virtus Roma,106,110,22,28,19,24,21,18,29,21,41,52,50,39,93,89,93,182
18.12.2003,AEK Athens,Partizan,95,92,26,21,25,17,19,22,25,32,51,38,44,54,89,98,89,187
18.12.2003,Olympiacos,Alba Berlin,96,95,22,21,24,23,17,18,24,25,46,44,41,43,90,84,90,174
18.12.2003,CSKA Moscow,Zalgiris Kaunas,90,81,28,22,13,16,23,26,26,17,41,38,49,43,79,92,79,171
17.12.2003,Unicaja,Fortitudo Bologna,72,80,18,17,17,22,17,20,20,21,35,39,37,41,74,78,74,152
17.12.2003,Anadolu Efes SK,Valencia,69,59,20,17,15,7,20,9,14,26,35,24,34,35,59,69,59,128
17.12.2003,Cibona,Petrol Olimpija,95,86,26,25,26,19,22,29,21,13,52,44,43,42,96,85,96,181
17.12.2003,Tau Ceramica,ASVEL,92,76,23,21,28,18,24,8,17,29,51,39,41,37,90,78,90,168
17.12.2003,Treviso,Slask Wroclaw,98,56,31,12,23,14,22,14,22,16,54,26,44,30,80,74,80,154
11.12.2003,ASVEL,Olympiacos,77,92,18,21,27,21,8,25,24,25,45,42,32,50,87,82,87,169
11.12.2003,Partizan,Barcelona,61,57,12,15,18,14,12,13,19,15,30,29,31,28,59,59,59,118
11.12.2003,Petrol Olimpija,AEK Athens,78,77,22,21,18,25,18,15,20,16,40,46,38,31,86,69,86,155
11.12.2003,Virtus Roma,Cibona,80,72,25,21,12,13,25,19,18,19,37,34,43,38,71,81,71,152
11.12.2003,Maccabi Tel Aviv,CSKA Moscow,84,87,28,18,21,16,19,29,16,24,49,34,35,53,83,88,83,171
11.12.2003,Zalgiris Kaunas,KK Krka Novo Mesto,98,75,16,23,28,12,31,24,23,16,44,35,54,40,79,94,79,173
11.12.2003,Slask Wroclaw,Anadolu Efes SK,76,69,13,18,19,19,22,14,22,18,32,37,44,32,69,76,69,145
10.12.2003,Fortitudo Bologna,Montepaschi Siena,95,86,19,27,29,20,19,22,28,17,48,47,47,39,95,86,95,181
10.12.2003,Valencia,Tau Ceramica,84,71,26,24,20,14,20,14,18,19,46,38,38,33,84,71,84,155
10.12.2003,Alba Berlin,Treviso,70,86,19,17,22,23,10,18,19,28,41,40,29,46,81,75,81,156
10.12.2003,Alpella,Pau-Orthez,62,78,19,14,13,25,12,20,18,19,32,39,30,39,71,69,71,140
10.12.2003,Panathinaikos,Unicaja,91,67,21,13,26,18,20,16,24,20,47,31,44,36,78,80,78,158
04.12.2003,Unicaja,KK Krka Novo Mesto,87,77,23,30,22,18,24,16,18,13,45,48,42,29,93,71,93,164
04.12.2003,ASVEL,Valencia,86,66,17,15,20,20,21,20,28,11,37,35,49,31,72,80,72,152
04.12.2003,Montepaschi Siena,Panathinaikos,86,74,20,20,22,17,21,20,23,17,42,37,44,37,79,81,79,160
04.12.2003,Virtus Roma,Petrol Olimpija,80,79,16,20,19,24,14,17,31,18,35,44,45,35,79,80,79,159
04.12.2003,Zalgiris Kaunas,Maccabi Tel Aviv,87,91,15,16,32,23,24,26,16,26,47,39,40,52,86,92,86,178
03.12.2003,Barcelona,AEK Athens,79,62,15,16,22,19,24,12,18,15,37,35,42,27,72,69,72,141
03.12.2003,Cibona,Alpella,69,68,23,16,21,14,10,19,15,19,44,30,25,38,74,63,74,137
03.12.2003,Pau-Orthez,Partizan,81,78,23,21,18,19,15,13,25,25,41,40,40,38,81,78,81,159
03.12.2003,Tau Ceramica,Slask Wroclaw,95,75,28,29,26,20,23,17,18,9,54,49,41,26,103,67,103,170
03.12.2003,Treviso,Olympiacos,80,75,17,15,24,12,17,18,22,30,41,27,39,48,68,87,68,155
03.12.2003,Anadolu Efes SK,Alba Berlin,79,68,18,21,20,9,21,19,20,19,38,30,41,38,68,79,68,147
03.12.2003,CSKA Moscow,Fortitudo Bologna,70,71,22,22,9,10,21,19,18,20,31,32,39,39,63,78,63,141
27.11.2003,Unicaja,Zalgiris Kaunas,72,74,19,19,15,17,24,18,14,20,34,36,38,38,70,76,70,146
27.11.2003,Fortitudo Bologna,Maccabi Tel Aviv,104,111,24,25,24,20,18,24,31,28,48,45,49,52,93,101,93,194
27.11.2003,Partizan,Cibona,93,81,28,25,21,10,23,21,21,25,49,35,44,46,84,90,84,174
27.11.2003,Petrol Olimpija,Barcelona,63,69,13,20,15,17,13,11,22,21,28,37,35,32,65,67,65,132
27.11.2003,AEK Athens,Pau-Orthez,71,83,15,20,20,27,14,19,22,17,35,47,36,36,82,72,82,154
27.11.2003,Olympiacos,Anadolu Efes SK,57,69,13,16,18,21,11,16,15,16,31,37,26,32,68,58,68,126
27.11.2003,KK Krka Novo Mesto,Montepaschi Siena,86,74,26,21,18,20,15,21,27,12,44,41,42,33,85,75,85,160
26.11.2003,Treviso,ASVEL,80,59,13,7,28,7,19,14,20,31,41,14,39,45,55,84,55,139
26.11.2003,Alba Berlin,Tau Ceramica,95,89,21,28,27,18,17,17,30,26,48,46,47,43,94,90,94,184
26.11.2003,Alpella,Virtus Roma,67,63,21,20,16,11,13,15,17,17,37,31,30,32,68,62,68,130
26.11.2003,Slask Wroclaw,Valencia,85,88,22,20,19,20,24,21,20,27,41,40,44,48,81,92,81,173
26.11.2003,Panathinaikos,CSKA Moscow,58,69,22,14,14,18,14,12,8,25,36,32,22,37,68,59,68,127
20.11.2003,ASVEL,Slask Wroclaw,65,77,21,25,13,21,15,11,16,20,34,46,31,31,80,62,80,142
20.11.2003,Petrol Olimpija,Alpella,82,91,24,21,15,21,21,21,22,28,39,42,43,49,81,92,81,173
20.11.2003,Tau Ceramica,Olympiacos,92,77,21,29,20,14,26,18,25,16,41,43,51,34,84,85,84,169
20.11.2003,Virtus Roma,Partizan,63,77,25,21,13,17,12,20,13,19,38,38,25,39,76,64,76,140
20.11.2003,Maccabi Tel Aviv,Panathinaikos,97,75,23,16,22,26,25,15,27,18,45,42,52,33,87,85,87,172
20.11.2003,Zalgiris Kaunas,Fortitudo Bologna,87,77,22,17,23,29,23,20,19,11,45,46,42,31,91,73,91,164
19.11.2003,Cibona,AEK Athens,85,80,24,21,19,18,15,20,27,21,43,39,42,41,82,83,82,165
19.11.2003,Montepaschi Siena,Unicaja,80,71,19,14,27,20,17,14,17,23,46,34,34,37,80,71,80,151
19.11.2003,Pau-Orthez,Barcelona,79,83,19,16,18,26,23,15,19,26,37,42,42,41,79,83,79,162
19.11.2003,Valencia,Alba Berlin,87,72,28,20,15,17,19,18,25,17,43,37,44,35,80,79,80,159
19.11.2003,CSKA Moscow,KK Krka Novo Mesto,89,35,23,7,25,14,24,6,17,8,48,21,41,14,69,55,69,124
19.11.2003,Anadolu Efes SK,Treviso,78,89,16,25,17,21,19,21,26,22,33,46,45,43,79,88,79,167
13.11.2003,Unicaja,CSKA Moscow,62,65,10,25,21,12,15,11,16,17,31,37,31,28,68,59,68,127
13.11.2003,KK Krka Novo Mesto,Maccabi Tel Aviv,81,85,24,14,17,20,16,28,24,23,41,34,40,51,75,91,75,166
13.11.2003,Montepaschi Siena,Zalgiris Kaunas,64,56,16,18,24,16,6,7,18,15,40,34,24,22,74,46,74,120
13.11.2003,Partizan,Alpella,76,68,14,20,23,15,20,10,19,23,37,35,39,33,72,72,72,144
13.11.2003,Pau-Orthez,Petrol Olimpija,89,91,20,17,17,24,30,15,17,28,37,41,47,43,78,90,78,168
13.11.2003,AEK Athens,Virtus Roma,79,77,16,12,17,27,25,22,21,16,33,39,46,38,72,84,72,156
13.11.2003,Olympiacos,Valencia,69,77,16,18,13,15,16,13,24,31,29,33,40,44,62,84,62,146
12.11.2003,Barcelona,Cibona,77,60,18,18,20,12,15,23,24,7,38,30,39,30,68,69,68,137
12.11.2003,Treviso,Tau Ceramica,92,99,30,21,24,30,23,23,15,25,54,51,38,48,105,86,105,191
12.11.2003,Alba Berlin,Slask Wroclaw,53,67,9,15,19,12,11,30,14,10,28,27,25,40,55,65,55,120
12.11.2003,Anadolu Efes SK,ASVEL,69,44,20,11,16,7,21,14,12,12,36,18,33,26,54,59,54,113
12.11.2003,Panathinaikos,Fortitudo Bologna,78,66,10,16,25,13,23,13,20,24,35,29,43,37,64,80,64,144
06.11.2003,Cibona,Pau-Orthez,72,71,26,14,17,20,17,19,12,18,43,34,29,37,77,66,77,143
06.11.2003,Fortitudo Bologna,KK Krka Novo Mesto,97,86,23,20,33,21,17,23,24,22,56,41,41,45,97,86,97,183
06.11.2003,Petrol Olimpija,Partizan,69,67,17,16,19,14,16,20,17,17,36,30,33,37,66,70,66,136
06.11.2003,Tau Ceramica,Anadolu Efes SK,83,87,24,17,27,21,16,27,16,22,51,38,32,49,89,81,89,170
06.11.2003,Maccabi Tel Aviv,Unicaja,88,73,20,17,33,12,17,14,18,30,53,29,35,44,82,79,82,161
06.11.2003,Zalgiris Kaunas,Panathinaikos,80,74,17,20,21,16,27,18,15,20,38,36,42,38,74,80,74,154
06.11.2003,Slask Wroclaw,Olympiacos,82,80,17,15,17,17,26,26,22,22,34,32,48,48,66,96,66,162
05.11.2003,ASVEL,Alba Berlin,91,89,27,25,17,23,27,14,20,27,44,48,47,41,92,88,92,180
05.11.2003,Valencia,Treviso,89,64,18,17,26,10,25,21,20,16,44,27,45,37,71,82,71,153
05.11.2003,Alpella,AEK Athens,75,69,23,12,13,14,19,18,20,25,36,26,39,43,62,82,62,144
05.11.2003,CSKA Moscow,Montepaschi Siena,84,71,21,17,20,18,19,25,24,11,41,35,43,36,76,79,76,155
03.11.2003,Virtus Roma,Barcelona,59,61,20,16,10,12,16,18,13,15,30,28,29,33,58,62,58,120
